0.0 0
1.00006 6.3168e-05
1.00016 6.7593e-05
1.00019 7.4525e-05
1.00026 7.7455e-05
1.00028 8.3079e-05
1.00031 8.8e-05
1.00033 9.5366e-05
1.00036 9.5691e-05
1.00038 9.9035e-05
1.00041 0.000101961
1.00043 0.000107581
1.00046 0.000112499
1.00048 0.000119862
1.0005 0.000126305
1.00053 0.000135002
1.00055 0.000142606
1.00058 0.00015232
1.0006 0.00016082
1.00063 0.000171317
1.00065 0.000180502
1.00068 0.000191599
1.0007 0.000201309
1.00072 0.000212865
1.00075 0.000222976
1.00077 0.000234884
1.0008 0.000245303
1.00082 0.00025748
1.00085 0.000268135
1.00087 0.000280518
1.0009 0.000291353
1.00092 0.000303893
1.00095 0.000314866
1.00097 0.000324467
1.00099 0.000332868
1.00102 0.000340219
1.00104 0.000346651
1.00107 0.000352279
1.00109 0.000357204
1.00112 0.000361513
1.00114 0.000365283
1.00117 0.000368582
1.00119 0.000371469
1.00121 0.000373995
1.00124 0.000376205
1.00126 0.000378139
1.00129 0.000379831
1.00131 0.000381312
1.00134 0.000382608
1.00136 0.000383742
1.00139 0.000384734
1.00141 0.000385602
1.00143 0.000389421
1.00146 0.000392763
1.00148 0.000395687
1.00151 0.000398246
1.00153 0.000400485
1.00156 0.000402444
1.00158 0.000404158
1.00161 0.000405658
1.00163 0.00040697
1.00166 0.000408118
1.00168 0.000409123
1.0017 0.000410002
1.00173 0.000410771
1.00175 0.000411444
1.00178 0.000412033
1.0018 0.000412548
1.00183 0.000412999
1.00185 0.000413394
1.00188 0.000413739
1.0019 0.000414041
1.00192 0.000414305
1.00195 0.000417596
1.00197 0.000420476
1.002 0.000422996
1.00202 0.000425201
1.00205 0.00042713
1.00207 0.000428818
1.0021 0.000430295
1.00212 0.000431588
1.00214 0.000432719
1.00217 0.000433709
1.00219 0.000434575
1.00222 0.000435333
1.00224 0.000435996
1.00227 0.000436576
1.00229 0.000437084
1.00232 0.000437528
1.00234 0.000437917
1.00237 0.000438257
1.00239 0.000438554
1.00241 0.000438814
1.00244 0.000439042
1.00246 0.000442301
1.00249 0.000445153
1.00251 0.000447648
1.00254 0.000449832
1.00256 0.000451743
1.00259 0.000453415
1.00261 0.000454878
1.00263 0.000456158
1.00266 0.000457278
1.00268 0.000458258
1.00271 0.000459115
1.00273 0.000459865
1.00276 0.000460521
1.00278 0.000461095
1.00281 0.000461598
1.00283 0.000462038
1.00285 0.000462423
1.00288 0.00046276
1.0029 0.000463055
1.00293 0.000463313
1.00295 0.000463538
1.00298 0.000466795
1.003 0.000469645
1.00303 0.000472139
1.00305 0.000474321
1.00307 0.00047623
1.0031 0.000477901
1.00312 0.000479363
1.00315 0.000480642
1.00317 0.000481761
1.0032 0.00048274
1.00322 0.000483597
1.00325 0.000484347
1.00327 0.000485003
1.0033 0.000485577
1.00332 0.000486079
1.00334 0.000486519
1.00337 0.000486904
1.00339 0.000487241
1.00342 0.000487535
1.00344 0.000487793
1.00347 0.000488018
1.00349 0.000491275
1.00352 0.000494125
1.00354 0.000496619
1.00356 0.000498801
1.00359 0.00050071
1.00361 0.000502381
1.00364 0.000503843
1.00366 0.000505122
1.00369 0.000506241
1.00371 0.00050722
1.00374 0.000508077
1.00376 0.000508827
1.00378 0.000509483
1.00381 0.000510057
1.00383 0.000510559
1.00386 0.000510999
1.00388 0.000511384
1.00391 0.000511721
1.00393 0.000512015
1.00396 0.000512273
1.00398 0.000512498
1.00401 0.000515755
1.00403 0.000518605
1.00405 0.000521099
1.00408 0.000523281
1.0041 0.00052519
1.00413 0.000526861
1.00415 0.000528323
1.00418 0.000529602
1.0042 0.000530721
1.00423 0.0005317
1.00425 0.000532557
1.00427 0.000533307
1.0043 0.000533963
1.00432 0.000534537
1.00435 0.000535039
1.00437 0.000535479
1.0044 0.000535864
1.00442 0.000536201
1.00445 0.000536495
1.00447 0.000536753
1.00449 0.000536978
1.00452 0.000540235
1.00454 0.000543085
1.00457 0.000545579
1.00459 0.000547761
1.00462 0.00054967
1.00464 0.000551341
1.00467 0.000552803
1.00469 0.000554082
1.00472 0.000555201
1.00474 0.00055618
1.00476 0.000557037
1.00479 0.000557787
1.00481 0.000558443
1.00484 0.000559017
1.00486 0.000559519
1.00489 0.000559959
1.00491 0.000560344
1.00494 0.000560681
1.00496 0.000560975
1.00498 0.000561233
1.00501 0.000561458
1.00503 0.000564715
1.00506 0.000567565
1.00508 0.000570059
1.00511 0.000572241
1.00513 0.00057415
1.00516 0.000575821
1.00518 0.000577283
1.0052 0.000578562
1.00523 0.000579681
1.00525 0.00058066
1.00528 0.000581517
1.0053 0.000582267
1.00533 0.000582923
1.00535 0.000583497
1.00538 0.000583999
1.0054 0.000584439
1.00543 0.000584824
1.00545 0.000585161
1.00547 0.000585455
1.0055 0.000585713
1.00552 0.000585938
1.00555 0.000589195
1.00557 0.000592045
1.0056 0.000594539
1.00562 0.000596721
1.00565 0.00059863
1.00567 0.000600301
1.00569 0.000601763
1.00572 0.000603042
1.00574 0.000604161
1.00577 0.00060514
1.00579 0.000605997
1.00582 0.000606747
1.00584 0.000607403
1.00587 0.000607977
1.00589 0.000608479
1.00591 0.000608919
1.00594 0.000609304
1.00596 0.000609641
1.00599 0.000609935
1.00601 0.000610193
1.00604 0.000610418
1.00606 0.000613675
1.00609 0.000616525
1.00611 0.000619019
1.00613 0.000621201
1.00616 0.00062311
1.00618 0.000624781
1.00621 0.000626243
1.00623 0.000627522
1.00626 0.000628641
1.00628 0.00062962
1.00631 0.000630477
1.00633 0.000631227
1.00636 0.000631883
1.00638 0.000632457
1.0064 0.000632959
1.00643 0.000633399
1.00645 0.000633784
1.00648 0.000634121
1.0065 0.000634415
1.00653 0.000634673
1.00655 0.000634898
1.00658 0.000638155
1.0066 0.000641005
1.00662 0.000643499
1.00665 0.000645681
1.00667 0.00064759
1.0067 0.000649261
1.00672 0.000650723
1.00675 0.000652002
1.00677 0.000653121
1.0068 0.0006541
1.00682 0.000654957
1.00684 0.000655707
1.00687 0.000656363
1.00689 0.000656937
1.00692 0.000657439
1.00694 0.000657879
1.00697 0.000658264
1.00699 0.000658601
1.00702 0.000658895
1.00704 0.000659153
1.00707 0.000659378
1.00709 0.000662635
1.00711 0.000665485
1.00714 0.000667979
1.00716 0.000670161
1.00719 0.00067207
1.00721 0.000673741
1.00724 0.000675203
1.00726 0.000676482
1.00729 0.000677601
1.00731 0.00067858
1.00733 0.000679437
1.00736 0.000680187
1.00738 0.000680843
1.00741 0.000681417
1.00743 0.000681919
1.00746 0.000682359
1.00748 0.000682744
1.00751 0.000683081
1.00753 0.000683375
1.00755 0.000683633
1.00758 0.000683858
1.0076 0.000687115
1.00763 0.000689965
1.00765 0.000692459
1.00768 0.000694641
1.0077 0.00069655
1.00773 0.000698221
1.00775 0.000699683
1.00778 0.000700962
1.0078 0.000702081
1.00782 0.00070306
1.00785 0.000703917
1.00787 0.000704667
1.0079 0.000705323
1.00792 0.000705897
1.00795 0.000706399
1.00797 0.000706839
1.008 0.000707224
1.00802 0.000707561
1.00804 0.000707855
1.00807 0.000708113
1.00809 0.000708338
1.00812 0.000711595
1.00814 0.000714445
1.00817 0.000716939
1.00819 0.000719121
1.00822 0.00072103
1.00824 0.000722701
1.00826 0.000724163
1.00829 0.000725442
1.00831 0.000726561
1.00834 0.00072754
1.00836 0.000728397
1.00839 0.000729147
1.00841 0.000729803
1.00844 0.000730377
1.00846 0.000730879
1.00849 0.000731319
1.00851 0.000731704
1.00853 0.000732041
1.00856 0.000732335
1.00858 0.000732593
1.00861 0.000732818
1.00863 0.000736075
1.00866 0.000738925
1.00868 0.000741419
1.00871 0.000743601
1.00873 0.00074551
1.00875 0.000747181
1.00878 0.000748643
1.0088 0.000749922
1.00883 0.000751041
1.00885 0.00075202
1.00888 0.000752877
1.0089 0.000753627
1.00893 0.000754283
1.00895 0.000754857
1.00897 0.000755359
1.009 0.000755799
1.00902 0.000756184
1.00905 0.000756521
1.00907 0.000756815
1.0091 0.000757073
1.00912 0.000757298
1.00915 0.000760555
1.00917 0.000763405
1.00919 0.000765899
1.00922 0.000768081
1.00924 0.00076999
1.00927 0.000771661
1.00929 0.000773123
1.00932 0.000774402
1.00934 0.000775521
1.00937 0.0007765
1.00939 0.000777357
1.00942 0.000778107
1.00944 0.000778763
1.00946 0.000779337
1.00949 0.000779839
1.00951 0.000780279
1.00954 0.000780664
1.00956 0.000781001
1.00959 0.000781295
1.00961 0.000781553
1.00964 0.000781778
1.00966 0.000785035
1.00968 0.000787885
1.00971 0.000790379
1.00973 0.000792561
1.00976 0.00079447
1.00978 0.000796141
1.00981 0.000797603
1.00983 0.000798882
1.00986 0.000800001
1.00988 0.00080098
1.0099 0.000801837
1.00993 0.000802587
1.00995 0.000803243
1.00998 0.000803817
1.01 0.000804319
1.01003 0.000804759
1.01005 0.000805144
1.01008 0.000805481
1.0101 0.000805775
1.01013 0.000806033
1.01015 0.000806258
1.01017 0.000809515
1.0102 0.000812365
1.01022 0.000814859
1.01025 0.000817041
1.01027 0.00081895
1.0103 0.000820621
1.01032 0.000822083
1.01035 0.000823362
1.01037 0.000824481
1.01039 0.00082546
1.01042 0.000826317
1.01044 0.000827067
1.01047 0.000827723
1.01049 0.000828297
1.01052 0.000828799
1.01054 0.000829239
1.01057 0.000829624
1.01059 0.000829961
1.01061 0.000830255
1.01064 0.000830513
1.01066 0.000830738
1.01069 0.000833995
1.01071 0.000836845
1.01074 0.000839339
1.01076 0.000841521
1.01079 0.00084343
1.01081 0.000845101
1.01084 0.000846563
1.01086 0.000847842
1.01088 0.000848961
1.01091 0.00084994
1.01093 0.000850797
1.01096 0.000851547
1.01098 0.000852203
1.01101 0.000852777
1.01103 0.000853279
1.01106 0.000853719
1.01108 0.000854104
1.0111 0.000854441
1.01113 0.000854735
1.01115 0.000854993
1.01118 0.000855218
1.0112 0.000858475
1.01123 0.000861325
1.01125 0.000863819
1.01128 0.000866001
1.0113 0.00086791
1.01132 0.000869581
1.01135 0.000871043
1.01137 0.000872322
1.0114 0.000873441
1.01142 0.00087442
1.01145 0.000875277
1.01147 0.000876027
1.0115 0.000876683
1.01152 0.000877257
1.01155 0.000877759
1.01157 0.000878199
1.01159 0.000878584
1.01162 0.000878921
1.01164 0.000879215
1.01167 0.000879473
1.01169 0.000879698
1.01172 0.000882955
1.01174 0.000885805
1.01177 0.000888299
1.01179 0.000890481
1.01181 0.00089239
1.01184 0.000894061
1.01186 0.000895523
1.01189 0.000896802
1.01191 0.000897921
1.01194 0.0008989
1.01196 0.000899757
1.01199 0.000900507
1.01201 0.000901163
1.01203 0.000901737
1.01206 0.000902239
1.01208 0.000902679
1.01211 0.000903064
1.01213 0.000903401
1.01216 0.000903695
1.01218 0.000903953
1.01221 0.000904178
1.01223 0.000907435
1.01225 0.000910285
1.01228 0.000912779
1.0123 0.000914961
1.01233 0.00091687
1.01235 0.000918541
1.01238 0.000920003
1.0124 0.000921282
1.01243 0.000922401
1.01245 0.00092338
1.01248 0.000924237
1.0125 0.000924987
1.01252 0.000925643
1.01255 0.000926217
1.01257 0.000926719
1.0126 0.000927159
1.01262 0.000927544
1.01265 0.000927881
1.01267 0.000928175
1.0127 0.000928433
1.01272 0.000928658
1.01274 0.000931915
1.01277 0.000934765
1.01279 0.000937259
1.01282 0.000939441
1.01284 0.00094135
1.01287 0.000943021
1.01289 0.000944483
1.01292 0.000945762
1.01294 0.000946881
1.01296 0.00094786
1.01299 0.000948717
1.01301 0.000949467
1.01304 0.000950123
1.01306 0.000950697
1.01309 0.000951199
1.01311 0.000951639
1.01314 0.000952024
1.01316 0.000952361
1.01319 0.000952655
1.01321 0.000952913
1.01323 0.000953138
1.01326 0.000956395
1.01328 0.000959245
1.01331 0.000961739
1.01333 0.000963921
1.01336 0.00096583
1.01338 0.000967501
1.01341 0.000968963
1.01343 0.000970242
1.01345 0.000971361
1.01348 0.00097234
1.0135 0.000973197
1.01353 0.000973947
1.01355 0.000974603
1.01358 0.000975177
1.0136 0.000975679
1.01363 0.000976119
1.01365 0.000976504
1.01367 0.000976841
1.0137 0.000977135
1.01372 0.000977393
1.01375 0.000977618
1.01377 0.000980875
1.0138 0.000983725
1.01382 0.000986219
1.01385 0.000988401
1.01387 0.00099031
1.0139 0.000991981
1.01392 0.000993443
1.01394 0.000994722
1.01397 0.000995841
1.01399 0.00099682
1.01402 0.000997677
1.01404 0.000998427
1.01407 0.000999083
1.01409 0.000999657
1.01412 0.00100016
1.01414 0.0010006
1.01416 0.00100098
1.01419 0.00100132
1.01421 0.00100161
1.01424 0.00100187
1.01426 0.0010021
1.01429 0.00100535
1.01431 0.0010082
1.01434 0.0010107
1.01436 0.00101288
1.01438 0.00101479
1.01441 0.00101646
1.01443 0.00101792
1.01446 0.0010192
1.01448 0.00102032
1.01451 0.0010213
1.01453 0.00102216
1.01456 0.00102291
1.01458 0.00102356
1.01461 0.00102414
1.01463 0.00102464
1.01465 0.00102508
1.01468 0.00102546
1.0147 0.0010258
1.01473 0.00102609
1.01475 0.00102635
1.01478 0.00102658
1.0148 0.00102983
1.01483 0.00103268
1.01485 0.00103518
1.01487 0.00103736
1.0149 0.00103927
1.01492 0.00104094
1.01495 0.0010424
1.01497 0.00104368
1.015 0.0010448
1.01502 0.00104578
1.01505 0.00104664
1.01507 0.00104739
1.01509 0.00104804
1.01512 0.00104862
1.01514 0.00104912
1.01517 0.00104956
1.01519 0.00104994
1.01522 0.00105028
1.01524 0.00105057
1.01527 0.00105083
1.01529 0.00105106
1.01531 0.00105431
1.01534 0.00105717
1.01536 0.00105966
1.01539 0.00106184
1.01541 0.00106375
1.01544 0.00106542
1.01546 0.00106688
1.01549 0.00106816
1.01551 0.00106928
1.01554 0.00107026
1.01556 0.00107112
1.01558 0.00107187
1.01561 0.00107252
1.01563 0.0010731
1.01566 0.0010736
1.01568 0.00107404
1.01571 0.00107442
1.01573 0.00107476
1.01576 0.00107506
1.01578 0.00107531
1.0158 0.00107554
1.01583 0.0010788
1.01585 0.00108165
1.01588 0.00108414
1.0159 0.00108632
1.01593 0.00108823
1.01595 0.0010899
1.01598 0.00109136
1.016 0.00109264
1.01602 0.00109376
1.01605 0.00109474
1.01607 0.0010956
1.0161 0.00109635
1.01612 0.001097
1.01615 0.00109758
1.01617 0.00109808
1.0162 0.00109852
1.01622 0.0010989
1.01625 0.00109924
1.01627 0.00109954
1.01629 0.00109979
1.01632 0.00110002
1.01634 0.00110327
1.01637 0.00110612
1.01639 0.00110862
1.01642 0.0011108
1.01644 0.00111271
1.01647 0.00111438
1.01649 0.00111584
1.01651 0.00111712
1.01654 0.00111824
1.01656 0.00111922
1.01659 0.00112008
1.01661 0.00112083
1.01664 0.00112148
1.01666 0.00112206
1.01669 0.00112256
1.01671 0.001123
1.01673 0.00112338
1.01676 0.00112372
1.01678 0.00112401
1.01681 0.00112427
1.01683 0.0011245
1.01686 0.00112776
1.01688 0.00113061
1.01691 0.0011331
1.01693 0.00113528
1.01696 0.00113719
1.01698 0.00113886
1.017 0.00114032
1.01703 0.0011416
1.01705 0.00114272
1.01708 0.0011437
1.0171 0.00114456
1.01713 0.00114531
1.01715 0.00114596
1.01718 0.00114654
1.0172 0.00114704
1.01722 0.00114748
1.01725 0.00114786
1.01727 0.0011482
1.0173 0.0011485
1.01732 0.00114875
1.01735 0.00114898
1.01737 0.00115223
1.0174 0.00115508
1.01742 0.00115758
1.01744 0.00115976
1.01747 0.00116167
1.01749 0.00116334
1.01752 0.0011648
1.01754 0.00116608
1.01757 0.0011672
1.01759 0.00116818
1.01762 0.00116904
1.01764 0.00116979
1.01767 0.00117044
1.01769 0.00117102
1.01771 0.00117152
1.01774 0.00117196
1.01776 0.00117234
1.01779 0.00117268
1.01781 0.00117297
1.01784 0.00117323
1.01786 0.00117346
1.01789 0.00117672
1.01791 0.00117957
1.01793 0.00118206
1.01796 0.00118424
1.01798 0.00118615
1.01801 0.00118782
1.01803 0.00118928
1.01806 0.00119056
1.01808 0.00119168
1.01811 0.00119266
1.01813 0.00119352
1.01815 0.00119427
1.01818 0.00119492
1.0182 0.0011955
1.01823 0.001196
1.01825 0.00119644
1.01828 0.00119682
1.0183 0.00119716
1.01833 0.00119746
1.01835 0.00119771
1.01837 0.00119794
1.0184 0.00120119
1.01842 0.00120404
1.01845 0.00120654
1.01847 0.00120872
1.0185 0.00121063
1.01852 0.0012123
1.01855 0.00121376
1.01857 0.00121504
1.0186 0.00121616
1.01862 0.00121714
1.01864 0.001218
1.01867 0.00121875
1.01869 0.0012194
1.01872 0.00121998
1.01874 0.00122048
1.01877 0.00122092
1.01879 0.0012213
1.01882 0.00122164
1.01884 0.00122193
1.01886 0.00122219
1.01889 0.00122242
1.01891 0.00122567
1.01894 0.00122852
1.01896 0.00123102
1.01899 0.0012332
1.01901 0.00123511
1.01904 0.00123678
1.01906 0.00123824
1.01908 0.00123952
1.01911 0.00124064
1.01913 0.00124162
1.01916 0.00124248
1.01918 0.00124323
1.01921 0.00124388
1.01923 0.00124446
1.01926 0.00124496
1.01928 0.0012454
1.01931 0.00124578
1.01933 0.00124612
1.01935 0.00124641
1.01938 0.00124667
1.0194 0.0012469
1.01943 0.00125015
1.01945 0.001253
1.01948 0.0012555
1.0195 0.00125768
1.01953 0.00125959
1.01955 0.00126126
1.01957 0.00126272
1.0196 0.001264
1.01962 0.00126512
1.01965 0.0012661
1.01967 0.00126696
1.0197 0.00126771
1.01972 0.00126836
1.01975 0.00126894
1.01977 0.00126944
1.01979 0.00126988
1.01982 0.00127026
1.01984 0.0012706
1.01987 0.00127089
1.01989 0.00127115
1.01992 0.00127138
1.01994 0.00127464
1.01997 0.00127749
1.01999 0.00127998
1.02002 0.00128216
1.02004 0.00128407
1.02006 0.00128574
1.02009 0.0012872
1.02011 0.00128848
1.02014 0.0012896
1.02016 0.00129058
1.02019 0.00129144
1.02021 0.00129219
1.02024 0.00129284
1.02026 0.00129342
1.02028 0.00129392
1.02031 0.00129436
1.02033 0.00129474
1.02036 0.00129508
1.02038 0.00129538
1.02041 0.00129563
1.02043 0.00129586
1.02046 0.00129911
1.02048 0.00130196
1.0205 0.00130446
1.02053 0.00130664
1.02055 0.00130855
1.02058 0.00131022
1.0206 0.00131168
1.02063 0.00131296
1.02065 0.00131408
1.02068 0.00131506
1.0207 0.00131592
1.02073 0.00131667
1.02075 0.00131732
1.02077 0.0013179
1.0208 0.0013184
1.02082 0.00131884
1.02085 0.00131922
1.02087 0.00131956
1.0209 0.00131985
1.02092 0.00132011
1.02095 0.00132034
1.02097 0.00132359
1.02099 0.00132644
1.02102 0.00132894
1.02104 0.00133112
1.02107 0.00133303
1.02109 0.0013347
1.02112 0.00133616
1.02114 0.00133744
1.02117 0.00133856
1.02119 0.00133954
1.02121 0.0013404
1.02124 0.00134115
1.02126 0.0013418
1.02129 0.00134238
1.02131 0.00134288
1.02134 0.00134332
1.02136 0.0013437
1.02139 0.00134404
1.02141 0.00134433
1.02143 0.00134459
1.02146 0.00134482
1.02148 0.00134808
1.02151 0.00135092
1.02153 0.00135342
1.02156 0.0013556
1.02158 0.00135751
1.02161 0.00135918
1.02163 0.00136064
1.02166 0.00136192
1.02168 0.00136304
1.0217 0.00136402
1.02173 0.00136488
1.02175 0.00136563
1.02178 0.00136628
1.0218 0.00136686
1.02183 0.00136736
1.02185 0.0013678
1.02188 0.00136818
1.0219 0.00136852
1.02192 0.00136882
1.02195 0.00136907
1.02197 0.0013693
1.022 0.00137255
1.02202 0.0013754
1.02205 0.0013779
1.02207 0.00138008
1.0221 0.00138199
1.02212 0.00138366
1.02214 0.00138512
1.02217 0.0013864
1.02219 0.00138752
1.02222 0.0013885
1.02224 0.00138936
1.02227 0.00139011
1.02229 0.00139076
1.02232 0.00139134
1.02234 0.00139184
1.02237 0.00139228
1.02239 0.00139266
1.02241 0.001393
1.02244 0.00139329
1.02246 0.00139355
1.02249 0.00139378
1.02251 0.00139704
1.02254 0.00139989
1.02256 0.00140238
1.02259 0.00140456
1.02261 0.00140647
1.02263 0.00140814
1.02266 0.0014096
1.02268 0.00141088
1.02271 0.001412
1.02273 0.00141298
1.02276 0.00141384
1.02278 0.00141459
1.02281 0.00141524
1.02283 0.00141582
1.02285 0.00141632
1.02288 0.00141676
1.0229 0.00141714
1.02293 0.00141748
1.02295 0.00141778
1.02298 0.00141803
1.023 0.00141826
1.02303 0.00142151
1.02305 0.00142436
1.02308 0.00142686
1.0231 0.00142904
1.02312 0.00143095
1.02315 0.00143262
1.02317 0.00143408
1.0232 0.00143536
1.02322 0.00143648
1.02325 0.00143746
1.02327 0.00143832
1.0233 0.00143907
1.02332 0.00143972
1.02334 0.0014403
1.02337 0.0014408
1.02339 0.00144124
1.02342 0.00144162
1.02344 0.00144196
1.02347 0.00144225
1.02349 0.00144251
1.02352 0.00144274
1.02354 0.001446
1.02356 0.00144885
1.02359 0.00145134
1.02361 0.00145352
1.02364 0.00145543
1.02366 0.0014571
1.02369 0.00145856
1.02371 0.00145984
1.02374 0.00146096
1.02376 0.00146194
1.02379 0.0014628
1.02381 0.00146355
1.02383 0.0014642
1.02386 0.00146478
1.02388 0.00146528
1.02391 0.00146572
1.02393 0.0014661
1.02396 0.00146644
1.02398 0.00146674
1.02401 0.00146699
1.02403 0.00146722
1.02405 0.00147047
1.02408 0.00147332
1.0241 0.00147582
1.02413 0.001478
1.02415 0.00147991
1.02418 0.00148158
1.0242 0.00148304
1.02423 0.00148432
1.02425 0.00148544
1.02427 0.00148642
1.0243 0.00148728
1.02432 0.00148803
1.02435 0.00148868
1.02437 0.00148926
1.0244 0.00148976
1.02442 0.0014902
1.02445 0.00149058
1.02447 0.00149092
1.02449 0.00149121
1.02452 0.00149147
1.02454 0.0014917
1.02457 0.00149496
1.02459 0.00149781
1.02462 0.0015003
1.02464 0.00150248
1.02467 0.00150439
1.02469 0.00150606
1.02472 0.00150752
1.02474 0.0015088
1.02476 0.00150992
1.02479 0.0015109
1.02481 0.00151176
1.02484 0.00151251
1.02486 0.00151316
1.02489 0.00151374
1.02491 0.00151424
1.02494 0.00151468
1.02496 0.00151506
1.02498 0.0015154
1.02501 0.0015157
1.02503 0.00151595
1.02506 0.00151618
1.02508 0.00151943
1.02511 0.00152228
1.02513 0.00152478
1.02516 0.00152696
1.02518 0.00152887
1.0252 0.00153054
1.02523 0.001532
1.02525 0.00153328
1.02528 0.0015344
1.0253 0.00153538
1.02533 0.00153624
1.02535 0.00153699
1.02538 0.00153764
1.0254 0.00153822
1.02543 0.00153872
1.02545 0.00153916
1.02547 0.00153954
1.0255 0.00153988
1.02552 0.00154017
1.02555 0.00154043
1.02557 0.00154066
1.0256 0.00154391
1.02562 0.00154676
1.02565 0.00154926
1.02567 0.00155144
1.02569 0.00155335
1.02572 0.00155502
1.02574 0.00155648
1.02577 0.00155776
1.02579 0.00155888
1.02582 0.00155986
1.02584 0.00156072
1.02587 0.00156147
1.02589 0.00156212
1.02591 0.0015627
1.02594 0.0015632
1.02596 0.00156364
1.02599 0.00156402
1.02601 0.00156436
1.02604 0.00156465
1.02606 0.00156491
1.02609 0.00156514
1.02611 0.00156839
1.02614 0.00157124
1.02616 0.00157374
1.02618 0.00157592
1.02621 0.00157783
1.02623 0.0015795
1.02626 0.00158096
1.02628 0.00158224
1.02631 0.00158336
1.02633 0.00158434
1.02636 0.0015852
1.02638 0.00158595
1.0264 0.0015866
1.02643 0.00158718
1.02645 0.00158768
1.02648 0.00158812
1.0265 0.0015885
1.02653 0.00158884
1.02655 0.00158913
1.02658 0.00158939
1.0266 0.00158962
1.02662 0.00159288
1.02665 0.00159573
1.02667 0.00159822
1.0267 0.0016004
1.02672 0.00160231
1.02675 0.00160398
1.02677 0.00160544
1.0268 0.00160672
1.02682 0.00160784
1.02685 0.00160882
1.02687 0.00160968
1.02689 0.00161043
1.02692 0.00161108
1.02694 0.00161166
1.02697 0.00161216
1.02699 0.0016126
1.02702 0.00161298
1.02704 0.00161332
1.02707 0.00161362
1.02709 0.00161387
1.02711 0.0016141
1.02714 0.00161736
1.02716 0.0016202
1.02719 0.0016227
1.02721 0.00162488
1.02724 0.00162679
1.02726 0.00162846
1.02729 0.00162992
1.02731 0.0016312
1.02733 0.00163232
1.02736 0.0016333
1.02738 0.00163416
1.02741 0.00163491
1.02743 0.00163556
1.02746 0.00163614
1.02748 0.00163664
1.02751 0.00163708
1.02753 0.00163746
1.02755 0.0016378
1.02758 0.0016381
1.0276 0.00163835
1.02763 0.00163858
1.02765 0.00164183
1.02768 0.00164468
1.0277 0.00164718
1.02773 0.00164936
1.02775 0.00165127
1.02778 0.00165294
1.0278 0.0016544
1.02782 0.00165568
1.02785 0.0016568
1.02787 0.00165778
1.0279 0.00165864
1.02792 0.00165939
1.02795 0.00166004
1.02797 0.00166062
1.028 0.00166112
1.02802 0.00166156
1.02804 0.00166194
1.02807 0.00166228
1.02809 0.00166257
1.02812 0.00166283
1.02814 0.00166306
1.02817 0.00166632
1.02819 0.00166917
1.02822 0.00167166
1.02824 0.00167384
1.02826 0.00167575
1.02829 0.00167742
1.02831 0.00167888
1.02834 0.00168016
1.02836 0.00168128
1.02839 0.00168226
1.02841 0.00168312
1.02844 0.00168387
1.02846 0.00168452
1.02849 0.0016851
1.02851 0.0016856
1.02853 0.00168604
1.02856 0.00168642
1.02858 0.00168676
1.02861 0.00168706
1.02863 0.00168731
1.02866 0.00168754
1.02868 0.00169079
1.02871 0.00169364
1.02873 0.00169614
1.02875 0.00169832
1.02878 0.00170023
1.0288 0.0017019
1.02883 0.00170336
1.02885 0.00170464
1.02888 0.00170576
1.0289 0.00170674
1.02893 0.0017076
1.02895 0.00170835
1.02897 0.001709
1.029 0.00170958
1.02902 0.00171008
1.02905 0.00171052
1.02907 0.0017109
1.0291 0.00171124
1.02912 0.00171153
1.02915 0.00171179
1.02917 0.00171202
1.0292 0.00171528
1.02922 0.00171813
1.02924 0.00172062
1.02927 0.0017228
1.02929 0.00172471
1.02932 0.00172638
1.02934 0.00172784
1.02937 0.00172912
1.02939 0.00173024
1.02942 0.00173122
1.02944 0.00173208
1.02946 0.00173283
1.02949 0.00173348
1.02951 0.00173406
1.02954 0.00173456
1.02956 0.001735
1.02959 0.00173538
1.02961 0.00173572
1.02964 0.00173602
1.02966 0.00173627
1.02968 0.0017365
1.02971 0.00173975
1.02973 0.0017426
1.02976 0.0017451
1.02978 0.00174728
1.02981 0.00174919
1.02983 0.00175086
1.02986 0.00175232
1.02988 0.0017536
1.02991 0.00175472
1.02993 0.0017557
1.02995 0.00175656
1.02998 0.00175731
1.03 0.00175796
1.03003 0.00175854
1.03005 0.00175904
1.03008 0.00175948
1.0301 0.00175986
1.03013 0.0017602
1.03015 0.00176049
1.03017 0.00176075
1.0302 0.00176098
1.03022 0.00176423
1.03025 0.00176709
1.03027 0.00176958
1.0303 0.00177176
1.03032 0.00177367
1.03035 0.00177534
1.03037 0.0017768
1.03039 0.00177808
1.03042 0.0017792
1.03044 0.00178018
1.03047 0.00178104
1.03049 0.00178179
1.03052 0.00178244
1.03054 0.00178302
1.03057 0.00178352
1.03059 0.00178396
1.03061 0.00178434
1.03064 0.00178468
1.03066 0.00178497
1.03069 0.00178523
1.03071 0.00178546
1.03074 0.00178871
1.03076 0.00179156
1.03079 0.00179406
1.03081 0.00179624
1.03084 0.00179815
1.03086 0.00179982
1.03088 0.00180128
1.03091 0.00180256
1.03093 0.00180368
1.03096 0.00180466
1.03098 0.00180552
1.03101 0.00180627
1.03103 0.00180692
1.03106 0.0018075
1.03108 0.001808
1.0311 0.00180844
1.03113 0.00180882
1.03115 0.00180916
1.03118 0.00180945
1.0312 0.00180971
1.03123 0.00180994
1.03125 0.0018132
1.03128 0.00181605
1.0313 0.00181854
1.03132 0.00182072
1.03135 0.00182263
1.03137 0.0018243
1.0314 0.00182576
1.03142 0.00182704
1.03145 0.00182816
1.03147 0.00182914
1.0315 0.00183
1.03152 0.00183075
1.03155 0.0018314
1.03157 0.00183198
1.03159 0.00183248
1.03162 0.00183292
1.03164 0.0018333
1.03167 0.00183364
1.03169 0.00183394
1.03172 0.00183419
1.03174 0.00183442
1.03177 0.00183767
1.03179 0.00184052
1.03181 0.00184302
1.03184 0.0018452
1.03186 0.00184711
1.03189 0.00184878
1.03191 0.00185024
1.03194 0.00185152
1.03196 0.00185264
1.03199 0.00185362
1.03201 0.00185448
1.03203 0.00185523
1.03206 0.00185588
1.03208 0.00185646
1.03211 0.00185696
1.03213 0.0018574
1.03216 0.00185778
1.03218 0.00185812
1.03221 0.00185841
1.03223 0.00185867
1.03226 0.0018589
1.03228 0.00186215
1.0323 0.001865
1.03233 0.0018675
1.03235 0.00186968
1.03238 0.00187159
1.0324 0.00187326
1.03243 0.00187472
1.03245 0.001876
1.03248 0.00187712
1.0325 0.0018781
1.03252 0.00187896
1.03255 0.00187971
1.03257 0.00188036
1.0326 0.00188094
1.03262 0.00188144
1.03265 0.00188188
1.03267 0.00188226
1.0327 0.0018826
1.03272 0.00188289
1.03274 0.00188315
1.03277 0.00188338
1.03279 0.00188664
1.03282 0.00188948
1.03284 0.00189198
1.03287 0.00189416
1.03289 0.00189607
1.03292 0.00189774
1.03294 0.0018992
1.03297 0.00190048
1.03299 0.0019016
1.03301 0.00190258
1.03304 0.00190344
1.03306 0.00190419
1.03309 0.00190484
1.03311 0.00190542
1.03314 0.00190592
1.03316 0.00190636
1.03319 0.00190674
1.03321 0.00190708
1.03323 0.00190737
1.03326 0.00190763
1.03328 0.00190786
1.03331 0.00191111
1.03333 0.00191396
1.03336 0.00191646
1.03338 0.00191864
1.03341 0.00192055
1.03343 0.00192222
1.03345 0.00192368
1.03348 0.00192496
1.0335 0.00192608
1.03353 0.00192706
1.03355 0.00192792
1.03358 0.00192867
1.0336 0.00192932
1.03363 0.0019299
1.03365 0.0019304
1.03367 0.00193084
1.0337 0.00193122
1.03372 0.00193156
1.03375 0.00193185
1.03377 0.00193211
1.0338 0.00193234
1.03382 0.0019356
1.03385 0.00193845
1.03387 0.00194094
1.0339 0.00194312
1.03392 0.00194503
1.03394 0.0019467
1.03397 0.00194816
1.03399 0.00194944
1.03402 0.00195056
1.03404 0.00195154
1.03407 0.0019524
1.03409 0.00195315
1.03412 0.0019538
1.03414 0.00195438
1.03416 0.00195488
1.03419 0.00195532
1.03421 0.0019557
1.03424 0.00195604
1.03426 0.00195634
1.03429 0.00195659
1.03431 0.00195682
1.03434 0.00196007
1.03436 0.00196292
1.03438 0.00196542
1.03441 0.0019676
1.03443 0.00196951
1.03446 0.00197118
1.03448 0.00197264
1.03451 0.00197392
1.03453 0.00197504
1.03456 0.00197602
1.03458 0.00197688
1.03461 0.00197763
1.03463 0.00197828
1.03465 0.00197886
1.03468 0.00197936
1.0347 0.0019798
1.03473 0.00198018
1.03475 0.00198052
1.03478 0.00198081
1.0348 0.00198107
1.03483 0.0019813
1.03485 0.00198455
1.03487 0.0019874
1.0349 0.0019899
1.03492 0.00199208
1.03495 0.00199399
1.03497 0.00199566
1.035 0.00199712
1.03502 0.0019984
1.03505 0.00199952
1.03507 0.0020005
1.03509 0.00200136
1.03512 0.00200211
1.03514 0.00200276
1.03517 0.00200334
1.03519 0.00200384
1.03522 0.00200428
1.03524 0.00200466
1.03527 0.002005
1.03529 0.00200529
1.03532 0.00200555
1.03534 0.00200578
1.03536 0.00200904
1.03539 0.00201189
1.03541 0.00201438
1.03544 0.00201656
1.03546 0.00201847
1.03549 0.00202014
1.03551 0.0020216
1.03554 0.00202288
1.03556 0.002024
1.03558 0.00202498
1.03561 0.00202584
1.03563 0.00202659
1.03566 0.00202724
1.03568 0.00202782
1.03571 0.00202832
1.03573 0.00202876
1.03576 0.00202914
1.03578 0.00202948
1.0358 0.00202978
1.03583 0.00203003
1.03585 0.00203026
1.03588 0.00203352
1.0359 0.00203637
1.03593 0.00203886
1.03595 0.00204104
1.03598 0.00204295
1.036 0.00204462
1.03603 0.00204608
1.03605 0.00204736
1.03607 0.00204848
1.0361 0.00204946
1.03612 0.00205032
1.03615 0.00205107
1.03617 0.00205172
1.0362 0.0020523
1.03622 0.0020528
1.03625 0.00205324
1.03627 0.00205362
1.03629 0.00205396
1.03632 0.00205426
1.03634 0.00205451
1.03637 0.00205474
1.03639 0.00205799
1.03642 0.00206084
1.03644 0.00206334
1.03647 0.00206552
1.03649 0.00206743
1.03651 0.0020691
1.03654 0.00207056
1.03656 0.00207184
1.03659 0.00207296
1.03661 0.00207394
1.03664 0.0020748
1.03666 0.00207555
1.03669 0.0020762
1.03671 0.00207678
1.03673 0.00207728
1.03676 0.00207772
1.03678 0.0020781
1.03681 0.00207844
1.03683 0.00207873
1.03686 0.00207899
1.03688 0.00207922
1.03691 0.00208247
1.03693 0.00208532
1.03696 0.00208782
1.03698 0.00209
1.037 0.00209191
1.03703 0.00209358
1.03705 0.00209504
1.03708 0.00209632
1.0371 0.00209744
1.03713 0.00209842
1.03715 0.00209928
1.03718 0.00210003
1.0372 0.00210068
1.03722 0.00210126
1.03725 0.00210176
1.03727 0.0021022
1.0373 0.00210258
1.03732 0.00210292
1.03735 0.00210321
1.03737 0.00210347
1.0374 0.0021037
1.03742 0.00210695
1.03744 0.00210981
1.03747 0.0021123
1.03749 0.00211448
1.03752 0.00211639
1.03754 0.00211806
1.03757 0.00211952
1.03759 0.0021208
1.03762 0.00212192
1.03764 0.0021229
1.03767 0.00212376
1.03769 0.00212451
1.03771 0.00212516
1.03774 0.00212574
1.03776 0.00212624
1.03779 0.00212668
1.03781 0.00212706
1.03784 0.0021274
1.03786 0.00212769
1.03789 0.00212795
1.03791 0.00212818
1.03793 0.00213144
1.03796 0.00213429
1.03798 0.00213678
1.03801 0.00213896
1.03803 0.00214087
1.03806 0.00214254
1.03808 0.002144
1.03811 0.00214528
1.03813 0.0021464
1.03815 0.00214738
1.03818 0.00214824
1.0382 0.00214899
1.03823 0.00214964
1.03825 0.00215022
1.03828 0.00215072
1.0383 0.00215116
1.03833 0.00215154
1.03835 0.00215188
1.03838 0.00215218
1.0384 0.00215243
1.03842 0.00215266
1.03845 0.00215592
1.03847 0.00215876
1.0385 0.00216126
1.03852 0.00216344
1.03855 0.00216535
1.03857 0.00216702
1.0386 0.00216848
1.03862 0.00216976
1.03864 0.00217088
1.03867 0.00217186
1.03869 0.00217272
1.03872 0.00217347
1.03874 0.00217412
1.03877 0.0021747
1.03879 0.0021752
1.03882 0.00217564
1.03884 0.00217602
1.03886 0.00217636
1.03889 0.00217665
1.03891 0.00217691
1.03894 0.00217714
1.03896 0.00217733
1.03899 0.00217751
1.03901 0.00217766
1.03904 0.00217779
1.03906 0.00217791
1.03909 0.00217801
1.03911 0.0021781
1.03913 0.00217817
1.03916 0.00217824
1.03918 0.0021783
1.03921 0.00217835
1.03923 0.0021784
1.03926 0.00217844
1.03928 0.00217847
1.03931 0.0021785
1.03933 0.00217853
1.03935 0.00217855
1.03938 0.00217857
1.0394 0.00217859
1.03943 0.00217861
1.03945 0.00217862
1.03948 0.00217863
1.0395 0.00217864
1.03953 0.00217865
1.03955 0.00217866
1.03957 0.00217867
1.0396 0.00217867
1.03962 0.00217868
1.03965 0.00217868
1.03967 0.00217869
1.0397 0.00217869
1.03972 0.00217869
1.03975 0.0021787
1.03977 0.0021787
1.03979 0.0021787
1.03982 0.0021787
1.03984 0.0021787
1.03987 0.00217871
1.03989 0.00217871
1.03992 0.00217871
1.03994 0.00217871
1.03997 0.00217871
1.03999 0.00217871
1.04002 0.00217871
1.04004 0.00217871
1.1022 0.00218213
1.10222 0.00218513
1.10225 0.00218775
1.10227 0.00219004
1.1023 0.00219204
1.10232 0.0021938
1.10234 0.00219533
1.10237 0.00219667
1.10239 0.00219785
1.10242 0.00219888
1.10244 0.00219978
1.10247 0.00220056
1.10249 0.00220125
1.10252 0.00220186
1.10254 0.00220238
1.10256 0.00220285
1.10259 0.00220325
1.10261 0.0022036
1.10264 0.00220391
1.10266 0.00220418
1.10269 0.00220442
1.10271 0.00220463
1.10274 0.00220481
1.10276 0.00220497
1.10278 0.00220511
1.10281 0.00220523
1.10283 0.00220533
1.10286 0.00220543
1.10288 0.00220551
1.10291 0.00220558
1.10293 0.00220564
1.10296 0.0022057
1.10298 0.00220574
1.10301 0.00220579
1.10303 0.00220582
1.10305 0.00220585
1.10308 0.00220588
1.1031 0.00220591
1.10313 0.00220593
1.10315 0.00220594
1.10318 0.00220596
1.1032 0.00220597
1.10323 0.00220599
1.10325 0.002206
1.10327 0.00220601
1.1033 0.00220602
1.10332 0.00220602
1.10335 0.00220603
1.10337 0.00220604
1.1034 0.00220604
1.10342 0.00220605
1.10345 0.00220605
1.10347 0.00220605
1.10349 0.00220606
1.10352 0.00220606
1.10354 0.00220606
1.10357 0.00220606
1.10359 0.00220607
1.10362 0.00220607
1.10364 0.00220607
1.10367 0.00220607
1.10369 0.00220607
1.10372 0.00220607
1.10374 0.00220607
1.10376 0.00220607
1.10379 0.00220607
1.10438 0.00220265
1.1044 0.00219966
1.10443 0.00219704
1.10445 0.00219475
1.10447 0.00219275
1.1045 0.00219099
1.10452 0.00218946
1.10455 0.00218812
1.10457 0.00218694
1.1046 0.00218591
1.10462 0.00218501
1.10465 0.00218423
1.10467 0.00218354
1.10469 0.00218293
1.10472 0.00218241
1.10474 0.00218195
1.10477 0.00218154
1.10479 0.00218119
1.10482 0.00218088
1.10484 0.00218061
1.10487 0.00218037
1.10489 0.00218017
1.10491 0.00217998
1.10494 0.00217983
1.10496 0.00217969
1.10499 0.00217957
1.10501 0.00217946
1.10504 0.00217937
1.10506 0.00217929
1.10509 0.00217921
1.10511 0.00217915
1.10513 0.0021791
1.10516 0.00217905
1.10518 0.00217901
1.10521 0.00217897
1.10523 0.00217894
1.10526 0.00217891
1.10528 0.00217889
1.10531 0.00217887
1.10533 0.00217885
1.10536 0.00217883
1.10538 0.00217882
1.1054 0.0021788
1.10543 0.00217879
1.10545 0.00217878
1.10548 0.00217878
1.1055 0.00217877
1.10553 0.00217876
1.10555 0.00217876
1.10558 0.00217875
1.1056 0.00217875
1.10562 0.00217874
1.10565 0.00217874
1.10567 0.00217874
1.1057 0.00217873
1.10572 0.00217873
1.10575 0.00217873
1.10577 0.00217873
1.1058 0.00217873
1.10582 0.00217873
1.10584 0.00217872
1.10587 0.00217872
1.10589 0.00217872
1.10592 0.00217872
1.10594 0.00217872
1.10597 0.00217872
1.3022 0.00218214
1.30223 0.00218513
1.30225 0.00218775
1.30228 0.00219004
1.3023 0.00219205
1.30232 0.0021938
1.30235 0.00219533
1.30237 0.00219668
1.3024 0.00219785
1.30242 0.00219888
1.30245 0.00219978
1.30247 0.00220057
1.3025 0.00220126
1.30252 0.00220186
1.30254 0.00220239
1.30257 0.00220285
1.30259 0.00220325
1.30262 0.0022036
1.30264 0.00220391
1.30267 0.00220418
1.30269 0.00220442
1.30272 0.00220463
1.30274 0.00220481
1.30276 0.00220497
1.30279 0.00220511
1.30281 0.00220523
1.30284 0.00220533
1.30286 0.00220543
1.30289 0.00220551
1.30291 0.00220558
1.30294 0.00220564
1.30296 0.0022057
1.30299 0.00220574
1.30301 0.00220579
1.30303 0.00220582
1.30306 0.00220585
1.30308 0.00220588
1.30311 0.00220591
1.30313 0.00220593
1.30316 0.00220594
1.30318 0.00220596
1.30321 0.00220597
1.30323 0.00220599
1.30325 0.002206
1.30328 0.00220601
1.3033 0.00220602
1.30333 0.00220602
1.30335 0.00220603
1.30338 0.00220604
1.3034 0.00220604
1.30343 0.00220605
1.30345 0.00220605
1.30347 0.00220605
1.3035 0.00220606
1.30352 0.00220606
1.30355 0.00220606
1.30357 0.00220606
1.3036 0.00220607
1.30362 0.00220607
1.30365 0.00220607
1.30367 0.00220607
1.3037 0.00220607
1.30372 0.00220607
1.30374 0.00220607
1.30377 0.00220607
1.30379 0.00220607
1.30438 0.00220265
1.30441 0.00219966
1.30443 0.00219704
1.30445 0.00219475
1.30448 0.00219275
1.3045 0.00219099
1.30453 0.00218946
1.30455 0.00218812
1.30458 0.00218694
1.3046 0.00218591
1.30463 0.00218501
1.30465 0.00218423
1.30467 0.00218354
1.3047 0.00218293
1.30472 0.00218241
1.30475 0.00218195
1.30477 0.00218154
1.3048 0.00218119
1.30482 0.00218088
1.30485 0.00218061
1.30487 0.00218037
1.30489 0.00218017
1.30492 0.00217998
1.30494 0.00217983
1.30497 0.00217969
1.30499 0.00217957
1.30502 0.00217946
1.30504 0.00217937
1.30507 0.00217929
1.30509 0.00217921
1.30511 0.00217915
1.30514 0.0021791
1.30516 0.00217905
1.30519 0.00217901
1.30521 0.00217897
1.30524 0.00217894
1.30526 0.00217891
1.30529 0.00217889
1.30531 0.00217887
1.30534 0.00217885
1.30536 0.00217883
1.30538 0.00217882
1.30541 0.0021788
1.30543 0.00217879
1.30546 0.00217878
1.30548 0.00217878
1.30551 0.00217877
1.30553 0.00217876
1.30556 0.00217876
1.30558 0.00217875
1.3056 0.00217875
1.30563 0.00217874
1.30565 0.00217874
1.30568 0.00217874
1.3057 0.00217873
1.30573 0.00217873
1.30575 0.00217873
1.30578 0.00217873
1.3058 0.00217873
1.30582 0.00217873
1.30585 0.00217872
1.30587 0.00217872
1.3059 0.00217872
1.30592 0.00217872
1.30595 0.00217872
1.30597 0.00217872
2.00216 0.00217875
2.0022 0.00218109
2.00223 0.00218313
2.00225 0.00218492
2.00228 0.00218649
2.0023 0.00218785
2.00232 0.00218905
2.00235 0.0021901
2.00237 0.00219102
2.0024 0.00219182
2.00242 0.00219252
2.00245 0.00219314
2.00247 0.00219367
2.0025 0.00219414
2.00252 0.00219455
2.00254 0.00219491
2.00257 0.00219523
2.00259 0.00219551
2.00262 0.00219575
2.00264 0.00219596
2.00267 0.00219614
2.00269 0.0021963
2.00272 0.00219645
2.00274 0.00219657
2.00276 0.00219668
2.00279 0.00219677
2.00281 0.00219686
2.00284 0.00219693
2.00286 0.00219699
2.00289 0.00219705
2.00291 0.0021971
2.00294 0.00219714
2.00296 0.00219718
2.00299 0.00219721
2.00301 0.00219724
2.00303 0.00219726
2.00306 0.00219728
2.00308 0.0021973
2.00311 0.00219732
2.00313 0.00219733
2.00316 0.00219735
2.00318 0.00219736
2.00321 0.00219737
2.00323 0.00219738
2.00325 0.00219738
2.00328 0.00219739
2.0033 0.0021974
2.00333 0.0021974
2.00335 0.00219741
2.00338 0.00219741
2.0034 0.00219741
2.00343 0.00219742
2.00345 0.00219742
2.00347 0.00219742
2.0035 0.00219742
2.00352 0.00219742
2.00355 0.00219743
2.00357 0.00219743
2.0036 0.00219743
2.00362 0.00219743
2.00365 0.00219743
2.00367 0.00219743
2.00369 0.00219743
2.00372 0.00219743
2.00886 0.00217681
2.0089 0.00216335
2.00892 0.00215464
2.00895 0.00215007
2.00896 0.00214761
2.00899 0.00214852
2.009 0.00215084
2.00902 0.00215593
2.00905 0.00216344
2.00906 0.00217155
2.00908 0.0021817
2.0091 0.00219211
2.00912 0.00220428
2.00914 0.00221799
2.00916 0.00223152
2.00918 0.00224642
2.00919 0.00226098
2.00922 0.00227678
2.00924 0.00229367
2.00925 0.00230998
2.00928 0.00232731
2.00929 0.002344
2.00932 0.00236166
2.00934 0.00238018
2.00935 0.00239792
2.00938 0.00241649
2.00939 0.00243428
2.00941 0.0024529
2.00944 0.00247225
2.00945 0.00249071
2.00948 0.00250993
2.00949 0.00252827
2.00951 0.00254739
2.00954 0.00256717
2.00955 0.00258601
2.00957 0.00260555
2.00959 0.00262418
2.00961 0.00264355
2.00963 0.00266355
2.00965 0.00268258
2.00967 0.00270229
2.00968 0.00272107
2.00971 0.00274056
2.00973 0.00276068
2.00974 0.00277981
2.00977 0.00279961
2.00978 0.00281846
2.00981 0.00283802
2.00983 0.00285819
2.00984 0.00287738
2.00987 0.00289722
2.00988 0.00291611
2.0099 0.0029357
2.00993 0.00295591
2.00994 0.00297511
2.00996 0.00299498
2.00999 0.00301542
2.01001 0.00303637
2.01004 0.00305776
2.01006 0.00307954
2.01097 0.00295847
2.011 0.00285101
2.01102 0.00275698
2.01105 0.00267471
2.01106 0.00260272
2.01108 0.00253972
2.0111 0.00248461
2.01112 0.00243638
2.01115 0.00239418
2.01116 0.00235725
2.01118 0.00232494
2.01119 0.00229667
2.01122 0.00227194
2.01124 0.00225029
2.01126 0.00223135
2.01128 0.00221478
2.01129 0.00220028
2.01132 0.00218759
2.01134 0.00217649
2.01135 0.00216678
2.01138 0.00215828
2.01139 0.00215084
2.01141 0.00214433
2.01144 0.00213864
2.01145 0.00213366
2.01148 0.0021293
2.01149 0.00212548
2.01151 0.00212214
2.01154 0.00211922
2.01155 0.00211667
2.01157 0.00211443
2.01159 0.00211248
2.01161 0.00211076
2.01164 0.00210927
2.01165 0.00210795
2.01167 0.00210681
2.01168 0.00210581
2.01171 0.00210493
2.01173 0.00210722
2.01175 0.00210769
2.01176 0.00210811
2.01178 0.00210847
2.01179 0.00210879
2.01182 0.00210907
2.01184 0.00210932
2.01186 0.00210953
2.01188 0.00210971
2.01189 0.00210988
2.01192 0.00211002
2.01194 0.00211015
2.01195 0.00211026
2.01198 0.00211035
2.01199 0.00211043
2.01201 0.00211051
2.01204 0.00211057
2.01205 0.00211063
2.01208 0.00211068
2.0121 0.00211072
2.01212 0.00211076
2.01215 0.00211079
2.01217 0.00211082
2.01309 0.00211173
2.01312 0.00211253
2.01314 0.00211323
2.01317 0.00211384
2.01318 0.00211438
2.0132 0.00211485
2.01321 0.00211526
2.01324 0.00211561
2.01326 0.00211593
2.01328 0.0021162
2.0133 0.00211644
2.01331 0.00211665
2.01334 0.00211684
2.01336 0.002117
2.01337 0.00211714
2.0134 0.00211726
2.01341 0.00211737
2.01344 0.00211746
2.01346 0.00211755
2.01347 0.00211762
2.0135 0.00211768
2.01351 0.00211774
2.01353 0.00211779
2.01356 0.00211783
2.01357 0.00211786
2.01359 0.0021179
2.01361 0.00211793
2.01363 0.00211795
2.01366 0.00211797
2.01367 0.00211799
2.01369 0.00211801
2.0137 0.00211802
2.01373 0.00211804
2.01375 0.00211805
2.01377 0.00211806
2.01379 0.00211807
2.0138 0.00211807
2.01383 0.00211808
2.01385 0.00211809
2.01386 0.00211809
2.01388 0.00211809
2.0139 0.0021181
2.01391 0.0021181
2.01394 0.0021181
2.01396 0.00211811
2.01397 0.00211811
2.014 0.00211811
2.01401 0.00211811
2.01403 0.00211811
2.01406 0.00211811
2.01407 0.00211812
2.0141 0.00211812
2.01411 0.00211812
2.01413 0.00211812
2.01416 0.00211812
2.01417 0.00211812
2.01522 0.00211876
2.01524 0.00212239
2.01525 0.00212402
2.01528 0.00212546
2.0153 0.00212671
2.01531 0.00212781
2.01534 0.00212877
2.01535 0.00212961
2.01537 0.00213035
2.0154 0.00213099
2.01541 0.00213156
2.01544 0.00213205
2.01545 0.00213248
2.01547 0.00213286
2.0155 0.00213319
2.01551 0.00213348
2.01553 0.00213373
2.01555 0.00213395
2.01557 0.00213415
2.0156 0.00213431
2.01561 0.00213446
2.01563 0.00213459
2.01564 0.00213471
2.01567 0.00213481
2.01569 0.00213489
2.01571 0.00213497
2.01573 0.00213503
2.01574 0.00213509
2.01577 0.00213514
2.01579 0.00213519
2.0158 0.00213523
2.01583 0.00213526
2.01584 0.00213529
2.01586 0.00213532
2.01589 0.00213534
2.0159 0.00213536
2.01593 0.00213538
2.01594 0.00213539
2.01596 0.00213541
2.01599 0.00213542
2.016 0.00213543
2.01601 0.00213544
2.01604 0.00213545
2.01605 0.00213545
2.01607 0.00213546
2.0161 0.00213546
2.01611 0.00213547
2.01613 0.00213547
2.01615 0.00213548
2.01617 0.00213548
2.01619 0.00213548
2.01621 0.00213548
2.01623 0.00213549
2.01624 0.00213549
2.01627 0.00213549
2.01629 0.00213549
2.0163 0.00213549
2.01633 0.00213549
2.01635 0.00213549
2.01638 0.00213549
2.0164 0.0021355
2.01643 0.0021355
2.01725 0.00212262
2.01727 0.00211134
2.01728 0.00210148
2.01731 0.00209285
2.01733 0.0020853
2.01735 0.00208022
2.01737 0.00207731
2.01738 0.00207323
2.01739 0.00206967
2.01742 0.00206654
2.01744 0.00206381
2.01746 0.00206142
2.01748 0.00205933
2.01749 0.0020575
2.01752 0.00205589
2.01754 0.00205449
2.01755 0.00205327
2.01758 0.0020522
2.01759 0.00205126
2.01762 0.00205043
2.01764 0.00204972
2.01765 0.00204909
2.01768 0.00204854
2.01769 0.00204806
2.01771 0.00204763
2.01774 0.00204726
2.01775 0.00204694
2.01777 0.00204666
2.01779 0.00204641
2.01781 0.0020462
2.01784 0.00204601
2.01785 0.00204584
2.01787 0.0020457
2.01788 0.00204557
2.01791 0.00204546
2.01793 0.00204536
2.01795 0.00204528
2.01797 0.0020452
2.01798 0.00204514
2.01801 0.00204508
2.01803 0.00204503
2.01804 0.00204499
2.01806 0.00204495
2.01808 0.00204492
2.01809 0.00204489
2.01812 0.00204486
2.01814 0.00204484
2.01815 0.00204482
2.01818 0.0020448
2.01819 0.00204479
2.01822 0.00204478
2.01824 0.00204477
2.01825 0.00204476
2.01828 0.00204475
2.01829 0.00204474
2.01831 0.00204473
2.01834 0.00204472
2.01835 0.00204472
2.01837 0.00204472
2.0184 0.00204471
2.01842 0.00204471
2.01845 0.00204471
2.01847 0.0020447
2.01929 0.00204463
2.01932 0.00204456
2.01933 0.0020445
2.01935 0.00204444
2.01938 0.0020444
2.01939 0.00204436
2.01941 0.00204432
2.01943 0.00204429
2.01944 0.00204426
2.01946 0.00204424
2.01949 0.00204422
2.0195 0.0020442
2.01952 0.00204419
2.01954 0.00204417
2.01956 0.00204416
2.01959 0.00204415
2.0196 0.00204414
2.01962 0.00204413
2.01963 0.00204413
2.01966 0.00204412
2.01968 0.00204411
2.0197 0.00204411
2.01972 0.00204411
2.01973 0.0020441
2.01976 0.0020441
2.01978 0.0020441
2.01979 0.00204409
2.01982 0.00204409
2.01983 0.00204409
2.01986 0.00204409
2.01988 0.00204409
2.01989 0.00204409
2.01992 0.00204409
2.01993 0.00204408
2.01995 0.00204408
2.01998 0.00204408
2.01999 0.00204408
2.02001 0.00204408
2.02022 0.00204714
2.02023 0.00204829
2.02025 0.00204929
2.02027 0.00205017
2.0203 0.00205094
2.02031 0.00205161
2.02033 0.0020522
2.02034 0.00205271
2.02037 0.00205316
2.02039 0.00205356
2.02041 0.0020539
2.02043 0.0020542
2.02045 0.00205447
2.02048 0.0020547
2.0205 0.0020549
2.02053 0.00205508
2.02135 0.00205523
2.02137 0.00205537
2.02139 0.00205549
2.02141 0.00205559
2.02143 0.00205568
2.02145 0.00205576
2.02147 0.00205583
2.02148 0.00205589
2.0215 0.00205594
2.02152 0.00205599
2.02154 0.00205603
2.02156 0.00205607
2.02158 0.0020561
2.02159 0.00205613
2.02162 0.00205615
2.02164 0.00205617
2.02165 0.00205619
2.02168 0.00205621
2.02169 0.00205622
2.02172 0.00205623
2.02174 0.00205624
2.02175 0.00205625
2.02178 0.00205626
2.02179 0.00205627
2.02181 0.00205627
2.02184 0.00205628
2.02185 0.00205628
2.02187 0.00205629
2.02189 0.00205629
2.02191 0.00205629
2.02194 0.0020563
2.02195 0.0020563
2.02197 0.0020563
2.02198 0.0020563
2.02201 0.00205631
2.02203 0.00205631
2.02205 0.00205631
2.02207 0.00205631
2.02208 0.00205631
2.02211 0.00205631
2.02213 0.00205631
2.02214 0.00205631
2.02216 0.00205631
2.02325 0.00203695
2.02327 0.00202307
2.02329 0.0020094
2.0233 0.00199743
2.02332 0.00198696
2.02335 0.0019778
2.02336 0.00196979
2.02338 0.00196277
2.0234 0.00195663
2.02341 0.00195126
2.02343 0.00194657
2.02346 0.00194246
2.02347 0.00193886
2.02349 0.00193571
2.02351 0.00193296
2.02353 0.00193055
2.02356 0.00192844
2.02357 0.00192659
2.02359 0.00192498
2.0236 0.00192356
2.02363 0.00192233
2.02365 0.00192125
2.02367 0.0019203
2.02369 0.00191947
2.0237 0.00191875
2.02373 0.00191811
2.02375 0.00191756
2.02376 0.00191707
2.02379 0.00191665
2.0238 0.00191628
2.02383 0.00191595
2.02385 0.00191567
2.02386 0.00191542
2.02389 0.0019152
2.0239 0.00191501
2.02392 0.00191484
2.02395 0.0019147
2.02396 0.00191457
2.02398 0.00191446
2.024 0.00191436
2.02402 0.00191427
2.02405 0.0019142
2.02406 0.00191413
2.02407 0.00191408
2.02409 0.00191403
2.02411 0.00191398
2.02413 0.00191395
2.02416 0.00191391
2.02417 0.00191388
2.02419 0.00191386
2.0242 0.00191383
2.02422 0.00191381
2.02424 0.0019138
2.02427 0.00191378
2.02428 0.00191377
2.0243 0.00191376
2.02431 0.00191375
2.02434 0.00191374
2.02436 0.00191373
2.02438 0.00191372
2.0244 0.00191372
2.02442 0.00191371
2.02445 0.00191371
2.02447 0.0019137
2.0245 0.0019137
2.02514 0.00191049
2.02516 0.00190768
2.02517 0.00190522
2.02519 0.00190306
2.02521 0.00190118
2.02524 0.00189953
2.02525 0.00189809
2.02527 0.00189683
2.02528 0.00189573
2.0253 0.00189476
2.02532 0.00189391
2.02535 0.00189317
2.02536 0.00189253
2.02538 0.00189196
2.02539 0.00189146
2.02542 0.00189103
2.02544 0.00189065
2.02546 0.00189032
2.02548 0.00189003
2.02549 0.00188978
2.02552 0.00188955
2.02554 0.00188936
2.02555 0.00188919
2.02558 0.00188904
2.02559 0.00188891
2.02562 0.0018888
2.02564 0.0018887
2.02565 0.00188861
2.02568 0.00188853
2.02569 0.00188846
2.02571 0.00188841
2.02574 0.00188835
2.02575 0.00188984
2.02577 0.00189267
2.02579 0.00189362
2.0258 0.00189444
2.02582 0.00189517
2.02585 0.0018958
2.02586 0.00189636
2.02588 0.00189684
2.0259 0.00189726
2.02592 0.00189764
2.02595 0.00189796
2.02596 0.00189825
2.02597 0.00189849
2.02599 0.00189871
2.02601 0.0018989
2.02603 0.00189907
2.02606 0.00189922
2.02607 0.00189934
2.02609 0.00189946
2.0261 0.00189955
2.02612 0.00189964
2.02614 0.00189971
2.02617 0.00189978
2.02618 0.00189984
2.0262 0.00189989
2.02622 0.00189993
2.02624 0.00189997
2.02626 0.0019
2.02628 0.00190003
2.0263 0.00190006
2.02633 0.00190008
2.02635 0.0019001
2.02637 0.00190012
2.0264 0.00190013
2.02704 0.00189976
2.02706 0.00189944
2.02707 0.00189916
2.02708 0.00189892
2.02711 0.0018987
2.02713 0.00189851
2.02715 0.00189835
2.02717 0.0018982
2.02718 0.00189808
2.02719 0.00189797
2.02722 0.00189787
2.02724 0.00189779
2.02726 0.00189771
2.02728 0.00189765
2.02729 0.00189759
2.02732 0.00189754
2.02734 0.0018975
2.02735 0.00189746
2.02738 0.00189743
2.02739 0.0018974
2.02741 0.00189737
2.02744 0.00189735
2.02745 0.00189733
2.02748 0.00189732
2.02749 0.0018973
2.02751 0.00189729
2.02754 0.00189728
2.02755 0.00189727
2.02757 0.00189726
2.02759 0.00189725
2.02761 0.00189724
2.02763 0.00189724
2.02765 0.00189723
2.02767 0.00189723
2.02768 0.00189722
2.0277 0.00189722
2.02772 0.00189722
2.02775 0.00189721
2.02776 0.00189721
2.02778 0.00189721
2.02779 0.00189721
2.02782 0.00189721
2.02784 0.00189721
2.02786 0.0018972
2.02787 0.0018972
2.02789 0.0018972
2.0279 0.0018972
2.02793 0.0018972
2.02795 0.0018972
2.02896 0.00190026
2.02897 0.00190141
2.02898 0.00190241
2.02899 0.00190329
2.02902 0.00190406
2.02904 0.00190473
2.02905 0.00190532
2.02908 0.00190583
2.02909 0.00190628
2.0291 0.00190668
2.02913 0.00190702
2.02915 0.00190732
2.02916 0.00190759
2.02919 0.00190782
2.0292 0.00190802
2.02923 0.0019082
2.02925 0.00190835
2.02926 0.00190849
2.02929 0.00190861
2.0293 0.00190871
2.02932 0.0019088
2.02935 0.00190888
2.02936 0.00190895
2.02939 0.00190901
2.0294 0.00190906
2.02942 0.00190911
2.02945 0.00190915
2.02946 0.00190919
2.02948 0.00190922
2.0295 0.00190925
2.02952 0.00190927
2.02954 0.00190929
2.02956 0.00190931
2.02958 0.00190932
2.02959 0.00190934
2.02961 0.00190935
2.02963 0.00190936
2.02965 0.00190937
2.02967 0.00190938
2.02969 0.00190939
2.0297 0.00190939
2.02973 0.0019094
2.02975 0.0019094
2.02976 0.00190941
2.02978 0.00190941
2.0298 0.00190941
2.02981 0.00190942
2.02984 0.00190942
2.02986 0.00190942
2.02987 0.00190942
2.0299 0.00190942
2.02991 0.00190943
2.02992 0.00190943
2.02995 0.00190943
2.02997 0.00190943
2.02998 0.00190943
2.03001 0.00190943
2.03002 0.00190943
2.03005 0.00190943
2.03147 0.00191096
2.03149 0.00191383
2.0315 0.00191481
2.03151 0.00191567
2.03153 0.00191642
2.03155 0.00191708
2.03158 0.00191765
2.03159 0.00191816
2.03161 0.0019186
2.03163 0.00191898
2.03165 0.00191932
2.03167 0.00191961
2.03169 0.00191987
2.0317 0.0019201
2.03172 0.0019203
2.03174 0.00192047
2.03176 0.00192062
2.03178 0.00192075
2.0318 0.00192087
2.03182 0.00192097
2.03183 0.00192106
2.03185 0.00192113
2.03187 0.0019212
2.03189 0.00192126
2.03191 0.00192131
2.03193 0.00192136
2.03194 0.0019214
2.03197 0.00192143
2.03199 0.00192146
2.032 0.00192149
2.03203 0.00192151
2.03205 0.00192153
2.03208 0.00192155
2.0321 0.00192157
2.03213 0.00192158
2.03276 0.00192159
2.03279 0.0019216
2.0328 0.00192161
2.03281 0.00192162
2.03282 0.00192163
2.03285 0.00192163
2.03287 0.00192164
2.03289 0.00192164
2.03291 0.00192165
2.03292 0.00192165
2.03293 0.00192165
2.03296 0.00192166
2.03298 0.00192166
2.033 0.00192166
2.03302 0.00192166
2.03303 0.00192166
2.03306 0.00192167
2.03308 0.00192167
2.03309 0.00192167
2.03312 0.00192167
2.03313 0.00192167
2.03316 0.00192167
2.03318 0.00192167
2.03319 0.00192167
2.03471 0.00192473
2.03472 0.00192588
2.03473 0.00192688
2.03475 0.00192776
2.03476 0.00192853
2.03478 0.00192921
2.03481 0.00192979
2.03482 0.00193031
2.03484 0.00193076
2.03486 0.00193115
2.03487 0.0019315
2.03489 0.0019318
2.03492 0.00193207
2.03493 0.0019323
2.03495 0.0019325
2.03497 0.00193268
2.03499 0.00193283
2.03502 0.00193297
2.03503 0.00193309
2.03505 0.00193319
2.03506 0.00193328
2.03509 0.00193336
2.03511 0.00193343
2.03513 0.00193349
2.03515 0.00193354
2.03516 0.00193359
2.03519 0.00193363
2.03521 0.00193367
2.03522 0.0019337
2.03525 0.00193373
2.03526 0.00193375
2.03528 0.00193377
2.03531 0.00193379
2.03532 0.00193381
2.03535 0.00193382
2.03536 0.00193383
2.03537 0.00193384
2.03538 0.00193385
2.03541 0.00193386
2.03543 0.00193387
2.03544 0.00193387
2.03547 0.00193388
2.03548 0.00193388
2.03551 0.00193389
2.03553 0.00193389
2.03554 0.00193389
2.03555 0.0019339
2.03558 0.0019339
2.03559 0.0019339
2.03562 0.0019339
2.03564 0.00193391
2.03565 0.00193391
2.03568 0.00193391
2.03569 0.00193391
2.0357 0.00193391
2.03573 0.00193391
2.03575 0.00193391
2.03576 0.00193391
2.03579 0.00193391
2.03719 0.00193544
2.03722 0.00193831
2.03723 0.00193929
2.03726 0.00194015
2.03727 0.0019409
2.03729 0.00194156
2.0373 0.00194213
2.03732 0.00194264
2.03733 0.00194308
2.03735 0.00194346
2.03738 0.0019438
2.03739 0.00194409
2.03741 0.00194435
2.03743 0.00194458
2.03745 0.00194477
2.03748 0.00194495
2.03749 0.0019451
2.0375 0.00194523
2.03752 0.00194535
2.03754 0.00194545
2.03756 0.00194554
2.03759 0.00194561
2.0376 0.00194568
2.03762 0.00194574
2.03763 0.00194579
2.03765 0.00194584
2.03767 0.00194588
2.0377 0.00194591
2.03771 0.00194594
2.03773 0.00194597
2.03775 0.00194599
2.03777 0.00194601
2.03779 0.00194603
2.03781 0.00194605
2.03783 0.00194606
2.03786 0.00194607
2.03788 0.00194608
2.0379 0.00194609
2.03793 0.0019461
2.03857 0.00194611
2.03859 0.00194611
2.0386 0.00194612
2.03861 0.00194612
2.03863 0.00194613
2.03864 0.00194613
2.03866 0.00194613
2.03869 0.00194614
2.0387 0.00194614
2.03872 0.00194614
2.03874 0.00194614
2.03875 0.00194615
2.03877 0.00194615
2.0388 0.00194615
2.03881 0.00194615
2.03883 0.00194615
2.03885 0.00194615
2.03887 0.00194615
2.0389 0.00194615
2.03891 0.00194615
2.04054 0.00194921
2.04055 0.00195036
2.04056 0.00195137
2.04057 0.00195224
2.04058 0.00195301
2.0406 0.00195369
2.04062 0.00195428
2.04065 0.00195479
2.04066 0.00195524
2.04068 0.00195563
2.04069 0.00195598
2.04071 0.00195628
2.04073 0.00195655
2.04076 0.00195678
2.04077 0.00195698
2.04079 0.00195716
2.04081 0.00195731
2.04083 0.00195745
2.04085 0.00195757
2.04087 0.00195767
2.04089 0.00195776
2.0409 0.00195784
2.04093 0.00195791
2.04095 0.00195797
2.04096 0.00195802
2.04099 0.00195807
2.041 0.00195811
2.04103 0.00195815
2.04105 0.00195818
2.04106 0.00195821
2.04109 0.00195823
2.0411 0.00195825
2.04112 0.00195827
2.04114 0.00195829
2.04116 0.0019583
2.04117 0.00195831
2.0412 0.00195832
2.04121 0.00195833
2.04122 0.00195834
2.04123 0.00195835
2.04126 0.00195835
2.04128 0.00195836
2.04129 0.00195836
2.04132 0.00195837
2.04133 0.00195837
2.04136 0.00195837
2.04138 0.00195838
2.04139 0.00195838
2.0414 0.00195838
2.04143 0.00195838
2.04144 0.00195838
2.04147 0.00195839
2.04149 0.00195839
2.0415 0.00195839
2.04153 0.00195839
2.04154 0.00195839
2.04155 0.00195839
2.04158 0.00195839
2.0416 0.00195839
2.04292 0.00195992
2.04295 0.00196279
2.04296 0.00196377
2.04297 0.00196463
2.043 0.00196538
2.04302 0.00196604
2.04303 0.00196661
2.04306 0.00196712
2.04307 0.00196756
2.04309 0.00196794
2.04311 0.00196828
2.04313 0.00196857
2.04314 0.00196883
2.04317 0.00196906
2.04318 0.00196926
2.04319 0.00196943
2.0432 0.00196958
2.04323 0.00196971
2.04325 0.00196983
2.04327 0.00196993
2.04329 0.00197002
2.0433 0.00197009
2.04333 0.00197016
2.04335 0.00197022
2.04336 0.00197027
2.04338 0.00197032
2.0434 0.00197036
2.04341 0.00197039
2.04344 0.00197042
2.04346 0.00197045
2.04347 0.00197047
2.0435 0.00197049
2.04351 0.00197051
2.04352 0.00197053
2.04355 0.00197054
2.04357 0.00197055
2.04358 0.00197056
2.04361 0.00197057
2.04362 0.00197058
2.04364 0.00197059
2.04367 0.00197059
2.04368 0.0019706
2.04371 0.0019706
2.04373 0.00197061
2.04375 0.00197061
2.04378 0.00197061
2.0438 0.00197062
2.04444 0.00197062
2.04446 0.00197062
2.04448 0.00197062
2.04449 0.00197063
2.0445 0.00197063
2.04451 0.00197063
2.04453 0.00197063
2.04455 0.00197063
2.04458 0.00197063
2.04459 0.00197063
2.04461 0.00197063
2.04462 0.00197063
2.04644 0.00197369
2.04645 0.00197484
2.04646 0.00197584
2.04647 0.00197672
2.04648 0.00197749
2.0465 0.00197817
2.04651 0.00197876
2.04653 0.00197927
2.04656 0.00197972
2.04657 0.00198012
2.04659 0.00198046
2.04661 0.00198076
2.04662 0.00198103
2.04664 0.00198126
2.04667 0.00198146
2.04668 0.00198164
2.0467 0.00198179
2.04672 0.00198193
2.04674 0.00198205
2.04677 0.00198215
2.04678 0.00198224
2.0468 0.00198232
2.04681 0.00198239
2.04684 0.00198245
2.04686 0.0019825
2.04688 0.00198255
2.0469 0.00198259
2.04691 0.00198263
2.04693 0.00198266
2.04695 0.00198269
2.04697 0.00198271
2.04699 0.00198273
2.04701 0.00198275
2.04702 0.00198277
2.04705 0.00198278
2.04706 0.00198279
2.04708 0.0019828
2.0471 0.00198281
2.04712 0.00198282
2.04713 0.00198283
2.04715 0.00198283
2.04716 0.00198284
2.04718 0.00198284
2.04721 0.00198285
2.04722 0.00198285
2.04724 0.00198285
2.04726 0.00198286
2.04728 0.00198286
2.0473 0.00198286
2.04732 0.00198286
2.04733 0.00198286
2.04735 0.00198287
2.04737 0.00198287
2.04739 0.00198287
2.04741 0.00198287
2.04743 0.00198287
2.04745 0.00198287
2.04746 0.00198287
2.04748 0.00198287
2.04866 0.0019844
2.04869 0.00198727
2.0487 0.00198825
2.04871 0.00198911
2.04874 0.00198986
2.04876 0.00199052
2.04877 0.00199109
2.0488 0.0019916
2.04881 0.00199204
2.04883 0.00199242
2.04886 0.00199276
2.04887 0.00199305
2.0489 0.00199331
2.04891 0.00199354
2.04892 0.00199373
2.04894 0.00199391
2.04897 0.00199406
2.04898 0.00199419
2.04901 0.00199431
2.04902 0.00199441
2.04904 0.0019945
2.04905 0.00199457
2.04908 0.00199464
2.04909 0.0019947
2.04912 0.00199475
2.04913 0.0019948
2.04914 0.00199484
2.04915 0.00199487
2.04918 0.0019949
2.0492 0.00199493
2.04921 0.00199495
2.04924 0.00199497
2.04925 0.00199499
2.04928 0.00199501
2.0493 0.00199502
2.04931 0.00199503
2.04932 0.00199504
2.04935 0.00199505
2.04936 0.00199506
2.04939 0.00199507
2.04941 0.00199507
2.04942 0.00199508
2.04945 0.00199508
2.04946 0.00199509
2.04947 0.00199509
2.0495 0.00199509
2.04952 0.0019951
2.04953 0.0019951
2.04956 0.0019951
2.04957 0.0019951
2.04959 0.00199511
2.04962 0.00199511
2.04963 0.00199511
2.04965 0.00199511
2.04968 0.00199511
2.0497 0.00199511
2.04973 0.00199511
2.04975 0.00199511
2.05039 0.00199511
2.05153 0.00199664
2.05155 0.00199951
2.05156 0.00200049
2.05158 0.00200135
2.0516 0.0020021
2.05163 0.00200276
2.05164 0.00200333
2.05166 0.00200384
2.05169 0.00200428
2.05171 0.00200466
2.05174 0.002005
2.05176 0.00200529
2.0524 0.00200555
2.05242 0.00200578
2.05243 0.00200598
2.05245 0.00200615
2.05246 0.0020063
2.05247 0.00200643
2.05248 0.00200655
2.05249 0.00200665
2.05252 0.00200674
2.05254 0.00200681
2.05256 0.00200688
2.05258 0.00200694
2.05259 0.00200699
2.0526 0.00200704
2.05263 0.00200708
2.05265 0.00200711
2.05267 0.00200714
2.05269 0.00200717
2.0527 0.00200719
2.05271 0.00200721
2.05274 0.00200723
2.05276 0.00200725
2.05278 0.00200726
2.0528 0.00200727
2.05281 0.00200728
2.05284 0.00200729
2.05286 0.0020073
2.05287 0.00200731
2.0529 0.00200731
2.05291 0.00200732
2.05292 0.00200732
2.05295 0.00200733
2.05297 0.00200733
2.05298 0.00200733
2.05301 0.00200734
2.05302 0.00200734
2.05305 0.00200734
2.05306 0.00200734
2.05308 0.00200734
2.05309 0.00200735
2.05312 0.00200735
2.05313 0.00200735
2.05314 0.00200735
2.05316 0.00200735
2.05318 0.00200735
2.0532 0.00200735
2.05322 0.00200735
2.05443 0.00201041
2.05444 0.00201156
2.05445 0.00201257
2.05446 0.00201344
2.05448 0.00201421
2.05449 0.00201489
2.0545 0.00201548
2.05451 0.00201599
2.05454 0.00201644
2.05456 0.00201683
2.05458 0.00201718
2.0546 0.00201748
2.05461 0.00201775
2.05462 0.00201798
2.05465 0.00201818
2.05467 0.00201836
2.05469 0.00201851
2.05471 0.00201865
2.05472 0.00201877
2.05473 0.00201887
2.05476 0.00201896
2.05478 0.00201904
2.0548 0.00201911
2.05482 0.00201917
2.05483 0.00201922
2.05486 0.00201927
2.05488 0.00201931
2.05489 0.00201935
2.05492 0.00201938
2.05493 0.00201941
2.05494 0.00201943
2.05497 0.00201945
2.05499 0.00201947
2.055 0.00201949
2.05503 0.0020195
2.05504 0.00201951
2.05506 0.00201952
2.05508 0.00201953
2.0551 0.00201954
2.05511 0.00201955
2.05514 0.00201955
2.05515 0.00201956
2.05516 0.00201956
2.05517 0.00201957
2.0552 0.00201957
2.05522 0.00201957
2.05524 0.00201958
2.05526 0.00201958
2.05527 0.00201958
2.0553 0.00201958
2.05532 0.00201958
2.05533 0.00201959
2.05535 0.00201959
2.05537 0.00201959
2.05538 0.00201959
2.05541 0.00201959
2.05543 0.00201959
2.05544 0.00201959
2.05547 0.00201959
2.05729 0.00202112
2.05732 0.00202399
2.05733 0.00202497
2.05735 0.00202583
2.05737 0.00202658
2.05738 0.00202724
2.0574 0.00202781
2.05741 0.00202832
2.05744 0.00202876
2.05746 0.00202914
2.05748 0.00202948
2.0575 0.00202977
2.05751 0.00203003
2.05752 0.00203026
2.05755 0.00203046
2.05757 0.00203063
2.05759 0.00203078
2.05761 0.00203091
2.05762 0.00203103
2.05764 0.00203113
2.05766 0.00203122
2.05768 0.00203129
2.0577 0.00203136
2.05772 0.00203142
2.05775 0.00203147
2.05777 0.00203152
2.05779 0.00203156
2.05782 0.00203159
2.05846 0.00203162
2.05848 0.00203165
2.05849 0.00203167
2.0585 0.00203169
2.05852 0.00203171
2.05853 0.00203173
2.05854 0.00203174
2.05855 0.00203175
2.05857 0.00203176
2.05859 0.00203177
2.05861 0.00203178
2.05863 0.00203179
2.05865 0.00203179
2.05866 0.0020318
2.05868 0.0020318
2.0587 0.00203181
2.05872 0.00203181
2.05874 0.00203181
2.05876 0.00203182
2.05877 0.00203182
2.05879 0.00203182
2.05881 0.00203182
2.05883 0.00203183
2.05885 0.00203183
2.05887 0.00203183
2.05888 0.00203183
2.05891 0.00203183
2.05893 0.00203183
2.05894 0.00203183
2.05897 0.00203183
2.05898 0.00203183
2.06051 0.00203489
2.06052 0.00203604
2.06054 0.00203704
2.06055 0.00203792
2.06056 0.00203869
2.06057 0.00203937
2.06058 0.00203995
2.0606 0.00204047
2.06061 0.00204092
2.06063 0.00204132
2.06066 0.00204166
2.06067 0.00204196
2.0607 0.00204223
2.06071 0.00204246
2.06072 0.00204266
2.06074 0.00204284
2.06077 0.00204299
2.06078 0.00204313
2.06081 0.00204325
2.06082 0.00204335
2.06083 0.00204344
2.06085 0.00204352
2.06088 0.00204359
2.06089 0.00204365
2.06092 0.0020437
2.06093 0.00204375
2.06095 0.00204379
2.06098 0.00204383
2.06099 0.00204386
2.06101 0.00204389
2.06103 0.00204391
2.06104 0.00204393
2.06106 0.00204395
2.06109 0.00204397
2.0611 0.00204398
2.06112 0.00204399
2.06114 0.002044
2.06116 0.00204401
2.06117 0.00204402
2.0612 0.00204403
2.06121 0.00204403
2.06123 0.00204404
2.06125 0.00204404
2.06126 0.00204405
2.06127 0.00204405
2.06129 0.00204405
2.06132 0.00204406
2.06133 0.00204406
2.06136 0.00204406
2.06137 0.00204406
2.06139 0.00204406
2.06141 0.00204407
2.06143 0.00204407
2.06144 0.00204407
2.06145 0.00204407
2.06148 0.00204407
2.06149 0.00204407
2.06152 0.00204407
2.06154 0.00204407
2.06303 0.0020456
2.06306 0.00204847
2.06307 0.00204945
2.06308 0.00205031
2.06309 0.00205106
2.06312 0.00205172
2.06314 0.00205229
2.06316 0.0020528
2.06318 0.00205324
2.06319 0.00205362
2.06322 0.00205396
2.06323 0.00205425
2.06325 0.00205451
2.06327 0.00205474
2.06329 0.00205493
2.0633 0.00205511
2.06331 0.00205526
2.06333 0.00205539
2.06335 0.00205551
2.06338 0.00205561
2.06339 0.0020557
2.06341 0.00205577
2.06342 0.00205584
2.06345 0.0020559
2.06346 0.00205595
2.06349 0.002056
2.0635 0.00205604
2.06351 0.00205607
2.06353 0.0020561
2.06355 0.00205613
2.06357 0.00205615
2.0636 0.00205617
2.06361 0.00205619
2.06363 0.00205621
2.06364 0.00205622
2.06366 0.00205623
2.06368 0.00205624
2.06371 0.00205625
2.06372 0.00205626
2.06374 0.00205627
2.06376 0.00205627
2.06377 0.00205628
2.06379 0.00205628
2.06382 0.00205629
2.06383 0.00205629
2.06385 0.00205629
2.06388 0.0020563
2.0639 0.0020563
2.06393 0.0020563
2.06395 0.0020563
2.06459 0.00205631
2.06461 0.00205631
2.06462 0.00205631
2.06464 0.00205631
2.06465 0.00205631
2.06466 0.00205631
2.06467 0.00205631
2.06469 0.00205631
2.0647 0.00205631
2.06591 0.00205937
2.06592 0.00206052
2.06595 0.00206152
2.06597 0.0020624
2.066 0.00206317
2.06602 0.00206385
2.06666 0.00206443
2.06668 0.00206495
2.06669 0.0020654
2.0667 0.0020658
2.06672 0.00206614
2.06673 0.00206644
2.06674 0.00206671
2.06675 0.00206694
2.06677 0.00206714
2.06678 0.00206732
2.0668 0.00206747
2.06683 0.00206761
2.06684 0.00206773
2.06686 0.00206783
2.06688 0.00206792
2.06689 0.002068
2.06691 0.00206807
2.06694 0.00206813
2.06695 0.00206818
2.06697 0.00206823
2.06699 0.00206827
2.067 0.00206831
2.06702 0.00206834
2.06705 0.00206837
2.06706 0.00206839
2.06708 0.00206841
2.0671 0.00206843
2.06712 0.00206844
2.06715 0.00206846
2.06716 0.00206847
2.06718 0.00206848
2.06719 0.00206849
2.06721 0.0020685
2.06722 0.00206851
2.06724 0.00206851
2.06727 0.00206852
2.06728 0.00206852
2.0673 0.00206853
2.06732 0.00206853
2.06734 0.00206853
2.06735 0.00206854
2.06738 0.00206854
2.06739 0.00206854
2.06741 0.00206854
2.06743 0.00206854
2.06744 0.00206855
2.06745 0.00206855
2.06748 0.00206855
2.0675 0.00206855
2.06751 0.00206855
2.06754 0.00206855
2.06755 0.00206855
2.06757 0.00206855
2.06877 0.00207008
2.06879 0.00207142
2.0688 0.00207259
2.06881 0.00207362
2.06882 0.00207452
2.06883 0.0020753
2.06885 0.00207599
2.06887 0.00207812
2.06888 0.00207845
2.06891 0.00207875
2.06892 0.002079
2.06894 0.00207923
2.06896 0.00207942
2.06897 0.0020796
2.06899 0.00207975
2.06902 0.00207988
2.06903 0.00207999
2.06906 0.00208009
2.06907 0.00208018
2.06908 0.00208026
2.0691 0.00208032
2.06913 0.00208038
2.06914 0.00208043
2.06917 0.00208048
2.06918 0.00208052
2.0692 0.00208055
2.06923 0.00208058
2.06924 0.00208061
2.06926 0.00208063
2.06928 0.00208065
2.06929 0.00208067
2.0693 0.00208069
2.06932 0.0020807
2.06935 0.00208071
2.06936 0.00208072
2.06939 0.00208073
2.0694 0.00208074
2.06942 0.00208075
2.06943 0.00208075
2.06946 0.00208076
2.06947 0.00208076
2.0695 0.00208077
2.06951 0.00208077
2.06952 0.00208077
2.06953 0.00208078
2.06956 0.00208078
2.06958 0.00208078
2.06959 0.00208078
2.06962 0.00208079
2.06963 0.00208079
2.06965 0.00208079
2.06967 0.00208079
2.06969 0.00208079
2.0697 0.00208079
2.06972 0.00208079
2.06974 0.00208079
2.07166 0.00208385
2.07167 0.002085
2.07169 0.00208601
2.07171 0.00208688
2.07172 0.00208765
2.07175 0.00208833
2.07176 0.00208892
2.07178 0.00208943
2.0718 0.00208988
2.07181 0.00209027
2.07183 0.00209062
2.07185 0.00209092
2.07187 0.00209119
2.07189 0.00209142
2.07191 0.00209162
2.07193 0.0020918
2.07194 0.00209195
2.07196 0.00209209
2.07198 0.00209221
2.072 0.00209231
2.07202 0.0020924
2.07204 0.00209248
2.07205 0.00209255
2.07207 0.00209261
2.07209 0.00209266
2.07212 0.00209271
2.07213 0.00209275
2.07215 0.00209279
2.07216 0.00209282
2.07219 0.00209285
2.07221 0.00209287
2.07224 0.00209289
2.07226 0.00209291
2.0729 0.00209292
2.07292 0.00209294
2.07294 0.00209295
2.07295 0.00209296
2.07296 0.00209297
2.07297 0.00209298
2.07298 0.00209299
2.073 0.00209299
2.07301 0.002093
2.07302 0.002093
2.07305 0.00209301
2.07306 0.00209301
2.07308 0.00209301
2.07309 0.00209302
2.07312 0.00209302
2.07313 0.00209302
2.07314 0.00209302
2.07317 0.00209303
2.07319 0.00209303
2.0732 0.00209303
2.07323 0.00209303
2.07324 0.00209303
2.07325 0.00209303
2.07328 0.00209303
2.0733 0.00209303
2.07331 0.00209303
2.07502 0.00209609
2.07503 0.00209724
2.07504 0.00209824
2.07505 0.00209912
2.07506 0.00209989
2.07508 0.00210057
2.07509 0.00210115
2.0751 0.00210167
2.07511 0.00210212
2.07513 0.00210252
2.07515 0.00210286
2.07516 0.00210316
2.07519 0.00210343
2.0752 0.00210366
2.07522 0.00210386
2.07524 0.00210404
2.07525 0.00210419
2.07527 0.00210433
2.0753 0.00210445
2.07531 0.00210455
2.07533 0.00210464
2.07535 0.00210472
2.07536 0.00210479
2.07538 0.00210485
2.07541 0.0021049
2.07542 0.00210495
2.07544 0.00210499
2.07546 0.00210503
2.07548 0.00210506
2.07551 0.00210509
2.07552 0.00210511
2.07554 0.00210513
2.07555 0.00210515
2.07557 0.00210516
2.07558 0.00210518
2.0756 0.00210519
2.07563 0.0021052
2.07564 0.00210521
2.07566 0.00210522
2.07568 0.00210523
2.0757 0.00210523
2.07571 0.00210524
2.07574 0.00210524
2.07575 0.00210525
2.07577 0.00210525
2.07579 0.00210525
2.0758 0.00210526
2.07581 0.00210526
2.07584 0.00210526
2.07586 0.00210526
2.07587 0.00210526
2.07588 0.00210527
2.07591 0.00210527
2.07592 0.00210527
2.07595 0.00210527
2.07596 0.00210527
2.07598 0.00210527
2.076 0.00210527
2.07601 0.00210527
2.07741 0.0021068
2.07744 0.00210967
2.07745 0.00211065
2.07746 0.00211151
2.07748 0.00211226
2.0775 0.00211292
2.07753 0.00211349
2.07754 0.002114
2.07756 0.00211444
2.07757 0.00211482
2.0776 0.00211516
2.07762 0.00211545
2.07764 0.00211571
2.07766 0.00211594
2.07767 0.00211613
2.07768 0.00211631
2.0777 0.00211646
2.07772 0.00211659
2.07775 0.00211671
2.07776 0.00211681
2.07778 0.0021169
2.07779 0.00211697
2.07782 0.00211704
2.07783 0.0021171
2.07786 0.00211715
2.07787 0.0021172
2.07789 0.00211724
2.0779 0.00211727
2.07792 0.0021173
2.07793 0.00211733
2.07795 0.00211735
2.07798 0.00211737
2.07799 0.00211739
2.078 0.00211741
2.07803 0.00211742
2.07804 0.00211743
2.07806 0.00211744
2.07808 0.00211745
2.0781 0.00211746
2.07811 0.00211747
2.07812 0.00211747
2.07815 0.00211748
2.07816 0.00211748
2.07819 0.00211749
2.07821 0.00211749
2.07822 0.00211749
2.07825 0.0021175
2.07826 0.0021175
2.07827 0.0021175
2.0783 0.0021175
2.07832 0.0021175
2.07833 0.00211751
2.07836 0.00211751
2.07837 0.00211751
2.07838 0.00211751
2.07841 0.00211751
2.07843 0.00211751
2.07844 0.00211751
2.07847 0.00211751
2.08028 0.00211904
2.0803 0.00212191
2.08032 0.00212289
2.08034 0.00212375
2.08035 0.0021245
2.08038 0.00212516
2.08039 0.00212573
2.0804 0.00212624
2.08043 0.00212668
2.08045 0.00212706
2.08046 0.0021274
2.08049 0.00212769
2.0805 0.00212795
2.08051 0.00212818
2.08054 0.00212838
2.08056 0.00212855
2.08057 0.0021287
2.0806 0.00212883
2.08061 0.00212895
2.08063 0.00212905
2.08066 0.00212914
2.08068 0.00212921
2.08071 0.00212928
2.08134 0.00212934
2.08137 0.00212939
2.08138 0.00212944
2.08139 0.00212948
2.08141 0.00212951
2.08142 0.00212954
2.08143 0.00212957
2.08144 0.00212959
2.08145 0.00212961
2.08147 0.00212963
2.08148 0.00212965
2.0815 0.00212966
2.08152 0.00212967
2.08154 0.00212968
2.08155 0.00212969
2.08158 0.0021297
2.08159 0.00212971
2.0816 0.00212971
2.08163 0.00212972
2.08165 0.00212972
2.08166 0.00212973
2.08169 0.00212973
2.0817 0.00212973
2.08171 0.00212974
2.08172 0.00212974
2.08175 0.00212974
2.08177 0.00212974
2.08178 0.00212975
2.08181 0.00212975
2.08182 0.00212975
2.08185 0.00212975
2.08187 0.00212975
2.08188 0.00212975
2.08191 0.00212975
2.08192 0.00212975
2.08193 0.00212975
2.0835 0.00213281
2.08351 0.00213396
2.08352 0.00213496
2.08353 0.00213584
2.08355 0.00213661
2.08356 0.00213729
2.08357 0.00213788
2.08358 0.00213839
2.0836 0.00213884
2.08361 0.00213923
2.08362 0.00213958
2.08365 0.00213988
2.08366 0.00214015
2.08368 0.00214038
2.08369 0.00214058
2.08372 0.00214076
2.08373 0.00214091
2.08374 0.00214105
2.08377 0.00214117
2.08379 0.00214127
2.0838 0.00214136
2.08383 0.00214144
2.08384 0.00214151
2.08385 0.00214157
2.08387 0.00214162
2.08389 0.00214167
2.08391 0.00214171
2.08393 0.00214175
2.08395 0.00214178
2.08396 0.00214181
2.08399 0.00214183
2.08401 0.00214185
2.08402 0.00214187
2.08405 0.00214189
2.08406 0.0021419
2.08407 0.00214191
2.08409 0.00214192
2.08411 0.00214193
2.08413 0.00214194
2.08415 0.00214195
2.08417 0.00214195
2.08418 0.00214196
2.08421 0.00214196
2.08422 0.00214197
2.08424 0.00214197
2.08426 0.00214197
2.08428 0.00214198
2.08429 0.00214198
2.08431 0.00214198
2.08432 0.00214198
2.08434 0.00214198
2.08437 0.00214199
2.08438 0.00214199
2.08439 0.00214199
2.08442 0.00214199
2.08443 0.00214199
2.08445 0.00214199
2.08447 0.00214199
2.08449 0.00214199
2.08606 0.00214505
2.08607 0.0021462
2.08608 0.00214721
2.08611 0.00214808
2.08612 0.00214885
2.08614 0.00214953
2.08617 0.00215012
2.08618 0.00215063
2.0862 0.00215108
2.08622 0.00215147
2.08623 0.00215182
2.08624 0.00215212
2.08626 0.00215239
2.08629 0.00215262
2.0863 0.00215282
2.08633 0.002153
2.08634 0.00215315
2.08636 0.00215329
2.08637 0.00215341
2.0864 0.00215351
2.08641 0.0021536
2.08644 0.00215368
2.08645 0.00215375
2.08646 0.00215381
2.08647 0.00215386
2.0865 0.00215391
2.08652 0.00215395
2.08653 0.00215399
2.08655 0.00215402
2.08657 0.00215405
2.08658 0.00215407
2.08661 0.00215409
2.08662 0.00215411
2.08664 0.00215412
2.08666 0.00215414
2.08667 0.00215415
2.08669 0.00215416
2.08671 0.00215417
2.08673 0.00215418
2.08674 0.00215419
2.08677 0.00215419
2.08678 0.0021542
2.0868 0.0021542
2.08682 0.00215421
2.08683 0.00215421
2.08685 0.00215421
2.08688 0.00215422
2.08689 0.00215422
2.08691 0.00215422
2.08693 0.00215422
2.08694 0.00215423
2.08696 0.00215423
2.08699 0.00215423
2.087 0.00215423
2.08702 0.00215423
2.08704 0.00215423
2.08706 0.00215423
2.08708 0.00215423
2.08711 0.00215423
2.08893 0.00215576
2.08896 0.00215863
2.08897 0.00215961
2.08898 0.00216047
2.08899 0.00216122
2.08902 0.00216188
2.08904 0.00216245
2.08906 0.00216296
2.08908 0.0021634
2.08909 0.00216378
2.0891 0.00216412
2.08913 0.00216441
2.08915 0.00216467
2.08917 0.0021649
2.08919 0.0021651
2.0892 0.00216527
2.08923 0.00216542
2.08925 0.00216555
2.08928 0.00216567
2.0893 0.00216577
2.08994 0.00216586
2.08996 0.00216593
2.08997 0.002166
2.08999 0.00216606
2.09 0.00216611
2.09001 0.00216616
2.09002 0.0021662
2.09003 0.00216623
2.09005 0.00216626
2.09006 0.00216629
2.09007 0.00216631
2.09008 0.00216633
2.09011 0.00216635
2.09012 0.00216637
2.09014 0.00216638
2.09016 0.00216639
2.09018 0.0021664
2.09019 0.00216641
2.09021 0.00216642
2.09023 0.00216643
2.09025 0.00216643
2.09027 0.00216644
2.09029 0.00216644
2.0903 0.00216645
2.09032 0.00216645
2.09033 0.00216645
2.09035 0.00216646
2.09038 0.00216646
2.09039 0.00216646
2.0904 0.00216646
2.09043 0.00216646
2.09044 0.00216647
2.09046 0.00216647
2.09049 0.00216647
2.0905 0.00216647
2.09052 0.00216647
2.09054 0.00216647
2.09055 0.00216647
2.09056 0.00216647
2.09213 0.00216953
2.09214 0.00217068
2.09215 0.00217169
2.09216 0.00217256
2.09218 0.00217333
2.09219 0.00217401
2.0922 0.0021746
2.09221 0.00217511
2.09223 0.00217556
2.09224 0.00217595
2.09225 0.0021763
2.09226 0.0021766
2.09229 0.00217687
2.0923 0.0021771
2.09232 0.0021773
2.09234 0.00217748
2.09236 0.00217763
2.09237 0.00217777
2.09238 0.00217789
2.09241 0.00217799
2.09243 0.00217808
2.09245 0.00217816
2.09247 0.00217823
2.09248 0.00217829
2.09249 0.00217834
2.09251 0.00217839
2.09253 0.00217843
2.09256 0.00217847
2.09257 0.0021785
2.09258 0.00217853
2.0926 0.00217855
2.09262 0.00217857
2.09264 0.00217859
2.09267 0.00217861
2.09268 0.00217862
2.0927 0.00217863
2.09271 0.00217864
2.09273 0.00217865
2.09274 0.00217866
2.09276 0.00217867
2.09279 0.00217867
2.0928 0.00217868
2.09283 0.00217868
2.09284 0.00217869
2.09286 0.00217869
2.09287 0.00217869
2.0929 0.0021787
2.09291 0.0021787
2.09294 0.0021787
2.09295 0.0021787
2.09296 0.0021787
2.09297 0.00217871
2.093 0.00217871
2.09302 0.00217871
2.09303 0.00217871
2.09305 0.00217871
2.09307 0.00217871
2.09308 0.00217871
2.09311 0.00217871
2.10217 0.00217882
2.10222 0.00218222
2.10224 0.00218521
2.10225 0.00218782
2.10228 0.0021901
2.10229 0.00219209
2.10231 0.00219384
2.10234 0.00219537
2.10236 0.00219671
2.10239 0.00219788
2.10302 0.00219891
2.10305 0.0021998
2.10306 0.00220059
2.10307 0.00220127
2.10309 0.00220187
2.1031 0.0022024
2.10311 0.00220286
2.10312 0.00220326
2.10313 0.00220361
2.10315 0.00220392
2.10316 0.00220419
2.10317 0.00220443
2.10318 0.00220463
2.10321 0.00220481
2.10322 0.00220497
2.10324 0.00220511
2.10326 0.00220523
2.10328 0.00220534
2.10329 0.00220543
2.10331 0.00220551
2.10333 0.00220558
2.10335 0.00220564
2.10337 0.0022057
2.10339 0.00220574
2.1034 0.00220579
2.10342 0.00220582
2.10343 0.00220585
2.10345 0.00220588
2.10348 0.00220591
2.10349 0.00220593
2.1035 0.00220595
2.10353 0.00220596
2.10354 0.00220598
2.10356 0.00220599
2.10359 0.002206
2.1036 0.00220601
2.10362 0.00220602
2.10364 0.00220602
2.10365 0.00220603
2.10366 0.00220604
2.10368 0.00220604
2.10371 0.00220605
2.10372 0.00220605
2.10375 0.00220605
2.10376 0.00220606
2.10378 0.00220606
2.1038 0.00220606
2.10382 0.00220606
2.10383 0.00220607
2.10386 0.00220607
2.10387 0.00220607
2.10388 0.00220607
2.10389 0.00220607
2.10392 0.00220607
2.10394 0.00220607
2.10395 0.00220607
2.10397 0.00220607
2.10437 0.00220597
2.10439 0.00220256
2.10442 0.00219958
2.10443 0.00219697
2.10446 0.00219469
2.10447 0.00219269
2.10449 0.00219095
2.10452 0.00218942
2.10454 0.00218808
2.10457 0.00218691
2.1052 0.00218589
2.10523 0.00218499
2.10524 0.00218421
2.10525 0.00218352
2.10526 0.00218292
2.10528 0.0021824
2.10529 0.00218193
2.1053 0.00218153
2.10531 0.00218118
2.10533 0.00218087
2.10534 0.0021806
2.10535 0.00218037
2.10536 0.00218016
2.10539 0.00217998
2.1054 0.00217982
2.10542 0.00217968
2.10544 0.00217956
2.10546 0.00217946
2.10547 0.00217936
2.10548 0.00217928
2.10551 0.00217921
2.10553 0.00217915
2.10555 0.0021791
2.10557 0.00217905
2.10558 0.00217901
2.10559 0.00217897
2.10561 0.00217894
2.10563 0.00217891
2.10566 0.00217889
2.10567 0.00217887
2.10568 0.00217885
2.1057 0.00217883
2.10572 0.00217882
2.10574 0.0021788
2.10577 0.00217879
2.10578 0.00217878
2.1058 0.00217877
2.10581 0.00217877
2.10583 0.00217876
2.10584 0.00217876
2.10586 0.00217875
2.10589 0.00217875
2.1059 0.00217874
2.10592 0.00217874
2.10594 0.00217874
2.10596 0.00217873
2.10597 0.00217873
2.106 0.00217873
2.10601 0.00217873
2.10603 0.00217873
2.10605 0.00217873
2.10606 0.00217872
2.10607 0.00217872
2.1061 0.00217872
2.10612 0.00217872
2.10613 0.00217872
2.10615 0.00217872
2.20444 0.00219249
2.20463 0.00222596
2.20465 0.00225524
2.20466 0.00228087
2.20469 0.00230329
2.2047 0.00232291
2.20473 0.00234007
2.20474 0.00235509
2.20475 0.00236824
2.20476 0.00237974
2.20479 0.0023898
2.20481 0.0023986
2.20482 0.00240631
2.20485 0.00241305
2.20486 0.00241895
2.20487 0.00242411
2.2049 0.00242862
2.20492 0.00243258
2.20493 0.00243603
2.20496 0.00243906
2.20497 0.00244171
2.205 0.00244402
2.20502 0.00244605
2.20504 0.00244782
2.20507 0.00244937
2.20571 0.00245073
2.20573 0.00245192
2.20574 0.00245296
2.20575 0.00245387
2.20577 0.00245467
2.20578 0.00245536
2.20579 0.00245597
2.2058 0.0024565
2.20582 0.00245697
2.20583 0.00245738
2.20584 0.00245774
2.20585 0.00245805
2.20586 0.00245832
2.20589 0.00245856
2.2059 0.00245877
2.20593 0.00245895
2.20594 0.00245911
2.20596 0.00245925
2.20597 0.00245938
2.20599 0.00245948
2.20601 0.00245958
2.20604 0.00245966
2.20605 0.00245973
2.20607 0.00245979
2.20608 0.00245985
2.2061 0.0024599
2.20611 0.00245994
2.20613 0.00245998
2.20616 0.00246001
2.20617 0.00246004
2.20618 0.00246006
2.20621 0.00246008
2.20622 0.0024601
2.20624 0.00246012
2.20627 0.00246014
2.20628 0.00246015
2.20631 0.00246016
2.20632 0.00246017
2.20633 0.00246018
2.20634 0.00246018
2.20637 0.00246019
2.20639 0.0024602
2.2064 0.0024602
2.20643 0.00246021
2.20644 0.00246021
2.20646 0.00246021
2.20648 0.00246022
2.2065 0.00246022
2.20651 0.00246022
2.20654 0.00246022
2.20655 0.00246022
2.20656 0.00246023
2.20657 0.00246023
2.2066 0.00246023
2.20662 0.00246023
2.20664 0.00246023
2.20665 0.00246023
2.20667 0.00246023
2.20668 0.00246023
2.20699 0.00247094
2.20717 0.00248031
2.2072 0.00248852
2.20721 0.00249569
2.20724 0.00250197
2.20725 0.00250746
2.20727 0.00251227
2.20728 0.00251647
2.2073 0.00252016
2.20731 0.00252338
2.20733 0.00252619
2.20736 0.00252866
2.20737 0.00253082
2.20739 0.0025327
2.20741 0.00253435
2.20742 0.0025358
2.20744 0.00253706
2.20747 0.00253817
2.20748 0.00253914
2.2075 0.00253999
2.20752 0.00254073
2.20754 0.00254138
2.20757 0.00254194
2.20759 0.00254244
2.20761 0.00254287
2.20825 0.00254325
2.20828 0.00254359
2.20829 0.00254388
2.2083 0.00254413
2.20831 0.00254436
2.20832 0.00254455
2.20834 0.00254472
2.20835 0.00254487
2.20836 0.002545
2.20837 0.00254512
2.20839 0.00254522
2.2084 0.0025453
2.20841 0.00254538
2.20843 0.00254545
2.20845 0.00254551
2.20847 0.00254556
2.20848 0.0025456
2.20851 0.00254564
2.20852 0.00254568
2.20853 0.00254571
2.20856 0.00254573
2.20858 0.00254575
2.20859 0.00254578
2.20862 0.00254579
2.20863 0.00254581
2.20864 0.00254582
2.20866 0.00254583
2.20868 0.00254584
2.2087 0.00254585
2.20872 0.00254586
2.20873 0.00254587
2.20875 0.00254587
2.20877 0.00254588
2.20879 0.00254588
2.20881 0.00254589
2.20883 0.00254589
2.20885 0.00254589
2.20886 0.0025459
2.20888 0.0025459
2.20889 0.0025459
2.20891 0.0025459
2.20894 0.00254591
2.20895 0.00254591
2.20897 0.00254591
2.20899 0.00254591
2.20901 0.00254591
2.20902 0.00254591
2.20905 0.00254591
2.20906 0.00254591
2.23241 0.00254104
2.23259 0.00253678
2.23262 0.00253305
2.23263 0.00252979
2.23266 0.00252693
2.23267 0.00252443
2.23269 0.00252224
2.2327 0.00252033
2.23272 0.00251866
2.23273 0.00251719
2.23275 0.00251591
2.23278 0.00251479
2.23279 0.00251381
2.23281 0.00251295
2.23283 0.0025122
2.23284 0.00251154
2.23286 0.00251097
2.23289 0.00251046
2.2329 0.00251002
2.23292 0.00250964
2.23294 0.0025093
2.23296 0.00250901
2.23299 0.00250875
2.23301 0.00250852
2.23303 0.00250833
2.23367 0.00250815
2.2337 0.002508
2.23371 0.00250787
2.23372 0.00250775
2.23373 0.00250765
2.23374 0.00250756
2.23376 0.00250748
2.23377 0.00250742
2.23378 0.00250736
2.23379 0.00250731
2.23381 0.00250726
2.23382 0.00250722
2.23383 0.00250718
2.23386 0.00250715
2.23387 0.00250713
2.23389 0.0025071
2.2339 0.00250708
2.23393 0.00250707
2.23394 0.00250705
2.23395 0.00250704
2.23398 0.00250702
2.234 0.00250701
2.23401 0.00250701
2.23404 0.002507
2.23405 0.00250699
2.23406 0.00250698
2.23408 0.00250698
2.2341 0.00250697
2.23412 0.00250697
2.23414 0.00250697
2.23415 0.00250696
2.23417 0.00250696
2.23419 0.00250696
2.23421 0.00250696
2.23423 0.00250695
2.23425 0.00250695
2.23427 0.00250695
2.23428 0.00250695
2.2343 0.00250695
2.23431 0.00250695
2.23433 0.00250695
2.23436 0.00250695
2.23437 0.00250695
2.23439 0.00250694
2.2348 0.00249238
2.23498 0.00247964
2.23501 0.00246849
2.23502 0.00245874
2.23505 0.0024502
2.23506 0.00244273
2.23508 0.00243619
2.23509 0.00243048
2.23511 0.00242547
2.23512 0.00242109
2.23514 0.00241726
2.23517 0.00241391
2.23518 0.00241098
2.23521 0.00240841
2.23522 0.00240616
2.23523 0.0024042
2.23525 0.00240248
2.23528 0.00240098
2.23529 0.00239966
2.23532 0.00239851
2.23533 0.0023975
2.23535 0.00239662
2.23538 0.00239585
2.2354 0.00239517
2.23543 0.00239458
2.23606 0.00239406
2.23609 0.00239361
2.2361 0.00239321
2.23611 0.00239287
2.23612 0.00239257
2.23614 0.0023923
2.23615 0.00239207
2.23616 0.00239187
2.23617 0.00239169
2.23618 0.00239153
2.2362 0.0023914
2.23621 0.00239128
2.23622 0.00239117
2.23625 0.00239108
2.23626 0.002391
2.23628 0.00239093
2.23629 0.00239087
2.23632 0.00239082
2.23633 0.00239077
2.23634 0.00239073
2.23637 0.00239069
2.23639 0.00239066
2.2364 0.00239064
2.23643 0.00239061
2.23644 0.00239059
2.23645 0.00239057
2.23647 0.00239056
2.23649 0.00239054
2.23651 0.00239053
2.23653 0.00239052
2.23654 0.00239051
2.23656 0.0023905
2.23658 0.0023905
2.2366 0.00239049
2.23662 0.00239048
2.23664 0.00239048
2.23666 0.00239047
2.23667 0.00239047
2.23669 0.00239047
2.2367 0.00239047
2.23672 0.00239046
2.23675 0.00239046
2.23676 0.00239046
2.23678 0.00239046
2.2368 0.00239046
2.23682 0.00239045
2.23683 0.00239045
2.23686 0.00239045
2.23687 0.00239045
2.23689 0.00239045
2.23691 0.00239045
2.23692 0.00239045
2.23719 0.00238999
2.23737 0.00238959
2.2374 0.00238924
2.23741 0.00238894
2.23743 0.00238867
2.23744 0.00238843
2.23747 0.00238823
2.23748 0.00238805
2.23749 0.00238789
2.23751 0.00238776
2.23753 0.00238764
2.23756 0.00238753
2.23757 0.00238744
2.23759 0.00238736
2.2376 0.00238729
2.23762 0.00238723
2.23764 0.00238717
2.23767 0.00238713
2.23768 0.00238709
2.2377 0.00238705
2.23771 0.00238702
2.23774 0.00238699
2.23776 0.00238697
2.23779 0.00238695
2.23781 0.00238693
2.23845 0.00238691
2.23847 0.0023869
2.23849 0.00238688
2.2385 0.00238687
2.23851 0.00238686
2.23852 0.00238685
2.23853 0.00238685
2.23855 0.00238684
2.23856 0.00238684
2.23857 0.00238683
2.23858 0.00238683
2.2386 0.00238682
2.23861 0.00238682
2.23863 0.00238682
2.23864 0.00238681
2.23867 0.00238681
2.23868 0.00238681
2.23871 0.00238681
2.23872 0.00238681
2.23873 0.00238681
2.23875 0.00238681
2.23878 0.0023868
2.23879 0.0023868
2.23882 0.0023868
2.23883 0.0023868
2.23884 0.0023868
2.24434 0.00238599
2.24468 0.00240517
2.24471 0.00242195
2.24472 0.00243663
2.24475 0.00244948
2.24476 0.00246072
2.24478 0.00247056
2.24479 0.00247917
2.24481 0.0024867
2.24482 0.00249329
2.24484 0.00249906
2.24487 0.0025041
2.24488 0.00250852
2.2449 0.00251238
2.24492 0.00251576
2.24493 0.00251872
2.24495 0.00252131
2.24498 0.00252357
2.24499 0.00252555
2.24502 0.00252728
2.24503 0.0025288
2.24505 0.00253013
2.24508 0.00253129
2.2451 0.00253231
2.24513 0.00253319
2.24576 0.00253397
2.24579 0.00253465
2.2458 0.00253525
2.24581 0.00253577
2.24582 0.00253623
2.24584 0.00253663
2.24585 0.00253697
2.24586 0.00253728
2.24587 0.00253755
2.24588 0.00253778
2.2459 0.00253799
2.24591 0.00253817
2.24592 0.00253832
2.24595 0.00253846
2.24596 0.00253858
2.24598 0.00253869
2.24599 0.00253878
2.24602 0.00253886
2.24603 0.00253893
2.24604 0.00253899
2.24607 0.00253904
2.24609 0.00253909
2.2461 0.00253913
2.24613 0.00253917
2.24614 0.0025392
2.24615 0.00253923
2.24617 0.00253925
2.24619 0.00253927
2.24621 0.00253929
2.24623 0.00253931
2.24624 0.00253932
2.24626 0.00253933
2.24628 0.00253934
2.2463 0.00253935
2.24632 0.00253936
2.24634 0.00253937
2.24636 0.00253937
2.24637 0.00253938
2.24639 0.00253939
2.2464 0.00253939
2.24642 0.00253939
2.24645 0.0025394
2.24646 0.0025394
2.24648 0.0025394
2.2465 0.0025394
2.24652 0.00253941
2.24653 0.00253941
2.24656 0.00253941
2.24657 0.00253941
2.24659 0.00253941
2.24661 0.00253941
2.24662 0.00253941
2.24663 0.00253942
2.24666 0.00253942
2.24668 0.00253942
2.24686 0.00253725
2.24721 0.00253535
2.24723 0.00253368
2.24724 0.00253223
2.24727 0.00253095
2.24728 0.00252984
2.2473 0.00252887
2.24732 0.00252801
2.24733 0.00252727
2.24734 0.00252661
2.24737 0.00252604
2.24739 0.00252554
2.2474 0.00252511
2.24743 0.00252472
2.24744 0.00252439
2.24745 0.0025241
2.24748 0.00252384
2.2475 0.00252361
2.24751 0.00252342
2.24754 0.00252325
2.24755 0.0025231
2.24757 0.00252296
2.2476 0.00252285
2.24762 0.00252275
2.24765 0.00252266
2.24828 0.00252258
2.24831 0.00252252
2.24832 0.00252246
2.24833 0.00252241
2.24834 0.00252236
2.24836 0.00252232
2.24837 0.00252229
2.24838 0.00252226
2.24839 0.00252223
2.24841 0.00252221
2.24842 0.00252219
2.24843 0.00252217
2.24844 0.00252215
2.24847 0.00252214
2.24848 0.00252213
2.2485 0.00252212
2.24852 0.00252211
2.24854 0.0025221
2.24855 0.00252209
2.24857 0.00252209
2.24859 0.00252208
2.24861 0.00252208
2.24863 0.00252207
2.24865 0.00252207
2.24866 0.00252207
2.24868 0.00252206
2.24869 0.00252206
2.24871 0.00252206
2.24874 0.00252206
2.24875 0.00252206
2.24876 0.00252205
2.24879 0.00252205
2.2488 0.00252205
2.24882 0.00252205
2.24885 0.00252205
2.24886 0.00252205
2.24888 0.00252205
2.24939 0.00252197
2.24973 0.00252191
2.24975 0.00252185
2.24976 0.00252179
2.24979 0.00252175
2.2498 0.00252171
2.24983 0.00252168
2.24984 0.00252165
2.24985 0.00252162
2.24986 0.0025216
2.24989 0.00252158
2.24991 0.00252156
2.24992 0.00252155
2.24995 0.00252153
2.24996 0.00252152
2.24997 0.00252151
2.25 0.0025215
2.25002 0.00252149
2.25003 0.00252148
2.25006 0.00252148
2.25007 0.00252147
2.2501 0.00252147
2.25012 0.00252147
2.25014 0.00252146
2.25017 0.00252146
2.25081 0.00252146
2.25083 0.00252145
2.25084 0.00252145
2.25085 0.00252145
2.25087 0.00252145
2.25088 0.00252145
2.25089 0.00252144
2.2509 0.00252144
2.25092 0.00252144
2.25093 0.00252144
2.25094 0.00252144
2.25095 0.00252144
2.2519 0.00252069
2.25201 0.00249033
2.25203 0.00246378
2.25204 0.00244054
2.25207 0.0024202
2.25208 0.00240241
2.2521 0.00238684
2.25212 0.00237322
2.25213 0.0023613
2.25214 0.00235087
2.25217 0.00234175
2.25219 0.00233376
2.2522 0.00232678
2.25223 0.00232066
2.25224 0.00231531
2.25225 0.00231063
2.25228 0.00230654
2.2523 0.00230295
2.25231 0.00229982
2.25234 0.00229707
2.25235 0.00229467
2.25237 0.00229257
2.2524 0.00229073
2.25242 0.00228913
2.25245 0.00228772
2.25308 0.00228649
2.25311 0.00228541
2.25312 0.00228447
2.25313 0.00228364
2.25314 0.00228292
2.25316 0.00228229
2.25317 0.00228174
2.25318 0.00228125
2.25319 0.00228083
2.25321 0.00228046
2.25322 0.00228014
2.25323 0.00227985
2.25324 0.00227961
2.25327 0.00227939
2.25328 0.0022792
2.2533 0.00227903
2.25332 0.00227889
2.25334 0.00227876
2.25335 0.00227865
2.25336 0.00227855
2.25339 0.00227847
2.25341 0.00227839
2.25343 0.00227833
2.25345 0.00227827
2.25346 0.00227822
2.25347 0.00227817
2.25349 0.00227814
2.25351 0.0022781
2.25354 0.00227807
2.25355 0.00227805
2.25356 0.00227803
2.25358 0.00227801
2.2536 0.00227799
2.25362 0.00227797
2.25365 0.00227796
2.25366 0.00227795
2.25368 0.00227794
2.2537 0.00227793
2.25371 0.00227792
2.25372 0.00227792
2.25374 0.00227791
2.25377 0.0022779
2.25378 0.0022779
2.25381 0.0022779
2.25382 0.00227789
2.25384 0.00227789
2.25385 0.00227789
2.25388 0.00227788
2.25389 0.00227788
2.25392 0.00227788
2.25393 0.00227788
2.25394 0.00227788
2.25395 0.00227788
2.25398 0.00227788
2.254 0.00227787
2.25401 0.00227787
2.25403 0.00227787
2.25405 0.00227787
2.25417 0.0022774
2.25422 0.00226911
2.25424 0.00226186
2.25425 0.00225552
2.25428 0.00224996
2.25429 0.00224511
2.25431 0.00224085
2.25433 0.00223714
2.25434 0.00223388
2.25435 0.00223103
2.25438 0.00222854
2.2544 0.00222636
2.25441 0.00222445
2.25444 0.00222279
2.25445 0.00222132
2.25446 0.00222005
2.25449 0.00221893
2.25451 0.00221795
2.25452 0.00221709
2.25455 0.00221634
2.25456 0.00221569
2.25458 0.00221512
2.25461 0.00221461
2.25463 0.00221417
2.25466 0.00221379
2.25529 0.00221345
2.25532 0.00221316
2.25533 0.0022129
2.25534 0.00221268
2.25536 0.00221248
2.25537 0.00221231
2.25538 0.00221216
2.25539 0.00221202
2.2554 0.00221191
2.25542 0.00221181
2.25543 0.00221172
2.25544 0.00221164
2.25545 0.00221157
2.25548 0.00221152
2.25549 0.00221146
2.25551 0.00221142
2.25553 0.00221138
2.25555 0.00221134
2.25556 0.00221131
2.25558 0.00221129
2.2556 0.00221126
2.25562 0.00221124
2.25564 0.00221123
2.25566 0.00221121
2.25567 0.0022112
2.25569 0.00221118
2.2557 0.00221117
2.25572 0.00221117
2.25575 0.00221116
2.25576 0.00221115
2.25577 0.00221114
2.2558 0.00221114
2.25581 0.00221113
2.25583 0.00221113
2.25586 0.00221113
2.25587 0.00221112
2.25589 0.00221112
2.25591 0.00221112
2.25592 0.00221112
2.25593 0.00221111
2.25596 0.00221111
2.25598 0.00221111
2.25599 0.00221111
2.25602 0.00221111
2.25603 0.00221111
2.25605 0.00221111
2.25607 0.00221111
2.25609 0.00221111
2.2561 0.0022111
2.25638 0.0022108
2.25643 0.00221129
2.25646 0.00221171
2.25647 0.00221208
2.25649 0.00221241
2.25651 0.00221269
2.25653 0.00221294
2.25654 0.00221316
2.25655 0.00221335
2.25657 0.00221352
2.25659 0.00221366
2.25662 0.00221379
2.25663 0.0022139
2.25665 0.002214
2.25666 0.00221409
2.25668 0.00221416
2.2567 0.00221423
2.25673 0.00221428
2.25674 0.00221433
2.25676 0.00221438
2.25677 0.00221442
2.2568 0.00221445
2.25682 0.00221448
2.25685 0.0022145
2.25687 0.00221453
2.25751 0.00221455
2.25753 0.00221456
2.25755 0.00221458
2.25756 0.00221459
2.25757 0.0022146
2.25758 0.00221461
2.25759 0.00221462
2.25761 0.00221463
2.25762 0.00221464
2.25763 0.00221464
2.25764 0.00221465
2.25766 0.00221465
2.25767 0.00221466
2.25769 0.00221466
2.2577 0.00221466
2.25773 0.00221467
2.25774 0.00221467
2.25777 0.00221467
2.25778 0.00221467
2.25779 0.00221467
2.25781 0.00221468
2.25784 0.00221468
2.25785 0.00221468
2.25788 0.00221468
2.25789 0.00221468
2.2579 0.00221468
2.25791 0.00221468
2.25861 0.00221034
2.25864 0.00220654
2.25865 0.00220321
2.25867 0.0022003
2.25869 0.00219776
2.25871 0.00219553
2.25872 0.00219358
2.25873 0.00219187
2.25875 0.00219038
2.25877 0.00218907
2.2588 0.00218793
2.25881 0.00218693
2.25883 0.00218606
2.25884 0.00218529
2.25886 0.00218462
2.25888 0.00218403
2.25891 0.00218352
2.25892 0.00218307
2.25894 0.00218268
2.25895 0.00218234
2.25898 0.00218204
2.259 0.00218177
2.25903 0.00218154
2.25905 0.00218134
2.25969 0.00218117
2.25971 0.00218101
2.25973 0.00218088
2.25974 0.00218076
2.25975 0.00218066
2.25976 0.00218057
2.25977 0.00218049
2.25979 0.00218042
2.2598 0.00218036
2.25981 0.0021803
2.25982 0.00218026
2.25984 0.00218022
2.25985 0.00218018
2.25987 0.00218015
2.25988 0.00218012
2.25991 0.0021801
2.25992 0.00218008
2.25995 0.00218006
2.25996 0.00218004
2.25997 0.00218003
2.25999 0.00218002
2.26002 0.00218001
2.26003 0.00218
2.26006 0.00217999
2.26007 0.00217998
2.26008 0.00217998
2.26009 0.00217997
2.26012 0.00217997
2.26014 0.00217996
2.26015 0.00217996
2.26017 0.00217995
2.26019 0.00217995
2.2602 0.00217995
2.26023 0.00217995
2.26025 0.00217995
2.26026 0.00217994
2.26029 0.00217994
2.2603 0.00217994
2.26031 0.00217994
2.26033 0.00217994
2.26035 0.00217994
2.26037 0.00217994
2.26039 0.00217994
2.26041 0.00217994
2.26079 0.00217978
2.26081 0.00217965
2.26083 0.00217953
2.26085 0.00217943
2.26086 0.00217934
2.26089 0.00217927
2.2609 0.0021792
2.26091 0.00217914
2.26093 0.00217908
2.26095 0.00217904
2.26097 0.002179
2.26099 0.00217896
2.26101 0.00217893
2.26102 0.00217891
2.26104 0.00217888
2.26106 0.00217886
2.26108 0.00217884
2.2611 0.00217883
2.26112 0.00217881
2.26113 0.0021788
2.26116 0.00217879
2.26118 0.00217878
2.26121 0.00217877
2.26123 0.00217877
2.26187 0.00217876
2.26189 0.00217876
2.2619 0.00217875
2.26192 0.00217875
2.26193 0.00217874
2.26194 0.00217874
2.26195 0.00217874
2.26197 0.00217873
2.26198 0.00217873
2.26199 0.00217873
2.262 0.00217873
2.26201 0.00217873
2.26203 0.00217873
2.26205 0.00217872
2.26206 0.00217872
2.26209 0.00217872
2.2621 0.00217872
2.26212 0.00217872
2.26214 0.00217872
2.3022 0.00218214
2.30221 0.00218513
2.30224 0.00218775
2.30225 0.00219004
2.30227 0.00219205
2.30229 0.0021938
2.30231 0.00219533
2.30232 0.00219668
2.30234 0.00219785
2.30235 0.00219888
2.30237 0.00219978
2.3024 0.00220057
2.30241 0.00220126
2.30243 0.00220186
2.30245 0.00220239
2.30246 0.00220285
2.30248 0.00220325
2.30251 0.0022036
2.30252 0.00220391
2.30254 0.00220418
2.30256 0.00220442
2.30258 0.00220463
2.30261 0.00220481
2.30263 0.00220497
2.30265 0.00220511
2.30329 0.00220523
2.30332 0.00220533
2.30333 0.00220543
2.30334 0.00220551
2.30335 0.00220558
2.30336 0.00220564
2.30338 0.0022057
2.30339 0.00220574
2.3034 0.00220579
2.30341 0.00220582
2.30343 0.00220585
2.30344 0.00220588
2.30345 0.00220591
2.30347 0.00220593
2.30349 0.00220594
2.30351 0.00220596
2.30352 0.00220597
2.30355 0.00220599
2.30356 0.002206
2.30357 0.00220601
2.3036 0.00220602
2.30362 0.00220602
2.30363 0.00220603
2.30366 0.00220604
2.30367 0.00220604
2.30368 0.00220605
2.30369 0.00220605
2.30372 0.00220605
2.30374 0.00220606
2.30376 0.00220606
2.30377 0.00220606
2.30379 0.00220606
2.3038 0.00220607
2.30383 0.00220607
2.30385 0.00220607
2.30387 0.00220607
2.30389 0.00220607
2.3039 0.00220607
2.30391 0.00220607
2.30393 0.00220607
2.30395 0.00220607
2.30438 0.00220265
2.30439 0.00219966
2.30442 0.00219704
2.30443 0.00219475
2.30445 0.00219275
2.30447 0.00219099
2.30449 0.00218946
2.3045 0.00218812
2.30451 0.00218694
2.30453 0.00218591
2.30455 0.00218501
2.30458 0.00218423
2.30459 0.00218354
2.30461 0.00218293
2.30462 0.00218241
2.30464 0.00218195
2.30466 0.00218154
2.30469 0.00218119
2.3047 0.00218088
2.30472 0.00218061
2.30473 0.00218037
2.30476 0.00218017
2.30478 0.00217998
2.30481 0.00217983
2.30483 0.00217969
2.30547 0.00217957
2.30549 0.00217946
2.30551 0.00217937
2.30552 0.00217929
2.30553 0.00217921
2.30554 0.00217915
2.30555 0.0021791
2.30557 0.00217905
2.30558 0.00217901
2.30559 0.00217897
2.3056 0.00217894
2.30562 0.00217891
2.30563 0.00217889
2.30565 0.00217887
2.30567 0.00217885
2.30569 0.00217883
2.3057 0.00217882
2.30573 0.0021788
2.30574 0.00217879
2.30575 0.00217878
2.30578 0.00217878
2.3058 0.00217877
2.30581 0.00217876
2.30584 0.00217876
2.30585 0.00217875
2.30586 0.00217875
2.30587 0.00217874
2.3059 0.00217874
2.30592 0.00217874
2.30593 0.00217873
2.30595 0.00217873
2.30597 0.00217873
2.30598 0.00217873
2.30601 0.00217873
2.30603 0.00217873
2.30604 0.00217872
2.30607 0.00217872
2.30608 0.00217872
2.30609 0.00217872
2.30611 0.00217872
2.30613 0.00217872
2.43442 0.00217878
2.43445 0.00217949
2.43447 0.00218011
2.43448 0.00218065
2.4345 0.00218113
2.43452 0.00218155
2.43453 0.00218191
2.43456 0.00218223
2.43458 0.00218251
2.43459 0.00218275
2.43462 0.00218297
2.43463 0.00218315
2.43464 0.00218332
2.43466 0.00218346
2.43468 0.00218358
2.4347 0.00218369
2.43472 0.00218379
2.43474 0.00218387
2.43475 0.00218395
2.43478 0.00218401
2.43479 0.00218407
2.43482 0.00218412
2.43483 0.00218416
2.43485 0.0021842
2.43486 0.00218423
2.43488 0.00218426
2.43489 0.00218428
2.43491 0.00218431
2.43494 0.00218432
2.43495 0.00218434
2.43496 0.00218436
2.43499 0.00218437
2.435 0.00218438
2.43502 0.00218439
2.43504 0.0021844
2.43506 0.00218441
2.43507 0.00218441
2.43508 0.00218442
2.43511 0.00218443
2.43512 0.00218443
2.43515 0.00218443
2.43516 0.00218444
2.43518 0.00218444
2.43519 0.00218444
2.43522 0.00218445
2.43523 0.00218445
2.43524 0.00218445
2.43526 0.00218445
2.43528 0.00218445
2.4353 0.00218445
2.43532 0.00218445
2.43534 0.00218445
2.43535 0.00218446
2.43537 0.00218446
2.43539 0.00218446
2.4366 0.00218447
2.43663 0.00218383
2.43665 0.00218327
2.43666 0.00218278
2.43668 0.00218234
2.4367 0.00218197
2.43671 0.00218164
2.43674 0.00218135
2.43676 0.0021811
2.43677 0.00218087
2.4368 0.00218068
2.43681 0.00218051
2.43682 0.00218036
2.43684 0.00218023
2.43686 0.00218012
2.43688 0.00218002
2.4369 0.00217993
2.43692 0.00217986
2.43693 0.00217979
2.43696 0.00217973
2.43697 0.00217968
2.43699 0.00217964
2.43701 0.0021796
2.43703 0.00217956
2.43704 0.00217953
2.43706 0.00217951
2.43707 0.00217948
2.43709 0.00217946
2.43712 0.00217945
2.43713 0.00217943
2.43714 0.00217942
2.43717 0.00217941
2.43718 0.0021794
2.4372 0.00217939
2.43721 0.00217938
2.43724 0.00217937
2.43725 0.00217937
2.43726 0.00217936
2.43729 0.00217936
2.4373 0.00217935
2.43732 0.00217935
2.43734 0.00217935
2.43736 0.00217934
2.43737 0.00217934
2.4374 0.00217934
2.43741 0.00217934
2.43742 0.00217934
2.43744 0.00217933
2.43746 0.00217933
2.43748 0.00217933
2.4375 0.00217933
2.43752 0.00217933
2.43753 0.00217933
2.43755 0.00217933
2.43878 0.00217925
2.43881 0.00217919
2.43883 0.00217913
2.43884 0.00217907
2.43885 0.00217903
2.43888 0.00217899
2.43889 0.00217896
2.43892 0.00217893
2.43894 0.0021789
2.43895 0.00217888
2.43898 0.00217886
2.43899 0.00217884
2.439 0.00217883
2.43901 0.00217881
2.43904 0.0021788
2.43906 0.00217879
2.43908 0.00217878
2.4391 0.00217877
2.43911 0.00217877
2.43914 0.00217876
2.43915 0.00217875
2.43917 0.00217875
2.43919 0.00217875
2.43921 0.00217874
2.43922 0.00217874
2.43923 0.00217873
2.43925 0.00217873
2.43927 0.00217873
2.4393 0.00217873
2.43931 0.00217873
2.43932 0.00217873
2.43934 0.00217872
2.43936 0.00217872
2.43938 0.00217872
2.43939 0.00217872
2.43942 0.00217872
2.43943 0.00217872
