1.00063 2920
1.00129 4380
1.00131 5840
1.00194 7300
1.00197 8760
1.00199 10220
1.00202 11680
1.0026 13140
1.00263 14600
1.00265 16060
1.00268 17520
1.0027 18980
1.00272 20440
1.00275 21900
1.00277 23360
1.00399 24820
1.00475 26280
1.00548 27740
1.00619 29200
1.00687 30660
1.00753 32120
1.00816 33580
1.00877 35040
1.00935 36500
1.00991 37960
1.0104 39420
1.01094 40880
1.01143 42340
1.01192 43800
1.01241 45260
1.0129 46720
1.01339 48180
1.01388 49640
1.01437 51100
1.01485 52560
1.01534 54020
1.01583 55480
1.01632 56940
1.01681 58400
1.0173 59860
1.01779 61320
1.01828 62780
1.01877 64240
1.01926 65700
1.01975 67160
1.02024 68620
1.02073 70080
1.02122 71540
1.02171 73000
1.0222 74460
1.02269 75920
1.02318 77380
1.02367 78840
1.02416 80300
1.02465 81760
1.02514 83220
1.02563 84680
1.02612 86140
1.02661 87600
1.02709 89060
1.02758 90520
1.02807 91980
1.02856 93440
1.02905 94900
1.02954 96360
1.03003 97820
1.03052 99280
1.03101 100740
1.0315 102200
1.03199 103660
1.03248 105120
1.03297 106580
1.03346 108040
1.03395 109500
1.03444 110960
1.03493 112420
1.03542 113880
1.03591 115340
1.0364 116800
1.03689 118260
1.03738 119720
1.03787 121180
1.03836 122640
1.03885 124100
1.03933 125560
1.03982 127020
1.04031 128480
1.0408 129940
1.04129 131400
1.04178 132860
1.04227 134320
1.04276 135780
1.04325 137240
1.04374 138700
1.04423 140160
1.04472 141620
1.04521 143080
1.0457 144540
1.04619 146000
1.04668 147460
1.04717 148920
1.04766 150380
1.04815 151840
1.04864 153300
1.04913 154760
1.04962 156220
1.05011 157680
1.0506 159140
1.05109 160600
1.05157 162060
1.05206 163520
1.05255 164980
1.05304 166440
1.05353 167900
1.05402 169360
1.05451 170820
1.055 172280
1.05549 173740
1.05598 175200
1.05647 176660
1.05696 178120
1.05745 179580
1.05794 181040
1.05843 182500
1.05892 183960
1.05941 185420
1.0599 186880
1.06039 188340
1.06088 189800
1.06137 191260
1.06186 192720
1.06235 194180
1.06284 195640
1.06333 197100
1.06381 198560
1.0643 200020
1.06479 201480
1.06528 202940
1.06577 204400
1.06626 205860
1.06675 207320
1.06724 208780
1.06773 210240
1.06822 211700
1.06871 213160
1.0692 214620
1.06969 216080
1.07018 217540
1.07067 219000
1.07116 220460
1.07165 221920
1.07214 223380
1.07263 224840
1.07312 226300
1.07361 227760
1.0741 229220
1.07459 230680
1.07508 232140
1.07557 233600
1.07605 235060
1.07654 236520
1.07703 237980
1.07752 239440
1.07801 240900
1.0785 242360
1.07899 243820
1.07948 245280
1.07997 246740
1.08046 248200
1.08095 249660
1.08144 251120
1.08193 252580
1.08242 254040
1.08291 255500
1.0834 256960
1.08389 258420
1.08438 259880
1.08487 261340
1.08536 262800
1.08585 264260
1.08634 265720
1.08683 267180
1.08732 268640
1.08781 270100
1.08829 271560
1.08878 273020
1.08927 274480
1.08976 275940
1.09025 277400
1.09074 278860
1.09123 280320
1.09172 281780
1.09221 283240
1.0927 284700
1.09319 286160
1.09368 287620
1.09417 289080
1.09466 290540
1.09515 292000
1.09564 293460
1.09613 294920
1.09662 296380
1.09711 297840
1.0976 299300
1.09809 300760
1.09858 302220
1.09907 303680
1.09956 305140
1.10005 306600
1.10053 308060
1.10109 309520
1.10158 310980
1.10207 312440
1.10256 313900
1.10305 315360
1.10354 316820
1.10403 318280
1.10452 319740
1.10501 321200
1.1055 322660
1.10599 324120
1.10648 325580
1.10697 327040
1.10745 328500
1.10794 329960
1.10843 331420
1.10892 332880
1.10941 334340
1.1099 335800
1.11039 337260
1.11088 338720
1.11137 340180
1.11186 341640
1.11235 343100
1.11284 344560
1.11333 346020
1.11382 347480
1.11431 348940
1.1148 350400
1.11529 351860
1.11578 353320
1.11627 354780
1.11676 356240
1.11725 357700
1.11774 359160
1.11823 360620
1.11872 362080
1.11921 363540
1.11969 365000
1.12018 366460
1.12067 367920
1.12116 369380
1.12165 370840
1.12214 372300
1.12263 373760
1.12312 375220
1.12361 376680
1.1241 378140
1.12459 379600
1.12508 381060
1.12557 382520
1.12606 383980
1.12655 385440
1.12704 386900
1.12753 388360
1.12802 389820
1.12851 391280
1.129 392740
1.12949 394200
1.12998 395660
1.13047 397120
1.13096 398580
1.13145 400040
1.13193 401500
1.13242 402960
1.13291 404420
1.1334 405880
1.13389 407340
1.13438 408800
1.13487 410260
1.13536 411720
1.13585 413180
1.13634 414640
1.13683 416100
1.13732 417560
1.13781 419020
1.1383 420480
1.13879 421940
1.13928 423400
1.13977 424860
1.14026 426320
1.14075 427780
1.14124 429240
1.14173 430700
1.14222 432160
1.14271 433620
1.1432 435080
1.14369 436540
1.14417 438000
1.14466 439460
1.14515 440920
1.14564 442380
1.14613 443840
1.14662 445300
1.14711 446760
1.1476 448220
1.14809 449680
1.14858 451140
1.14907 452600
1.14956 454060
1.15005 455520
1.15054 456980
1.15103 458440
1.15152 459900
1.15201 461360
1.1525 462820
1.15299 464280
1.15348 465740
1.15397 467200
1.15446 468660
1.15495 470120
1.15544 471580
1.15593 473040
1.15641 474500
1.1569 475960
1.15739 477420
1.15788 478880
1.15837 480340
1.15886 481800
1.15935 483260
1.15984 484720
1.16033 486180
1.16082 487640
1.16131 489100
1.1618 490560
1.16229 492020
1.16278 493480
1.16327 494940
1.16376 496400
1.16425 497860
1.16474 499320
1.16523 500780
1.16572 502240
1.16621 503700
1.1667 505160
1.16719 506620
1.16768 508080
1.16817 509540
1.16865 511000
1.16914 512460
1.16963 513920
1.17012 515380
1.17061 516840
1.1711 518300
1.17159 519760
1.17208 521220
1.17257 522680
1.17306 524140
1.17355 525600
1.17404 527060
1.17453 528520
1.17502 529980
1.17551 531440
1.176 532900
1.17649 534360
1.17698 535820
1.17747 537280
1.17796 538740
1.17845 540200
1.17894 541660
1.17943 543120
1.17992 544580
1.18041 546040
1.18089 547500
1.18138 548960
1.18187 550420
1.18236 551880
1.18285 553340
1.18334 554800
1.18383 556260
1.18432 557720
1.18481 559180
1.1853 560640
1.18579 562100
1.18628 563560
1.18677 565020
1.18726 566480
1.18775 567940
1.18824 569400
1.18873 570860
1.18922 572320
1.18971 573780
1.1902 575240
1.19069 576700
1.19118 578160
1.19167 579620
1.19216 581080
1.19265 582540
1.19313 584000
1.19362 585460
1.19411 586920
1.1946 588380
1.19509 589840
1.19558 591300
1.19607 592760
1.19656 594220
1.19705 595680
1.19754 597140
1.19803 598600
1.19852 600060
1.19901 601520
1.1995 602980
1.19999 604440
1.20048 605900
1.20097 607360
1.20146 608820
1.20195 610280
1.20244 611740
1.20293 613200
1.20342 614660
1.20391 616120
1.2044 617580
1.20489 619040
1.20537 620500
1.20586 621960
1.20635 623420
1.20684 624880
1.20733 626340
1.20782 627800
1.20831 629260
1.2088 630720
1.20929 632180
1.20978 633640
1.21027 635100
1.21076 636560
1.21125 638020
1.21174 639480
1.21223 640940
1.21272 642400
1.21321 643860
1.2137 645320
1.21419 646780
1.21468 648240
1.21517 649700
1.21566 651160
1.21615 652620
1.21664 654080
1.21713 655540
1.21761 657000
1.2181 658460
1.21859 659920
1.21908 661380
1.21957 662840
1.22006 664300
1.22055 665760
1.22104 667220
1.22153 668680
1.22202 670140
1.22251 671600
1.223 673060
1.22349 674520
1.22398 675980
1.22447 677440
1.22496 678900
1.22545 680360
1.22594 681820
1.22643 683280
1.22692 684740
1.22741 686200
1.2279 687660
1.22839 689120
1.22888 690580
1.22937 692040
1.22985 693500
1.23034 694960
1.23083 696420
1.23132 697880
1.23181 699340
1.2323 700800
1.23279 702260
1.23328 703720
1.23377 705180
1.23426 706640
1.23475 708100
1.23524 709560
1.23573 711020
1.23622 712480
1.23671 713940
1.2372 715400
1.23769 716860
1.23818 718320
1.23867 719780
1.23916 721240
1.23965 722700
1.24014 724160
1.24063 725620
1.24112 727080
1.24161 728540
1.24209 730000
1.24258 731460
1.24307 732920
1.24356 734380
1.24405 735840
1.24454 737300
1.24503 738760
1.24552 740220
1.24601 741680
1.2465 743140
1.24699 744600
1.24748 746060
1.24797 747520
1.24846 748980
1.24895 750440
1.24944 751900
1.24993 753360
1.25042 754820
1.25091 756280
1.2514 757740
1.25189 759200
1.25238 760660
1.25287 762120
1.25336 763580
1.25385 765040
1.25433 766500
1.25482 767960
1.25531 769420
1.2558 770880
1.25629 772340
1.25678 773800
1.25727 775260
1.25776 776720
1.25825 778180
1.25874 779640
1.25923 781100
1.25972 782560
1.26021 784020
1.2607 785480
1.26119 786940
1.26168 788400
1.26217 789860
1.26266 791320
1.26315 792780
1.26364 794240
1.26413 795700
1.26462 797160
1.26511 798620
1.2656 800080
1.26609 801540
1.26657 803000
1.26706 804460
1.26755 805920
1.26804 807380
1.26853 808840
1.26902 810300
1.26951 811760
1.27 813220
1.27049 814680
1.27098 816140
1.27147 817600
1.27196 819060
1.27245 820520
1.27294 821980
1.27343 823440
1.27392 824900
1.27441 826360
1.2749 827820
1.27539 829280
1.27588 830740
1.27637 832200
1.27686 833660
1.27735 835120
1.27784 836580
1.27833 838040
1.27881 839500
1.2793 840960
1.27979 842420
1.28028 843880
1.28077 845340
1.28126 846800
1.28175 848260
1.28224 849720
1.28273 851180
1.28322 852640
1.28371 854100
1.2842 855560
1.28469 857020
1.28518 858480
1.28567 859940
1.28616 861400
1.28665 862860
1.28714 864320
1.28763 865780
1.28812 867240
1.28861 868700
1.2891 870160
1.28959 871620
1.29008 873080
1.29057 874540
1.29105 876000
1.29154 877460
1.29203 878920
1.29252 880380
1.29301 881840
1.2935 883300
1.29399 884760
1.29448 886220
1.29497 887680
1.29546 889140
1.29595 890600
1.29644 892060
1.29693 893520
1.29742 894980
1.29791 896440
1.2984 897900
1.29889 899360
1.29938 900820
1.29987 902280
1.30036 903740
1.30091 905200
1.3014 906660
1.30189 908120
1.30238 909580
1.30287 911040
1.30336 912500
1.30385 913960
1.30434 915420
1.30483 916880
1.30532 918340
1.30581 919800
1.3063 921260
1.30679 922720
1.30728 924180
1.30777 925640
1.30826 927100
1.30875 928560
1.30924 930020
1.30973 931480
1.31022 932940
1.3107 934400
1.31119 935860
1.31168 937320
1.31217 938780
1.31266 940240
1.31315 941700
1.31364 943160
1.31413 944620
1.31462 946080
1.31511 947540
1.3156 949000
1.31609 950460
1.31658 951920
1.31707 953380
1.31756 954840
1.31805 956300
1.31854 957760
1.31903 959220
1.31952 960680
1.32001 962140
1.3205 963600
1.32099 965060
1.32148 966520
1.32197 967980
1.32246 969440
1.32294 970900
1.32343 972360
1.32392 973820
1.32441 975280
1.3249 976740
1.32539 978200
1.32588 979660
1.32637 981120
1.32686 982580
1.32735 984040
1.32784 985500
1.32833 986960
1.32882 988420
1.32931 989880
1.3298 991340
1.33029 992800
1.33078 994260
1.33127 995720
1.33176 997180
1.33225 998640
1.33274 1000100
1.33323 1001560
1.33372 1003020
1.33421 1004480
1.3347 1005940
1.33518 1007400
1.33567 1008860
1.33616 1010320
1.33665 1011780
1.33714 1013240
1.33763 1014700
1.33812 1016160
1.33861 1017620
1.3391 1019080
1.33959 1020540
1.34008 1022000
1.34057 1023460
1.34106 1024920
1.34155 1026380
1.34204 1027840
1.34253 1029300
1.34302 1030760
1.34351 1032220
1.344 1033680
1.34449 1035140
1.34498 1036600
1.34547 1038060
1.34596 1039520
1.34645 1040980
1.34694 1042440
1.34742 1043900
1.34791 1045360
1.3484 1046820
1.34889 1048280
1.34938 1049740
1.34987 1051200
1.35036 1052660
1.35085 1054120
1.35134 1055580
1.35183 1057040
1.35232 1058500
1.35281 1059960
1.3533 1061420
1.35379 1062880
1.35428 1064340
1.35477 1065800
1.35526 1067260
1.35575 1068720
1.35624 1070180
1.35673 1071640
1.35722 1073100
1.35771 1074560
1.3582 1076020
1.35869 1077480
1.35918 1078940
1.35966 1080400
1.36015 1081860
1.36064 1083320
1.36113 1084780
1.36162 1086240
1.36211 1087700
1.3626 1089160
1.36309 1090620
1.36358 1092080
1.36407 1093540
1.36456 1095000
1.36505 1096460
1.36554 1097920
1.36603 1099380
1.36652 1100840
1.36701 1102300
1.3675 1103760
1.36799 1105220
1.36848 1106680
1.36897 1108140
1.36946 1109600
1.36995 1111060
1.37044 1112520
1.37093 1113980
1.37142 1115440
1.3719 1116900
1.37239 1118360
1.37288 1119820
1.37337 1121280
1.37386 1122740
1.37435 1124200
1.37484 1125660
1.37533 1127120
1.37582 1128580
1.37631 1130040
1.3768 1131500
1.37729 1132960
1.37778 1134420
1.37827 1135880
1.37876 1137340
1.37925 1138800
1.37974 1140260
1.38023 1141720
1.38072 1143180
1.38121 1144640
1.3817 1146100
1.38219 1147560
1.38268 1149020
1.38317 1150480
1.38366 1151940
1.38414 1153400
1.38463 1154860
1.38512 1156320
1.38561 1157780
1.3861 1159240
1.38659 1160700
1.38708 1162160
1.38757 1163620
1.38806 1165080
1.38855 1166540
1.38904 1168000
1.38953 1169460
1.39002 1170920
1.39051 1172380
1.391 1173840
1.39149 1175300
1.39198 1176760
1.39247 1178220
1.39296 1179680
1.39345 1181140
1.39394 1182600
1.39443 1184060
1.39492 1185520
1.39541 1186980
1.3959 1188440
1.39638 1189900
1.39687 1191360
1.39736 1192820
1.39785 1194280
1.39834 1195740
1.39883 1197200
1.39932 1198660
1.39981 1200120
1.4003 1201580
1.40079 1203040
1.40128 1204500
1.40177 1205960
1.40226 1207420
1.40275 1208880
1.40324 1210340
1.40373 1211800
1.40422 1213260
1.40471 1214720
1.4052 1216180
1.40569 1217640
1.40618 1219100
1.40667 1220560
1.40716 1222020
1.40765 1223480
1.40814 1224940
1.40862 1226400
1.40911 1227860
1.4096 1229320
1.41009 1230780
1.41058 1232240
1.41107 1233700
1.41156 1235160
1.41205 1236620
1.41254 1238080
1.41303 1239540
1.41352 1241000
1.41401 1242460
1.4145 1243920
1.41499 1245380
1.41548 1246840
1.41597 1248300
1.41646 1249760
1.41695 1251220
1.41744 1252680
1.41793 1254140
1.41842 1255600
1.41891 1257060
1.4194 1258520
1.41989 1259980
1.42038 1261440
1.42086 1262900
1.42135 1264360
1.42184 1265820
1.42233 1267280
1.42282 1268740
1.42331 1270200
1.4238 1271660
1.42429 1273120
1.42478 1274580
1.42527 1276040
1.42576 1277500
1.42625 1278960
1.42674 1280420
1.42723 1281880
1.42772 1283340
1.42821 1284800
1.4287 1286260
1.42919 1287720
1.42968 1289180
1.43017 1290640
1.43066 1292100
1.43115 1293560
1.43164 1295020
1.43213 1296480
1.43262 1297940
1.4331 1299400
1.43359 1300860
1.43408 1302320
1.43457 1303780
1.43506 1305240
1.43555 1306700
1.43604 1308160
1.43653 1309620
1.43702 1311080
1.43751 1312540
1.438 1314000
1.43849 1315460
1.43898 1316920
1.43947 1318380
1.43996 1319840
1.44045 1321300
1.44094 1322760
1.44143 1324220
1.44192 1325680
1.44241 1327140
1.4429 1328600
1.44339 1330060
1.44388 1331520
1.44437 1332980
1.44486 1334440
1.44534 1335900
1.44583 1337360
1.44632 1338820
1.44681 1340280
1.4473 1341740
1.44779 1343200
1.44828 1344660
1.44877 1346120
1.44926 1347580
1.44975 1349040
1.45024 1350500
1.45073 1351960
1.45122 1353420
1.45171 1354880
1.4522 1356340
1.45269 1357800
1.45318 1359260
1.45367 1360720
1.45416 1362180
1.45465 1363640
1.45514 1365100
1.45563 1366560
1.45612 1368020
1.45661 1369480
1.4571 1370940
1.45758 1372400
1.45807 1373860
1.45856 1375320
1.45905 1376780
1.45954 1378240
1.46003 1379700
1.46052 1381160
1.46101 1382620
1.4615 1384080
1.46199 1385540
1.46248 1387000
1.46297 1388460
1.46346 1389920
1.46395 1391380
1.46444 1392840
1.46493 1394300
1.46542 1395760
1.46591 1397220
1.4664 1398680
1.46689 1400140
1.46738 1401600
1.46787 1403060
1.46836 1404520
1.46885 1405980
1.46934 1407440
1.46982 1408900
1.47031 1410360
1.4708 1411820
1.47129 1413280
1.47178 1414740
1.47227 1416200
1.47276 1417660
1.47325 1419120
1.47374 1420580
1.47423 1422040
1.47472 1423500
1.47521 1424960
1.4757 1426420
1.47619 1427880
1.47668 1429340
1.47717 1430800
1.47766 1432260
1.47815 1433720
1.47864 1435180
1.47913 1436640
1.47962 1438100
1.48011 1439560
1.4806 1441020
1.48109 1442480
1.48158 1443940
1.48206 1445400
1.48255 1446860
1.48304 1448320
1.48353 1449780
1.48402 1451240
1.48451 1452700
1.485 1454160
1.48549 1455620
1.48598 1457080
1.48647 1458540
1.48696 1460000
1.48745 1461460
1.48794 1462920
1.48843 1464380
1.48892 1465840
1.48941 1467300
1.4899 1468760
1.49039 1470220
1.49088 1471680
1.49137 1473140
1.49186 1474600
1.49235 1476060
1.49284 1477520
1.49333 1478980
1.49382 1480440
1.4943 1481900
1.49479 1483360
1.49528 1484820
1.49577 1486280
1.49626 1487740
1.49675 1489200
1.49724 1490660
1.49773 1492120
1.49822 1493580
1.49871 1495040
1.4992 1496500
1.49969 1497960
1.50018 1499420
1.50067 1500880
1.50116 1502340
1.50165 1503800
1.50214 1505260
1.50263 1506720
1.50312 1508180
1.50361 1509640
1.5041 1511100
1.50459 1512560
1.50508 1514020
1.50557 1515480
1.50606 1516940
1.50654 1518400
1.50703 1519860
1.50752 1521320
1.50801 1522780
1.5085 1524240
1.50899 1525700
1.50948 1527160
1.50997 1528620
1.51046 1530080
1.51095 1531540
1.51144 1533000
1.51193 1534460
1.51242 1535920
1.51291 1537380
1.5134 1538840
1.51389 1540300
1.51438 1541760
1.51487 1543220
1.51536 1544680
1.51585 1546140
1.51634 1547600
1.51683 1549060
1.51732 1550520
1.51781 1551980
1.5183 1553440
1.51878 1554900
1.51927 1556360
1.51976 1557820
1.52025 1559280
1.52074 1560740
1.52123 1562200
1.52172 1563660
1.52221 1565120
1.5227 1566580
1.52319 1568040
1.52368 1569500
1.52417 1570960
1.52466 1572420
1.52515 1573880
1.52564 1575340
1.52613 1576800
1.52662 1578260
1.52711 1579720
1.5276 1581180
1.52809 1582640
1.52858 1584100
1.52907 1585560
1.52956 1587020
1.53005 1588480
1.53054 1589940
1.53102 1591400
1.53151 1592860
1.532 1594320
1.53249 1595780
1.53298 1597240
1.53347 1598700
1.53396 1600160
1.53445 1601620
1.53494 1603080
1.53543 1604540
1.53592 1606000
1.53641 1607460
1.5369 1608920
1.53739 1610380
1.53788 1611840
1.53837 1613300
1.53886 1614760
1.53935 1616220
1.53984 1617680
1.54033 1619140
1.54082 1620600
1.54131 1622060
1.5418 1623520
1.54229 1624980
1.54278 1626440
1.54326 1627900
1.54375 1629360
1.54424 1630820
1.54473 1632280
1.54522 1633740
1.54571 1635200
1.5462 1636660
1.54669 1638120
1.54718 1639580
1.54767 1641040
1.54816 1642500
1.54865 1643960
1.54914 1645420
1.54963 1646880
1.55012 1648340
1.55061 1649800
1.5511 1651260
1.55159 1652720
1.55208 1654180
1.55257 1655640
1.55306 1657100
1.55355 1658560
1.55404 1660020
1.55453 1661480
1.55502 1662940
1.5555 1664400
1.55599 1665860
1.55648 1667320
1.55697 1668780
1.55746 1670240
1.55795 1671700
1.55844 1673160
1.55893 1674620
1.55942 1676080
1.55991 1677540
1.5604 1679000
1.56089 1680460
1.56138 1681920
1.56187 1683380
1.56236 1684840
1.56285 1686300
1.56334 1687760
1.56383 1689220
1.56432 1690680
1.56481 1692140
1.5653 1693600
1.56579 1695060
1.56628 1696520
1.56677 1697980
1.56726 1699440
1.56774 1700900
1.56823 1702360
1.56872 1703820
1.56921 1705280
1.5697 1706740
1.57019 1708200
1.57068 1709660
1.57117 1711120
1.57166 1712580
1.57215 1714040
1.57264 1715500
1.57313 1716960
1.57362 1718420
1.57411 1719880
1.5746 1721340
1.57509 1722800
1.57558 1724260
1.57607 1725720
1.57656 1727180
1.57705 1728640
1.57754 1730100
1.57803 1731560
1.57852 1733020
1.57901 1734480
1.5795 1735940
1.57998 1737400
1.58047 1738860
1.58096 1740320
1.58145 1741780
1.58194 1743240
1.58243 1744700
1.58292 1746160
1.58341 1747620
1.5839 1749080
1.58439 1750540
1.58488 1752000
1.58537 1753460
1.58586 1754920
1.58635 1756380
1.58684 1757840
1.58733 1759300
1.58782 1760760
1.58831 1762220
1.5888 1763680
1.58929 1765140
1.58978 1766600
1.59027 1768060
1.59076 1769520
1.59125 1770980
1.59174 1772440
1.59222 1773900
1.59271 1775360
1.5932 1776820
1.59369 1778280
1.59418 1779740
1.59467 1781200
1.59516 1782660
1.59565 1784120
1.59614 1785580
1.59663 1787040
1.59712 1788500
1.59761 1789960
1.5981 1791420
1.59859 1792880
1.59908 1794340
1.59957 1795800
1.60006 1797260
1.60055 1798720
1.60104 1800180
1.60153 1801640
1.60202 1803100
1.60251 1804560
1.603 1806020
1.60349 1807480
1.60398 1808940
1.60446 1810400
1.60495 1811860
1.60544 1813320
1.60593 1814780
1.60642 1816240
1.60691 1817700
1.6074 1819160
1.60789 1820620
1.60838 1822080
1.60887 1823540
1.60936 1825000
1.60985 1826460
1.61034 1827920
1.61083 1829380
1.61132 1830840
1.61181 1832300
1.6123 1833760
1.61279 1835220
1.61328 1836680
1.61377 1838140
1.61426 1839600
1.61475 1841060
1.61524 1842520
1.61573 1843980
1.61622 1845440
1.6167 1846900
1.61719 1848360
1.61768 1849820
1.61817 1851280
1.61866 1852740
1.61915 1854200
1.61964 1855660
1.62013 1857120
1.62062 1858580
1.62111 1860040
1.6216 1861500
1.62209 1862960
1.62258 1864420
1.62307 1865880
1.62356 1867340
1.62405 1868800
1.62454 1870260
1.62503 1871720
1.62552 1873180
1.62601 1874640
1.6265 1876100
1.62699 1877560
1.62748 1879020
1.62797 1880480
1.62846 1881940
1.62894 1883400
1.62943 1884860
1.62992 1886320
1.63041 1887780
1.6309 1889240
1.63139 1890700
1.63188 1892160
1.63237 1893620
1.63286 1895080
1.63335 1896540
1.63384 1898000
1.63433 1899460
1.63482 1900920
1.63531 1902380
1.6358 1903840
1.63629 1905300
1.63678 1906760
1.63727 1908220
1.63776 1909680
1.63825 1911140
1.63874 1912600
1.63923 1914060
1.63972 1915520
1.64021 1916980
1.6407 1918440
1.64118 1919900
1.64167 1921360
1.64216 1922820
1.64265 1924280
1.64314 1925740
1.64363 1927200
1.64412 1928660
1.64461 1930120
1.6451 1931580
1.64559 1933040
1.64608 1934500
1.64657 1935960
1.64706 1937420
1.64755 1938880
1.64804 1940340
1.64853 1941800
1.64902 1943260
1.64951 1944720
1.65 1946180
1.65049 1947640
1.65098 1949100
1.65147 1950560
1.65196 1952020
1.65245 1953480
1.65294 1954940
1.65342 1956400
1.65391 1957860
1.6544 1959320
1.65489 1960780
1.65538 1962240
1.65587 1963700
1.65636 1965160
1.65685 1966620
1.65734 1968080
1.65783 1969540
1.65832 1971000
1.65881 1972460
1.6593 1973920
1.65979 1975380
1.66028 1976840
1.66077 1978300
1.66126 1979760
1.66175 1981220
1.66224 1982680
1.66273 1984140
1.66322 1985600
1.66371 1987060
1.6642 1988520
1.66469 1989980
1.66518 1991440
1.66566 1992900
1.66615 1994360
1.66664 1995820
1.66713 1997280
1.66762 1998740
1.66811 2000200
1.6686 2001660
1.66909 2003120
1.66958 2004580
1.67007 2006040
1.67056 2007500
1.67105 2008960
1.67154 2010420
1.67203 2011880
1.67252 2013340
1.67301 2014800
1.6735 2016260
1.67399 2017720
1.67448 2019180
1.67497 2020640
1.67546 2022100
1.67595 2023560
1.67644 2025020
1.67693 2026480
1.67742 2027940
1.6779 2029400
1.67839 2030860
1.67888 2032320
1.67937 2033780
1.67986 2035240
1.68035 2036700
1.68084 2038160
1.68133 2039620
1.68182 2041080
1.68231 2042540
1.6828 2044000
1.68329 2045460
1.68378 2046920
1.68427 2048380
1.68476 2049840
1.68525 2051300
1.68574 2052760
1.68623 2054220
1.68672 2055680
1.68721 2057140
1.6877 2058600
1.68819 2060060
1.68868 2061520
1.68917 2062980
1.68966 2064440
1.69014 2065900
1.69063 2067360
1.69112 2068820
1.69161 2070280
1.6921 2071740
1.69259 2073200
1.69308 2074660
1.69357 2076120
1.69406 2077580
1.69455 2079040
1.69504 2080500
1.69553 2081960
1.69602 2083420
1.69651 2084880
1.697 2086340
1.69749 2087800
1.69798 2089260
1.69847 2090720
1.69896 2092180
1.69945 2093640
1.69994 2095100
1.70043 2096560
1.70092 2098020
1.70141 2099480
1.7019 2100940
1.70238 2102400
1.70287 2103860
1.70336 2105320
1.70385 2106780
1.70434 2108240
1.70483 2109700
1.70532 2111160
1.70581 2112620
1.7063 2114080
1.70679 2115540
1.70728 2117000
1.70777 2118460
1.70826 2119920
1.70875 2121380
1.70924 2122840
1.70973 2124300
1.71022 2125760
1.71071 2127220
1.7112 2128680
1.71169 2130140
1.71218 2131600
1.71267 2133060
1.71316 2134520
1.71365 2135980
1.71414 2137440
1.71462 2138900
1.71511 2140360
1.7156 2141820
1.71609 2143280
1.71658 2144740
1.71707 2146200
1.71756 2147660
1.71805 2149120
1.71854 2150580
1.71903 2152040
1.71952 2153500
1.72001 2154960
1.7205 2156420
1.72099 2157880
1.72148 2159340
1.72197 2160800
1.72246 2162260
1.72295 2163720
1.72344 2165180
1.72393 2166640
1.72442 2168100
1.72491 2169560
1.7254 2171020
1.72589 2172480
1.72638 2173940
1.72686 2175400
1.72735 2176860
1.72784 2178320
1.72833 2179780
1.72882 2181240
1.72931 2182700
1.7298 2184160
1.73029 2185620
1.73078 2187080
1.73126 2188540
1.73176 2190000
1.73225 2191460
1.73274 2192920
1.73323 2194380
1.73372 2195840
1.73421 2197300
1.73469 2198760
1.73519 2200220
1.73568 2201680
1.73617 2203140
1.73666 2204600
1.73715 2206060
1.73764 2207520
1.73811 2208980
1.73862 2210440
1.7391 2211900
1.73959 2213360
1.74008 2214820
1.74057 2216280
1.74106 2217740
1.74154 2219200
1.74204 2220660
1.74253 2222120
1.74302 2223580
1.74351 2225040
1.744 2226500
1.74449 2227960
1.74497 2229420
1.74547 2230880
1.74596 2232340
1.74645 2233800
1.74694 2235260
1.74743 2236720
1.74792 2238180
1.74839 2239640
1.7489 2241100
1.74939 2242560
1.74988 2244020
1.75037 2245480
1.75086 2246940
1.75134 2248400
1.75182 2249860
1.75232 2251320
1.75281 2252780
1.7533 2254240
1.75379 2255700
1.75428 2257160
1.75477 2258620
1.75525 2260080
1.75575 2261540
1.75624 2263000
1.75673 2264460
1.75722 2265920
1.75771 2267380
1.7582 2268840
1.75868 2270300
1.75918 2271760
1.75967 2273220
1.76016 2274680
1.76065 2276140
1.76114 2277600
1.76163 2279060
1.7621 2280520
1.76261 2281980
1.7631 2283440
1.76358 2284900
1.76407 2286360
1.76456 2287820
1.76505 2289280
1.76553 2290740
1.76603 2292200
1.76652 2293660
1.76701 2295120
1.7675 2296580
1.76799 2298040
1.76848 2299500
1.76896 2300960
1.76946 2302420
1.76995 2303880
1.77044 2305340
1.77093 2306800
1.77142 2308260
1.77191 2309720
1.77239 2311180
1.77289 2312640
1.77338 2314100
1.77387 2315560
1.77436 2317020
1.77485 2318480
1.77534 2319940
1.77581 2321400
1.77631 2322860
1.7768 2324320
1.77729 2325780
1.77778 2327240
1.77827 2328700
1.77876 2330160
1.77924 2331620
1.77974 2333080
1.78023 2334540
1.78072 2336000
1.78121 2337460
1.7817 2338920
1.78219 2340380
1.78267 2341840
1.78317 2343300
1.78366 2344760
1.78415 2346220
1.78464 2347680
1.78513 2349140
1.78562 2350600
1.78609 2352060
1.7866 2353520
1.78709 2354980
1.78758 2356440
1.78806 2357900
1.78855 2359360
1.78904 2360820
1.78952 2362280
1.79002 2363740
1.79051 2365200
1.791 2366660
1.79149 2368120
1.79198 2369580
1.79247 2371040
1.79295 2372500
1.79345 2373960
1.79394 2375420
1.79443 2376880
1.79492 2378340
1.79541 2379800
1.7959 2381260
1.79638 2382720
1.79688 2384180
1.79737 2385640
1.79786 2387100
1.79835 2388560
1.79884 2390020
1.79933 2391480
1.7998 2392940
1.8003 2394400
1.80079 2395860
1.80128 2397320
1.80177 2398780
1.80226 2400240
1.80275 2401700
1.80323 2403160
1.80373 2404620
1.80422 2406080
1.80471 2407540
1.8052 2409000
1.80569 2410460
1.80618 2411920
1.80666 2413380
1.80716 2414840
1.80765 2416300
1.80814 2417760
1.80863 2419220
1.80912 2420680
1.80961 2422140
1.81008 2423600
1.81059 2425060
1.81108 2426520
1.81157 2427980
1.81206 2429440
1.81254 2430900
1.81303 2432360
1.81351 2433820
1.81401 2435280
1.8145 2436740
1.81499 2438200
1.81548 2439660
1.81597 2441120
1.81646 2442580
1.81694 2444040
1.81744 2445500
1.81793 2446960
1.81842 2448420
1.81891 2449880
1.8194 2451340
1.81989 2452800
1.82037 2454260
1.82087 2455720
1.82136 2457180
1.82185 2458640
1.82234 2460100
1.82283 2461560
1.82332 2463020
1.82379 2464480
1.8243 2465940
1.82478 2467400
1.82527 2468860
1.82576 2470320
1.82625 2471780
1.82674 2473240
1.82722 2474700
1.82772 2476160
1.82821 2477620
1.8287 2479080
1.82919 2480540
1.82968 2482000
1.83017 2483460
1.83065 2484920
1.83115 2486380
1.83164 2487840
1.83213 2489300
1.83262 2490760
1.83311 2492220
1.8336 2493680
1.83407 2495140
1.83458 2496600
1.83507 2498060
1.83556 2499520
1.83605 2500980
1.83654 2502440
1.83702 2503900
1.8375 2505360
1.838 2506820
1.83849 2508280
1.83898 2509740
1.83947 2511200
1.83996 2512660
1.84045 2514120
1.84093 2515580
1.84143 2517040
1.84192 2518500
1.84241 2519960
1.8429 2521420
1.84339 2522880
1.84388 2524340
1.84436 2525800
1.84486 2527260
1.84535 2528720
1.84584 2530180
1.84633 2531640
1.84682 2533100
1.84731 2534560
1.84778 2536020
1.84829 2537480
1.84878 2538940
1.84926 2540400
1.84975 2541860
1.85024 2543320
1.85073 2544780
1.85121 2546240
1.85171 2547700
1.8522 2549160
1.85269 2550620
1.85318 2552080
1.85367 2553540
1.85416 2555000
1.85464 2556460
1.85514 2557920
1.85563 2559380
1.85612 2560840
1.85661 2562300
1.8571 2563760
1.85759 2565220
1.85807 2566680
1.85857 2568140
1.85906 2569600
1.85955 2571060
1.86004 2572520
1.86053 2573980
1.86102 2575440
1.86149 2576900
1.86199 2578360
1.86248 2579820
1.86297 2581280
1.86346 2582740
1.86395 2584200
1.86444 2585660
1.86492 2587120
1.86542 2588580
1.86591 2590040
1.8664 2591500
1.86689 2592960
1.86738 2594420
1.86787 2595880
1.86835 2597340
1.86885 2598800
1.86934 2600260
1.86983 2601720
1.87032 2603180
1.87081 2604640
1.8713 2606100
1.87177 2607560
1.87228 2609020
1.87277 2610480
1.87326 2611940
1.87374 2613400
1.87423 2614860
1.87472 2616320
1.8752 2617780
1.8757 2619240
1.87619 2620700
1.87668 2622160
1.87717 2623620
1.87766 2625080
1.87815 2626540
1.87863 2628000
1.87913 2629460
1.87962 2630920
1.88011 2632380
1.8806 2633840
1.88109 2635300
1.88158 2636760
1.88206 2638220
1.88256 2639680
1.88305 2641140
1.88354 2642600
1.88403 2644060
1.88452 2645520
1.88501 2646980
1.88548 2648440
1.88598 2649900
1.88647 2651360
1.88696 2652820
1.88745 2654280
1.88794 2655740
1.88843 2657200
1.88891 2658660
1.88941 2660120
1.8899 2661580
1.89039 2663040
1.89088 2664500
1.89137 2665960
1.89186 2667420
1.89234 2668880
1.89284 2670340
1.89333 2671800
1.89382 2673260
1.89431 2674720
1.8948 2676180
1.89529 2677640
1.89576 2679100
1.89627 2680560
1.89676 2682020
1.89725 2683480
1.89774 2684940
1.89822 2686400
1.89871 2687860
1.89919 2689320
1.89969 2690780
1.90018 2692240
1.90067 2693700
1.90116 2695160
1.90165 2696620
1.90214 2698080
1.90262 2699540
1.90312 2701000
1.90361 2702460
1.9041 2703920
1.90459 2705380
1.90508 2706840
1.90557 2708300
1.90605 2709760
1.90655 2711220
1.90704 2712680
1.90753 2714140
1.90802 2715600
1.90851 2717060
1.909 2718520
1.90947 2719980
1.90998 2721440
1.91046 2722900
1.91095 2724360
1.91144 2725820
1.91193 2727280
1.91242 2728740
1.9129 2730200
1.9134 2731660
1.91389 2733120
1.91438 2734580
1.91487 2736040
1.91536 2737500
1.91585 2738960
1.91633 2740420
1.91683 2741880
1.91732 2743340
1.91781 2744800
1.9183 2746260
1.91879 2747720
1.91928 2749180
1.91975 2750640
1.92026 2752100
1.92075 2753560
1.92124 2755020
1.92173 2756480
1.92222 2757940
1.9227 2759400
1.92318 2760860
1.92368 2762320
1.92417 2763780
1.92466 2765240
1.92515 2766700
1.92564 2768160
1.92613 2769620
1.92661 2771080
1.92711 2772540
1.9276 2774000
1.92809 2775460
1.92858 2776920
1.92907 2778380
1.92956 2779840
1.93004 2781300
1.93054 2782760
1.93103 2784220
1.93152 2785680
1.93201 2787140
1.9325 2788600
1.93299 2790060
1.93346 2791520
1.93397 2792980
1.93446 2794440
1.93494 2795900
1.93543 2797360
1.93592 2798820
1.93641 2800280
1.93689 2801740
1.93739 2803200
1.93788 2804660
1.93837 2806120
1.93886 2807580
1.93935 2809040
1.93984 2810500
1.94032 2811960
1.94082 2813420
1.94131 2814880
1.9418 2816340
1.94229 2817800
1.94278 2819260
1.94327 2820720
1.94375 2822180
1.94425 2823640
1.94474 2825100
1.94523 2826560
1.94572 2828020
1.94621 2829480
1.9467 2830940
1.94717 2832400
1.94767 2833860
1.94816 2835320
1.94865 2836780
1.94914 2838240
1.94963 2839700
1.95012 2841160
1.9506 2842620
1.9511 2844080
1.95159 2845540
1.95208 2847000
1.95257 2848460
1.95306 2849920
1.95355 2851380
1.95403 2852840
1.95453 2854300
1.95502 2855760
1.95551 2857220
1.956 2858680
1.95649 2860140
1.95698 2861600
1.95745 2863060
1.95796 2864520
1.95845 2865980
1.95894 2867440
1.95942 2868900
1.95991 2870360
1.9604 2871820
1.96088 2873280
1.96138 2874740
1.96187 2876200
1.96236 2877660
1.96285 2879120
1.96334 2880580
1.96383 2882040
1.96431 2883500
1.96481 2884960
1.9653 2886420
1.96579 2887880
1.96628 2889340
1.96677 2890800
1.96726 2892260
1.96774 2893720
1.96824 2895180
1.96873 2896640
1.96922 2898100
1.96971 2899560
1.9702 2901020
1.97069 2902480
1.97116 2903940
1.97166 2905400
1.97215 2906860
1.97264 2908320
1.97313 2909780
1.97362 2911240
1.97411 2912700
1.97459 2914160
1.97509 2915620
1.97558 2917080
1.97607 2918540
1.97656 2920000
1.97705 2921460
1.97754 2922920
1.97802 2924380
1.97852 2925840
1.97901 2927300
1.9795 2928760
1.97999 2930220
1.98048 2931680
1.98097 2933140
1.98144 2934600
1.98195 2936060
1.98244 2937520
1.98293 2938980
1.98342 2940440
1.9839 2941900
1.98439 2943360
1.98487 2944820
1.98537 2946280
1.98586 2947740
1.98635 2949200
1.98684 2950660
1.98733 2952120
1.98782 2953580
1.9883 2955040
1.9888 2956500
1.98929 2957960
1.98978 2959420
1.99027 2960880
1.99076 2962340
1.99125 2963800
1.99173 2965260
1.99223 2966720
1.99272 2968180
1.99321 2969640
1.9937 2971100
1.99419 2972560
1.99468 2974020
1.99515 2975480
1.99566 2976940
1.99614 2978400
1.99663 2979860
1.99712 2981320
1.99761 2982780
1.9981 2984240
1.99858 2985700
1.99908 2987160
1.99957 2988620
2.00006 2990080
2.00055 2991540
2.00436 2993000
2.01094 2994460
2.01752 2995920
2.02409 2997380
2.03067 2998840
2.03725 3000300
2.04383 3001760
2.05041 3003220
2.05699 3004680
2.06357 3006140
2.07015 3007600
2.07673 3009060
2.08331 3010520
2.08989 3011980
2.09647 3013440
2.10323 3014900
2.11021 3016360
2.11719 3017820
2.12417 3019280
2.13115 3020740
2.13813 3022200
2.14511 3023660
2.15209 3025120
2.15907 3026580
2.16605 3028040
2.17303 3029500
2.18001 3030960
2.18699 3032420
2.19397 3033880
2.20095 3035340
2.20983 3036800
2.21083 3038260
2.21133 3039720
2.21179 3041180
2.21233 3042640
2.21283 3044100
2.21333 3045560
2.21382 3047020
2.21432 3048480
2.21482 3049940
2.21528 3051400
2.21582 3052860
2.21632 3054320
2.21682 3055780
2.21731 3057240
2.21781 3058700
2.21831 3060160
2.21877 3061620
2.21931 3063080
2.21981 3064540
2.22031 3066000
2.2208 3067460
2.2213 3068920
2.2218 3070380
2.22226 3071840
2.2228 3073300
2.2233 3074760
2.2238 3076220
2.22429 3077680
2.22479 3079140
2.22529 3080600
2.22575 3082060
2.22629 3083520
2.22679 3084980
2.22729 3086440
2.22778 3087900
2.22828 3089360
2.22878 3090820
2.22924 3092280
2.22978 3093740
2.23028 3095200
2.23078 3096660
2.23127 3098120
2.23177 3099580
2.23227 3101040
2.23273 3102500
2.23327 3103960
2.23377 3105420
2.23427 3106880
2.23476 3108340
2.23526 3109800
2.23576 3111260
2.23622 3112720
2.23675 3114180
2.23726 3115640
2.23776 3117100
2.23825 3118560
2.23875 3120020
2.23925 3121480
2.23971 3122940
2.24024 3124400
2.24075 3125860
2.24125 3127320
2.24174 3128780
2.24224 3130240
2.24274 3131700
2.2432 3133160
2.24373 3134620
2.24424 3136080
2.24474 3137540
2.24523 3139000
2.24573 3140460
2.24623 3141920
2.2467 3143380
2.24722 3144840
2.24773 3146300
2.24823 3147760
2.24872 3149220
2.24922 3150680
2.24972 3152140
2.25019 3153600
2.25071 3155060
2.25122 3156520
2.25172 3157980
2.25221 3159440
2.25271 3160900
2.25321 3162360
2.25368 3163820
2.2542 3165280
2.25471 3166740
2.25521 3168200
2.2557 3169660
2.2562 3171120
2.2567 3172580
2.25717 3174040
2.25769 3175500
2.2582 3176960
2.2587 3178420
2.25919 3179880
2.25969 3181340
2.26019 3182800
2.26066 3184260
2.26118 3185720
2.26169 3187180
2.26219 3188640
2.26268 3190100
2.26318 3191560
2.26368 3193020
2.26415 3194480
2.26467 3195940
2.26518 3197400
2.26568 3198860
2.26617 3200320
2.26667 3201780
2.26717 3203240
2.26764 3204700
2.26816 3206160
2.26867 3207620
2.26917 3209080
2.26966 3210540
2.27016 3212000
2.27066 3213460
2.27113 3214920
2.27165 3216380
2.27216 3217840
2.27266 3219300
2.27315 3220760
2.27365 3222220
2.27415 3223680
2.27462 3225140
2.27514 3226600
2.27565 3228060
2.27615 3229520
2.27664 3230980
2.27714 3232440
2.27764 3233900
2.27811 3235360
2.27863 3236820
2.27914 3238280
2.27964 3239740
2.28013 3241200
2.28063 3242660
2.28113 3244120
2.2816 3245580
2.28212 3247040
2.28262 3248500
2.28313 3249960
2.28362 3251420
2.28412 3252880
2.28462 3254340
2.28509 3255800
2.28561 3257260
2.28611 3258720
2.28662 3260180
2.28711 3261640
2.28761 3263100
2.28811 3264560
2.28858 3266020
2.2891 3267480
2.2896 3268940
2.29011 3270400
2.2906 3271860
2.2911 3273320
2.2916 3274780
2.29207 3276240
2.29259 3277700
2.29309 3279160
2.2936 3280620
2.29409 3282080
2.29459 3283540
2.29509 3285000
2.29556 3286460
2.29608 3287920
2.29658 3289380
2.29709 3290840
2.29758 3292300
2.29808 3293760
2.29858 3295220
2.29905 3296680
2.29957 3298140
2.30007 3299600
2.30058 3301060
2.30113 3302520
2.30163 3303980
2.30212 3305440
2.30259 3306900
2.30313 3308360
2.30363 3309820
2.30412 3311280
2.30462 3312740
2.30512 3314200
2.30561 3315660
2.30608 3317120
2.30662 3318580
2.30712 3320040
2.30761 3321500
2.30811 3322960
2.30861 3324420
2.3091 3325880
2.30957 3327340
2.31011 3328800
2.31061 3330260
2.3111 3331720
2.3116 3333180
2.3121 3334640
2.31259 3336100
2.31306 3337560
2.3136 3339020
2.3141 3340480
2.31459 3341940
2.31509 3343400
2.31559 3344860
2.31608 3346320
2.31655 3347780
2.31709 3349240
2.31759 3350700
2.31808 3352160
2.31858 3353620
2.31908 3355080
2.31957 3356540
2.32004 3358000
2.32058 3359460
2.32108 3360920
2.32157 3362380
2.32207 3363840
2.32257 3365300
2.32306 3366760
2.32353 3368220
2.32407 3369680
2.32457 3371140
2.32506 3372600
2.32556 3374060
2.32606 3375520
2.32655 3376980
2.32702 3378440
2.32756 3379900
2.32806 3381360
2.32855 3382820
2.32905 3384280
2.32955 3385740
2.33004 3387200
2.33051 3388660
2.33105 3390120
2.33155 3391580
2.33204 3393040
2.33254 3394500
2.33304 3395960
2.33353 3397420
2.334 3398880
2.33454 3400340
2.33504 3401800
2.33553 3403260
2.33603 3404720
2.33653 3406180
2.33702 3407640
2.33749 3409100
2.33803 3410560
2.33853 3412020
2.33902 3413480
2.33952 3414940
2.34002 3416400
2.34051 3417860
2.34098 3419320
2.34152 3420780
2.34202 3422240
2.34251 3423700
2.34301 3425160
2.34351 3426620
2.344 3428080
2.34447 3429540
2.34501 3431000
2.34551 3432460
2.346 3433920
2.3465 3435380
2.347 3436840
2.34749 3438300
2.34796 3439760
2.3485 3441220
2.349 3442680
2.34949 3444140
2.34999 3445600
2.35049 3447060
2.35098 3448520
2.35145 3449980
2.35199 3451440
2.35249 3452900
2.35298 3454360
2.35348 3455820
2.35398 3457280
2.35447 3458740
2.35494 3460200
2.35548 3461660
2.35598 3463120
2.35647 3464580
2.35697 3466040
2.35747 3467500
2.35796 3468960
2.35843 3470420
2.35896 3471880
2.35947 3473340
2.35996 3474800
2.36046 3476260
2.36096 3477720
2.36145 3479180
2.36192 3480640
2.36245 3482100
2.36296 3483560
2.36345 3485020
2.36395 3486480
2.36445 3487940
2.36494 3489400
2.36541 3490860
2.36594 3492320
2.36645 3493780
2.36694 3495240
2.36744 3496700
2.36794 3498160
2.36843 3499620
2.3689 3501080
2.36943 3502540
2.36994 3504000
2.37043 3505460
2.37093 3506920
2.37143 3508380
2.37192 3509840
2.37239 3511300
2.37292 3512760
2.37343 3514220
2.37392 3515680
2.37442 3517140
2.37492 3518600
2.37541 3520060
2.37588 3521520
2.37641 3522980
2.37692 3524440
2.37741 3525900
2.37791 3527360
2.37841 3528820
2.3789 3530280
2.37937 3531740
2.3799 3533200
2.38041 3534660
2.3809 3536120
2.3814 3537580
2.3819 3539040
2.38239 3540500
2.38286 3541960
2.38339 3543420
2.3839 3544880
2.38439 3546340
2.38489 3547800
2.38539 3549260
2.38588 3550720
2.38634 3552180
2.38688 3553640
2.38739 3555100
2.38788 3556560
2.38838 3558020
2.38888 3559480
2.38937 3560940
2.38983 3562400
2.39037 3563860
2.39088 3565320
2.39137 3566780
2.39187 3568240
2.39237 3569700
2.39286 3571160
2.39332 3572620
2.39386 3574080
2.39437 3575540
2.39486 3577000
2.39536 3578460
2.39586 3579920
2.39635 3581380
2.39681 3582840
2.39735 3584300
2.39786 3585760
2.39834 3587220
2.39885 3588680
2.39935 3590140
2.39984 3591600
2.4003 3593060
2.40084 3594520
2.40135 3595980
2.40183 3597440
2.40234 3598900
2.40284 3600360
2.40333 3601820
2.40379 3603280
2.40433 3604740
2.40484 3606200
2.40532 3607660
2.40583 3609120
2.40633 3610580
2.40682 3612040
2.40728 3613500
2.40782 3614960
2.40832 3616420
2.40881 3617880
2.40932 3619340
2.40982 3620800
2.41031 3622260
2.41077 3623720
2.41131 3625180
2.41181 3626640
2.4123 3628100
2.41281 3629560
2.41331 3631020
2.4138 3632480
2.41426 3633940
2.4148 3635400
2.4153 3636860
2.41579 3638320
2.4163 3639780
2.4168 3641240
2.41729 3642700
2.41775 3644160
2.41829 3645620
2.41879 3647080
2.41928 3648540
2.41979 3650000
2.42029 3651460
2.42078 3652920
2.42124 3654380
2.42178 3655840
2.42228 3657300
2.42277 3658760
2.42328 3660220
2.42378 3661680
2.42427 3663140
2.42473 3664600
2.42527 3666060
2.42577 3667520
2.42626 3668980
2.42677 3670440
2.42727 3671900
2.42776 3673360
2.42822 3674820
2.42876 3676280
2.42926 3677740
2.42975 3679200
2.43026 3680660
2.43076 3682120
2.43125 3683580
2.43171 3685040
2.43225 3686500
2.43275 3687960
2.43324 3689420
2.43375 3690880
2.43425 3692340
2.43474 3693800
2.4352 3695260
2.43574 3696720
2.43624 3698180
2.43673 3699640
2.43724 3701100
2.43774 3702560
2.43823 3704020
2.43869 3705480
2.43923 3706940
2.43973 3708400
2.44022 3709860
2.44073 3711320
2.44123 3712780
2.44172 3714240
2.44218 3715700
2.44272 3717160
2.44322 3718620
2.44371 3720080
2.44422 3721540
2.44472 3723000
2.44521 3724460
2.44567 3725920
2.44621 3727380
2.44671 3728840
2.4472 3730300
2.4477 3731760
2.44821 3733220
2.4487 3734680
2.44916 3736140
2.4497 3737600
2.4502 3739060
2.45069 3740520
2.45119 3741980
2.4517 3743440
2.45219 3744900
2.45265 3746360
2.45319 3747820
2.45369 3749280
2.45418 3750740
2.45468 3752200
2.45519 3753660
2.45568 3755120
2.45614 3756580
2.45668 3758040
2.45718 3759500
2.45767 3760960
2.45817 3762420
2.45868 3763880
2.45917 3765340
2.45963 3766800
2.46017 3768260
2.46067 3769720
2.46116 3771180
2.46166 3772640
2.46217 3774100
2.46266 3775560
2.46312 3777020
2.46366 3778480
2.46416 3779940
2.46465 3781400
2.46515 3782860
2.46566 3784320
2.46615 3785780
2.46661 3787240
2.46715 3788700
2.46765 3790160
2.46814 3791620
2.46864 3793080
2.46915 3794540
2.46964 3796000
2.4701 3797460
2.47064 3798920
2.47114 3800380
2.47163 3801840
2.47213 3803300
2.47264 3804760
2.47313 3806220
2.47359 3807680
2.47413 3809140
2.47463 3810600
2.47512 3812060
2.47562 3813520
2.47613 3814980
2.47662 3816440
2.47708 3817900
2.47762 3819360
2.47812 3820820
2.47861 3822280
2.47911 3823740
2.47962 3825200
2.48011 3826660
2.48057 3828120
2.48111 3829580
2.48161 3831040
2.4821 3832500
2.4826 3833960
2.48311 3835420
2.48359 3836880
2.48406 3838340
2.4846 3839800
2.4851 3841260
2.48559 3842720
2.48609 3844180
2.4866 3845640
2.48708 3847100
2.48755 3848560
2.48809 3850020
2.48859 3851480
2.48908 3852940
2.48958 3854400
2.49009 3855860
2.49057 3857320
2.49104 3858780
2.49158 3860240
2.49208 3861700
2.49257 3863160
2.49307 3864620
2.49357 3866080
2.49406 3867540
2.49453 3869000
2.49507 3870460
2.49557 3871920
2.49606 3873380
2.49656 3874840
2.49706 3876300
2.49755 3877760
2.49802 3879220
2.49856 3880680
2.49906 3882140
2.49955 3883600
