1.00047 65535
1.00097 131072
1.50014 1460
1.50041 38336
1.5013 46348
1.50163 38336
1.50174 46348
1.50217 38336
1.50238 46348
1.50272 38336
1.50289 46348
1.50327 38336
1.50343 46348
1.50374 38336
1.50388 46348
1.50421 38336
1.50436 46348
1.5047 38336
1.50488 46348
1.50515 38336
1.50529 46348
1.50556 38336
1.50574 46348
1.506 38336
1.50619 46348
1.5065 38336
1.50671 46348
1.50698 38336
1.50716 46348
1.50742 38336
1.50759 46348
1.50786 38336
1.50802 46348
1.5083 38336
1.50833 46348
1.50835 38336
1.50847 46348
1.50878 38336
1.50899 46348
1.50923 38336
1.50939 46348
1.50967 38336
1.5097 46348
1.50972 38336
1.50985 46348
1.5101 38336
1.51027 46348
1.51059 38336
1.51076 46348
1.51109 38336
1.51125 46348
1.51152 38336
1.51169 46348
1.51195 38336
1.51212 46348
1.51245 38336
1.51266 46348
1.51292 38336
1.51309 46348
1.51337 38336
1.51354 46348
1.5138 38336
1.51397 46348
1.5143 38336
1.51447 46348
1.51475 38336
1.51494 46348
1.51519 38336
1.51537 46348
1.51562 38336
1.51579 46348
1.51612 38336
1.51633 46348
1.51659 38336
1.51676 46348
1.51704 38336
1.51721 46348
1.51747 38336
1.51764 46348
1.51797 38336
1.51813 46348
1.51843 38336
1.51857 46348
1.51884 38336
1.51901 46348
1.51929 38336
1.51945 46348
1.51977 38336
1.51998 46348
1.52024 38336
1.52041 46348
1.52069 38336
1.52087 46348
1.52114 38336
1.52131 46348
1.52158 38336
1.52175 46348
1.52207 38336
1.52223 46348
1.52251 38336
1.52267 46348
1.52294 38336
1.52311 46348
1.5234 38336
1.52354 46348
1.52382 38336
1.52399 46348
1.52425 38336
1.52445 46348
1.5247 38336
1.52486 46348
1.52513 38336
1.5253 46348
1.52557 38336
1.52573 46348
1.52601 38336
1.5262 46348
1.52644 38336
1.52661 46348
1.52688 38336
1.52705 46348
1.52732 38336
1.52751 46348
1.52776 38336
1.52791 46348
1.52819 38336
1.52836 46348
1.52863 38336
1.52881 46348
1.52907 38336
1.52926 46348
1.52952 38336
1.52966 46348
1.52994 38336
1.53011 46348
1.53037 38336
1.53054 46348
1.53082 38336
1.53097 46348
1.53125 38336
1.53142 46348
1.53168 38336
1.53185 46348
1.53213 38336
1.53232 46348
1.53258 38336
1.53272 46348
1.533 38336
1.53317 46348
1.53343 38336
1.5336 46348
1.53388 38336
1.53403 46348
1.53431 38336
1.53448 46348
1.53474 38336
1.53491 46348
1.53519 38336
1.53538 46348
1.53564 38336
1.53578 46348
1.53606 38336
1.53623 46348
1.53649 38336
1.53666 46348
1.53694 38336
1.53709 46348
1.53737 38336
1.53754 46348
1.5378 38336
1.53797 46348
1.53825 38336
1.53844 46348
1.5387 38336
1.53884 46348
1.53912 38336
1.53929 46348
1.53955 38336
1.53972 46348
1.54 38336
1.54015 46348
1.54043 38336
1.5406 46348
1.54086 38336
1.54103 46348
1.54131 38336
1.5415 46348
1.54176 38336
1.5419 46348
1.54218 38336
1.54235 46348
1.54261 38336
1.54278 46348
1.54306 38336
1.54321 46348
1.54349 38336
1.54366 46348
1.54392 38336
1.54409 46348
1.54437 38336
1.54456 46348
1.54482 38336
1.54496 46348
1.54524 38336
1.54541 46348
1.54567 38336
1.54584 46348
1.54612 38336
1.54627 46348
1.54655 38336
1.54672 46348
1.54698 38336
1.54715 46348
1.54743 38336
1.54762 46348
1.54788 38336
1.54802 46348
1.5483 38336
1.54847 46348
1.54873 38336
1.5489 46348
1.54918 38336
1.54933 46348
1.54961 38336
1.54978 46348
1.55004 38336
1.55021 46348
1.55049 38336
1.55068 46348
1.55094 38336
1.55108 46348
1.55136 38336
1.55153 46348
1.55179 38336
1.55196 46348
1.55224 38336
1.55239 46348
1.55267 38336
1.55284 46348
1.5531 38336
1.55327 46348
1.55355 38336
1.55374 46348
1.554 38336
1.55414 46348
1.55442 38336
1.55459 46348
1.55485 38336
1.55502 46348
1.5553 38336
1.55545 46348
1.55573 38336
1.5559 46348
1.55616 38336
1.55633 46348
1.55661 38336
1.5568 46348
1.55706 38336
1.5572 46348
1.55748 38336
1.55765 46348
1.55791 38336
1.55808 46348
1.55836 38336
1.55851 46348
1.55879 38336
1.55896 46348
1.55922 38336
1.55939 46348
1.55967 38336
1.55986 46348
1.56012 38336
1.56026 46348
1.56054 38336
1.56071 46348
1.56097 38336
1.56114 46348
1.56142 38336
1.56157 46348
1.56185 38336
1.56202 46348
1.56228 38336
1.56245 46348
1.56273 38336
1.56292 46348
1.56318 38336
1.56332 46348
1.5636 38336
1.56377 46348
1.56403 38336
1.5642 46348
1.56448 38336
1.56463 46348
1.56491 38336
1.56508 46348
1.56534 38336
1.56551 46348
1.56579 38336
1.56598 46348
1.56624 38336
1.56638 46348
1.56666 38336
1.56683 46348
1.56709 38336
1.56726 46348
1.56754 38336
1.56769 46348
1.56797 38336
1.56814 46348
1.5684 38336
1.56857 46348
1.56885 38336
1.56904 46348
1.5693 38336
1.56944 46348
1.56972 38336
1.56989 46348
1.57015 38336
1.57032 46348
1.5706 38336
1.57075 46348
1.57103 38336
1.5712 46348
1.57146 38336
1.57163 46348
1.57191 38336
1.5721 46348
1.57236 38336
1.5725 46348
1.57278 38336
1.57295 46348
1.57321 38336
1.57338 46348
1.57366 38336
1.57381 46348
1.57409 38336
1.57426 46348
1.57452 38336
1.57469 46348
1.57497 38336
1.57516 46348
1.57542 38336
1.57556 46348
1.57584 38336
1.57601 46348
1.57627 38336
1.57644 46348
1.57672 38336
1.57687 46348
1.57715 38336
1.57732 46348
1.57758 38336
1.57775 46348
1.57803 38336
1.57822 46348
1.57848 38336
1.57862 46348
1.5789 38336
1.57907 46348
1.57933 38336
1.5795 46348
1.57978 38336
1.57993 46348
1.58021 38336
1.58038 46348
1.58064 38336
1.58081 46348
1.58109 38336
1.58128 46348
1.58154 38336
1.58168 46348
1.58196 38336
1.58213 46348
1.58239 38336
1.58256 46348
1.58284 38336
1.58299 46348
1.58327 38336
1.58344 46348
1.5837 38336
1.58387 46348
1.58415 38336
1.58434 46348
1.5846 38336
1.58474 46348
1.58502 38336
1.58519 46348
1.58545 38336
1.58562 46348
1.5859 38336
1.58605 46348
1.58633 38336
1.5865 46348
1.58676 38336
1.58693 46348
1.58721 38336
1.5874 46348
1.58766 38336
1.5878 46348
1.58808 38336
1.58825 46348
1.58851 38336
1.58868 46348
1.58896 38336
1.58911 46348
1.58939 38336
1.58956 46348
1.58982 38336
1.58999 46348
1.59027 38336
1.59046 46348
1.59072 38336
1.59086 46348
1.59114 38336
1.59131 46348
1.59157 38336
1.59174 46348
1.59202 38336
1.59217 46348
1.59245 38336
1.59262 46348
1.59288 38336
1.59305 46348
1.59333 38336
1.59352 46348
1.59378 38336
1.59392 46348
1.5942 38336
1.59437 46348
1.59463 38336
1.5948 46348
1.59508 38336
1.59523 46348
1.59551 38336
1.59568 46348
1.59594 38336
1.59611 46348
1.59639 38336
1.59658 46348
1.59684 38336
1.59698 46348
1.59726 38336
1.59743 46348
1.59769 38336
1.59786 46348
1.59814 38336
1.59829 46348
1.59857 38336
1.59874 46348
1.599 38336
1.59917 46348
1.59945 38336
1.59964 46348
1.5999 38336
1.60004 46348
1.60032 38336
1.60049 46348
1.60075 38336
1.60092 46348
1.6012 38336
1.60135 46348
1.60163 38336
1.6018 46348
1.60206 38336
1.60223 46348
1.60251 38336
1.6027 46348
1.60296 38336
1.6031 46348
1.60338 38336
1.60355 46348
1.60381 38336
1.60398 46348
1.60426 38336
1.60441 46348
1.60469 38336
1.60486 46348
1.60512 38336
1.60529 46348
1.60557 38336
1.60576 46348
1.60602 38336
1.60616 46348
1.60644 38336
1.60661 46348
1.60687 38336
1.60704 46348
1.60732 38336
1.60747 46348
1.60775 38336
1.60792 46348
1.60818 38336
1.60835 46348
1.60863 38336
1.60882 46348
1.60908 38336
1.60922 46348
1.6095 38336
1.60967 46348
1.60993 38336
1.6101 46348
1.61038 38336
1.61053 46348
1.61081 38336
1.61098 46348
1.61124 38336
1.61141 46348
1.61169 38336
1.61188 46348
1.61214 38336
1.61228 46348
1.61256 38336
1.61273 46348
1.61299 38336
1.61316 46348
1.61344 38336
1.61359 46348
1.61387 38336
1.61404 46348
1.6143 38336
1.61447 46348
1.61475 38336
1.61494 46348
1.6152 38336
1.61534 46348
1.61562 38336
1.61579 46348
1.61605 38336
1.61622 46348
1.6165 38336
1.61665 46348
1.61693 38336
1.6171 46348
1.61736 38336
1.61753 46348
1.61781 38336
1.618 46348
1.61826 38336
1.6184 46348
1.61868 38336
1.61885 46348
1.61911 38336
1.61928 46348
1.61956 38336
1.61971 46348
1.61999 38336
1.62016 46348
1.62042 38336
1.62059 46348
1.62087 38336
1.62106 46348
1.62132 38336
1.62146 46348
1.62174 38336
1.62191 46348
1.62217 38336
1.62234 46348
1.62262 38336
1.62277 46348
1.62305 38336
1.62322 46348
1.62348 38336
1.62365 46348
1.62393 38336
1.62412 46348
1.62438 38336
1.62452 46348
1.6248 38336
1.62497 46348
1.62523 38336
1.6254 46348
1.62568 38336
1.62583 46348
1.62611 38336
1.62628 46348
1.62654 38336
1.62671 46348
1.62699 38336
1.62718 46348
1.62744 38336
1.62758 46348
1.62786 38336
1.62803 46348
1.62829 38336
1.62846 46348
1.62874 38336
1.62889 46348
1.62917 38336
1.62934 46348
1.6296 38336
1.62977 46348
1.63005 38336
1.63024 46348
1.6305 38336
1.63064 46348
1.63092 38336
1.63109 46348
1.63135 38336
1.63152 46348
1.6318 38336
1.63195 46348
1.63223 38336
1.6324 46348
1.63266 38336
1.63283 46348
1.63311 38336
1.6333 46348
1.63356 38336
1.6337 46348
1.63398 38336
1.63415 46348
1.63441 38336
1.63458 46348
1.63486 38336
1.63501 46348
1.63529 38336
1.63546 46348
1.63572 38336
1.63589 46348
1.63617 38336
1.63636 46348
1.63662 38336
1.63676 46348
1.63704 38336
1.63721 46348
1.63747 38336
1.63764 46348
1.63792 38336
1.63807 46348
1.63835 38336
1.63852 46348
1.63878 38336
1.63895 46348
1.63923 38336
1.63942 46348
1.63968 38336
1.63982 46348
1.6401 38336
1.64027 46348
1.64053 38336
1.6407 46348
1.64098 38336
1.64113 46348
1.64141 38336
1.64158 46348
1.64184 38336
1.64201 46348
1.64229 38336
1.64248 46348
1.64274 38336
1.64288 46348
1.64316 38336
1.64333 46348
1.64359 38336
1.64376 46348
1.64404 38336
1.64419 46348
1.64447 38336
1.64464 46348
1.6449 38336
1.64507 46348
1.64535 38336
1.64554 46348
1.6458 38336
1.64594 46348
1.64622 38336
1.64639 46348
1.64665 38336
1.64682 46348
1.6471 38336
1.64725 46348
1.64753 38336
1.6477 46348
1.64796 38336
1.64813 46348
1.64841 38336
1.6486 46348
1.64886 38336
1.649 46348
1.64928 38336
1.64945 46348
1.64971 38336
1.64988 46348
1.65016 38336
1.65031 46348
1.65059 38336
1.65076 46348
1.65102 38336
1.65119 46348
1.65147 38336
1.65166 46348
1.65192 38336
1.65206 46348
1.65234 38336
1.65251 46348
1.65277 38336
1.65294 46348
1.65322 38336
1.65337 46348
1.65365 38336
1.65382 46348
1.65408 38336
1.65425 46348
1.65453 38336
1.65472 46348
1.65498 38336
1.65512 46348
1.6554 38336
1.65557 46348
1.65583 38336
1.656 46348
1.65628 38336
1.65643 46348
1.65671 38336
1.65688 46348
1.65714 38336
1.65731 46348
1.65759 38336
1.65778 46348
1.65804 38336
1.65818 46348
1.65846 38336
1.65863 46348
1.65889 38336
1.65906 46348
1.65934 38336
1.65949 46348
1.65977 38336
1.65994 46348
1.6602 38336
1.66037 46348
1.66065 38336
1.66084 46348
1.6611 38336
1.66124 46348
1.66152 38336
1.66169 46348
1.66195 38336
1.66212 46348
1.6624 38336
1.66255 46348
1.66283 38336
1.663 46348
1.66326 38336
1.66343 46348
1.66371 38336
1.6639 46348
1.66416 38336
1.6643 46348
1.66458 38336
1.66475 46348
1.66501 38336
1.66518 46348
1.66546 38336
1.66561 46348
1.66589 38336
1.66606 46348
1.66632 38336
1.66649 46348
1.66677 38336
1.66696 46348
1.66722 38336
1.66736 46348
1.66764 38336
1.66781 46348
1.66807 38336
1.66824 46348
1.66852 38336
1.66867 46348
1.66895 38336
1.66912 46348
1.66938 38336
1.66955 46348
1.66983 38336
1.67002 46348
1.67028 38336
1.67042 46348
1.6707 38336
1.67087 46348
1.67113 38336
1.6713 46348
1.67158 38336
1.67173 46348
1.67201 38336
1.67218 46348
1.67244 38336
1.67261 46348
1.67289 38336
1.67308 46348
1.67334 38336
1.67348 46348
1.67376 38336
1.67393 46348
1.67419 38336
1.67436 46348
1.67464 38336
1.67479 46348
1.67507 38336
1.67524 46348
1.6755 38336
1.67567 46348
1.67595 38336
1.67614 46348
1.6764 38336
1.67654 46348
1.67682 38336
1.67699 46348
1.67725 38336
1.67742 46348
1.6777 38336
1.67785 46348
1.67813 38336
1.6783 46348
1.67856 38336
1.67873 46348
1.67901 38336
1.6792 46348
1.67946 38336
1.6796 46348
1.67988 38336
1.68005 46348
1.68031 38336
1.68048 46348
1.68076 38336
1.68091 46348
1.68119 38336
1.68136 46348
1.68162 38336
1.68179 46348
1.68207 38336
1.68226 46348
1.68252 38336
1.68266 46348
1.68294 38336
1.68311 46348
1.68337 38336
1.68354 46348
1.68382 38336
1.68397 46348
1.68425 38336
1.68442 46348
1.68468 38336
1.68485 46348
1.68513 38336
1.68532 46348
1.68558 38336
1.68572 46348
1.686 38336
1.68617 46348
1.68643 38336
1.6866 46348
1.68688 38336
1.68703 46348
1.68731 38336
1.68748 46348
1.68774 38336
1.68791 46348
1.68819 38336
1.68838 46348
1.68864 38336
1.68878 46348
1.68906 38336
1.68923 46348
1.68949 38336
1.68966 46348
1.68994 38336
1.69009 46348
1.69037 38336
1.69054 46348
1.6908 38336
1.69097 46348
1.69125 38336
1.69144 46348
1.6917 38336
1.69184 46348
1.69212 38336
1.69229 46348
1.69255 38336
1.69272 46348
1.693 38336
1.69315 46348
1.69343 38336
1.6936 46348
1.69386 38336
1.69403 46348
1.69431 38336
1.6945 46348
1.69476 38336
1.6949 46348
1.69518 38336
1.69535 46348
1.69561 38336
1.69578 46348
1.69606 38336
1.69621 46348
1.69649 38336
1.69666 46348
1.69692 38336
1.69709 46348
1.69737 38336
1.69756 46348
1.69782 38336
1.69796 46348
1.69824 38336
1.69841 46348
1.69867 38336
1.69884 46348
1.69912 38336
1.69927 46348
1.69955 38336
1.69972 46348
1.69998 38336
1.70015 46348
1.70043 38336
1.70062 46348
1.70088 38336
1.70102 46348
1.7013 38336
1.70147 46348
1.70173 38336
1.7019 46348
1.70218 38336
1.70233 46348
1.70261 38336
1.70278 46348
1.70304 38336
1.70321 46348
1.70349 38336
1.70368 46348
1.70394 38336
1.70408 46348
1.70436 38336
1.70453 46348
1.70479 38336
1.70496 46348
1.70524 38336
1.70539 46348
1.70567 38336
1.70584 46348
1.7061 38336
1.70627 46348
1.70655 38336
1.70674 46348
1.707 38336
1.70714 46348
1.70742 38336
1.70759 46348
1.70785 38336
1.70802 46348
1.7083 38336
1.70845 46348
1.70873 38336
1.7089 46348
1.70916 38336
1.70933 46348
1.70961 38336
1.7098 46348
1.71006 38336
1.7102 46348
1.71048 38336
1.71065 46348
1.71091 38336
1.71108 46348
1.71136 38336
1.71151 46348
1.71179 38336
1.71196 46348
1.71222 38336
1.71239 46348
1.71267 38336
1.71286 46348
1.71312 38336
1.71326 46348
1.71354 38336
1.71371 46348
1.71397 38336
1.71414 46348
1.71442 38336
1.71457 46348
1.71485 38336
1.71502 46348
1.71528 38336
1.71545 46348
1.71573 38336
1.71592 46348
1.71618 38336
1.71632 46348
1.7166 38336
1.71677 46348
1.71703 38336
1.7172 46348
1.71748 38336
1.71763 46348
1.71791 38336
1.71808 46348
1.71834 38336
1.71851 46348
1.71879 38336
1.71898 46348
1.71924 38336
1.71938 46348
1.71966 38336
1.71983 46348
1.72009 38336
1.72026 46348
1.72054 38336
1.72069 46348
1.72097 38336
1.72114 46348
1.7214 38336
1.72157 46348
1.72185 38336
1.72204 46348
1.7223 38336
1.72244 46348
1.72272 38336
1.72289 46348
1.72315 38336
1.72332 46348
1.7236 38336
1.72375 46348
1.72403 38336
1.7242 46348
1.72446 38336
1.72463 46348
1.72491 38336
1.7251 46348
1.72536 38336
1.7255 46348
1.72578 38336
1.72595 46348
1.72621 38336
1.72638 46348
1.72666 38336
1.72681 46348
1.72709 38336
1.72726 46348
1.72752 38336
1.72769 46348
1.72797 38336
1.72816 46348
1.72842 38336
1.72856 46348
1.72884 38336
1.72901 46348
1.72927 38336
1.72944 46348
1.72972 38336
1.72987 46348
1.73015 38336
1.73032 46348
1.73058 38336
1.73075 46348
1.73103 38336
1.73122 46348
1.73148 38336
1.73162 46348
1.7319 38336
1.73207 46348
1.73233 38336
1.7325 46348
1.73278 38336
1.73293 46348
1.73321 38336
1.73338 46348
1.73364 38336
1.73381 46348
1.73409 38336
1.73428 46348
1.73454 38336
1.73468 46348
1.73496 38336
1.73513 46348
1.73539 38336
1.73556 46348
1.73584 38336
1.73599 46348
1.73627 38336
1.73644 46348
1.7367 38336
1.73687 46348
1.73715 38336
1.73734 46348
1.7376 38336
1.73774 46348
1.73802 38336
1.73819 46348
1.73845 38336
1.73862 46348
1.7389 38336
1.73905 46348
1.73933 38336
1.7395 46348
1.73976 38336
1.73993 46348
1.74021 38336
1.7404 46348
1.74066 38336
1.7408 46348
1.74108 38336
1.74125 46348
1.74151 38336
1.74168 46348
1.74196 38336
1.74211 46348
1.74239 38336
1.74256 46348
1.74282 38336
1.74299 46348
1.74327 38336
1.74346 46348
1.74372 38336
1.74386 46348
1.74414 38336
1.74431 46348
1.74457 38336
1.74474 46348
1.74502 38336
1.74517 46348
1.74545 38336
1.74562 46348
1.74588 38336
1.74605 46348
1.74633 38336
1.74652 46348
1.74678 38336
1.74692 46348
1.7472 38336
1.74737 46348
1.74763 38336
1.7478 46348
1.74808 38336
1.74823 46348
1.74851 38336
1.74868 46348
1.74894 38336
1.74911 46348
1.74939 38336
1.74958 46348
1.74984 38336
1.74998 46348
1.75026 38336
1.75043 46348
1.75069 38336
1.75086 46348
1.75114 38336
1.75129 46348
1.75157 38336
1.75174 46348
1.752 38336
1.75217 46348
1.75245 38336
1.75264 46348
1.7529 38336
1.75304 46348
1.75332 38336
1.75349 46348
1.75375 38336
1.75392 46348
1.7542 38336
1.75435 46348
1.75463 38336
1.7548 46348
1.75506 38336
1.75523 46348
1.75551 38336
1.7557 46348
1.75596 38336
1.7561 46348
1.75638 38336
1.75655 46348
1.75681 38336
1.75698 46348
1.75726 38336
1.75741 46348
1.75769 38336
1.75786 46348
1.75812 38336
1.75829 46348
1.75857 38336
1.75876 46348
1.75902 38336
1.75916 46348
1.75944 38336
1.75961 46348
1.75987 38336
1.76004 46348
1.76032 38336
1.76047 46348
1.76075 38336
1.76092 46348
1.76118 38336
1.76135 46348
1.76163 38336
1.76182 46348
1.76208 38336
1.76222 46348
1.7625 38336
1.76267 46348
1.76293 38336
1.7631 46348
1.76338 38336
1.76353 46348
1.76381 38336
1.76398 46348
1.76424 38336
1.76441 46348
1.76469 38336
1.76488 46348
1.76514 38336
1.76528 46348
1.76556 38336
1.76573 46348
1.76599 38336
1.76616 46348
1.76644 38336
1.76659 46348
1.76687 38336
1.76704 46348
1.7673 38336
1.76747 46348
1.76775 38336
1.76794 46348
1.7682 38336
1.76834 46348
1.76862 38336
1.76879 46348
1.76905 38336
1.76922 46348
1.7695 38336
1.76965 46348
1.76993 38336
1.7701 46348
1.77036 38336
1.77053 46348
1.77081 38336
1.771 46348
1.77126 38336
1.7714 46348
1.77168 38336
1.77185 46348
1.77211 38336
1.77228 46348
1.77256 38336
1.77271 46348
1.77299 38336
1.77316 46348
1.77342 38336
1.77359 46348
1.77387 38336
1.77406 46348
1.77432 38336
1.77446 46348
1.77474 38336
1.77491 46348
1.77517 38336
1.77534 46348
1.77562 38336
1.77577 46348
1.77605 38336
1.77622 46348
1.77648 38336
1.77665 46348
1.77693 38336
1.77712 46348
1.77738 38336
1.77752 46348
1.7778 38336
1.77797 46348
1.77823 38336
1.7784 46348
1.77868 38336
1.77883 46348
1.77911 38336
1.77928 46348
1.77954 38336
1.77971 46348
1.77999 38336
1.78018 46348
1.78044 38336
1.78058 46348
1.78086 38336
1.78103 46348
1.78129 38336
1.78146 46348
1.78174 38336
1.78189 46348
1.78217 38336
1.78234 46348
1.7826 38336
1.78277 46348
1.78305 38336
1.78324 46348
1.7835 38336
1.78364 46348
1.78392 38336
1.78409 46348
1.78435 38336
1.78452 46348
1.7848 38336
1.78495 46348
1.78523 38336
1.7854 46348
1.78566 38336
1.78583 46348
1.78611 38336
1.7863 46348
1.78656 38336
1.7867 46348
1.78698 38336
1.78715 46348
1.78741 38336
1.78758 46348
1.78786 38336
1.78801 46348
1.78829 38336
1.78846 46348
1.78872 38336
1.78889 46348
1.78917 38336
1.78936 46348
1.78962 38336
1.78976 46348
1.79004 38336
1.79021 46348
1.79047 38336
1.79064 46348
1.79092 38336
1.79107 46348
1.79135 38336
1.79152 46348
1.79178 38336
1.79195 46348
1.79223 38336
1.79242 46348
1.79268 38336
1.79282 46348
1.7931 38336
1.79327 46348
1.79353 38336
1.7937 46348
1.79398 38336
1.79413 46348
1.79441 38336
1.79458 46348
1.79484 38336
1.79501 46348
1.79529 38336
1.79548 46348
1.79574 38336
1.79588 46348
1.79616 38336
1.79633 46348
1.79659 38336
1.79676 46348
1.79704 38336
1.79719 46348
1.79747 38336
1.79764 46348
1.7979 38336
1.79807 46348
1.79835 38336
1.79854 46348
1.7988 38336
1.79894 46348
1.79922 38336
1.79939 46348
1.79965 38336
1.79982 46348
1.8001 38336
1.80025 46348
1.80053 38336
1.8007 46348
1.80096 38336
1.80113 46348
1.80141 38336
1.8016 46348
1.80186 38336
1.802 46348
1.80228 38336
1.80245 46348
1.80271 38336
1.80288 46348
1.80316 38336
1.80331 46348
1.80359 38336
1.80376 46348
1.80402 38336
1.80419 46348
1.80447 38336
1.80466 46348
1.80492 38336
1.80506 46348
1.80534 38336
1.80551 46348
1.80577 38336
1.80594 46348
1.80622 38336
1.80637 46348
1.80665 38336
1.80682 46348
1.80708 38336
1.80725 46348
1.80753 38336
1.80772 46348
1.80798 38336
1.80812 46348
1.8084 38336
1.80857 46348
1.80883 38336
1.809 46348
1.80928 38336
1.80943 46348
1.80971 38336
1.80988 46348
1.81014 38336
1.81031 46348
1.81059 38336
1.81078 46348
1.81104 38336
1.81118 46348
1.81146 38336
1.81163 46348
1.81189 38336
1.81206 46348
1.81234 38336
1.81249 46348
1.81277 38336
1.81294 46348
1.8132 38336
1.81337 46348
1.81365 38336
1.81384 46348
1.8141 38336
1.81424 46348
1.81452 38336
1.81469 46348
1.81495 38336
1.81512 46348
1.8154 38336
1.81555 46348
1.81583 38336
1.816 46348
1.81626 38336
1.81643 46348
1.81671 38336
1.8169 46348
1.81716 38336
1.8173 46348
1.81758 38336
1.81775 46348
1.81801 38336
1.81818 46348
1.81846 38336
1.81861 46348
1.81889 38336
1.81906 46348
1.81932 38336
1.81949 46348
1.81977 38336
1.81996 46348
1.82022 38336
1.82036 46348
1.82064 38336
1.82081 46348
1.82107 38336
1.82124 46348
1.82152 38336
1.82167 46348
1.82195 38336
1.82212 46348
1.82238 38336
1.82255 46348
1.82283 38336
1.82302 46348
1.82328 38336
1.82342 46348
1.8237 38336
1.82387 46348
1.82413 38336
1.8243 46348
1.82458 38336
1.82473 46348
1.82501 38336
1.82518 46348
1.82544 38336
1.82561 46348
1.82589 38336
1.82608 46348
1.82634 38336
1.82648 46348
1.82676 38336
1.82693 46348
1.82719 38336
1.82736 46348
1.82764 38336
1.82779 46348
1.82807 38336
1.82824 46348
1.8285 38336
1.82867 46348
1.82895 38336
1.82914 46348
1.8294 38336
1.82954 46348
1.82982 38336
1.82999 46348
1.83025 38336
1.83042 46348
1.8307 38336
1.83085 46348
1.83113 38336
1.8313 46348
1.83156 38336
1.83173 46348
1.83201 38336
1.8322 46348
1.83246 38336
1.8326 46348
1.83288 38336
1.83305 46348
1.83331 38336
1.83348 46348
1.83376 38336
1.83391 46348
1.83419 38336
1.83436 46348
1.83462 38336
1.83479 46348
1.83507 38336
1.83526 46348
1.83552 38336
1.83566 46348
1.83594 38336
1.83611 46348
1.83637 38336
1.83654 46348
1.83682 38336
1.83697 46348
1.83725 38336
1.83742 46348
1.83768 38336
1.83785 46348
1.83813 38336
1.83832 46348
1.83858 38336
1.83872 46348
1.839 38336
1.83917 46348
1.83943 38336
1.8396 46348
1.83988 38336
1.84003 46348
1.84031 38336
1.84048 46348
1.84074 38336
1.84091 46348
1.84119 38336
1.84138 46348
1.84164 38336
1.84178 46348
1.84206 38336
1.84223 46348
1.84249 38336
1.84266 46348
1.84294 38336
1.84309 46348
1.84337 38336
1.84354 46348
1.8438 38336
1.84397 46348
1.84425 38336
1.84444 46348
1.8447 38336
1.84484 46348
1.84512 38336
1.84529 46348
1.84555 38336
1.84572 46348
1.846 38336
1.84615 46348
1.84643 38336
1.8466 46348
1.84686 38336
1.84703 46348
1.84731 38336
1.8475 46348
1.84776 38336
1.8479 46348
1.84818 38336
1.84835 46348
1.84861 38336
1.84878 46348
1.84906 38336
1.84921 46348
1.84949 38336
1.84966 46348
1.84992 38336
1.85009 46348
1.85037 38336
1.85056 46348
1.85082 38336
1.85096 46348
1.85124 38336
1.85141 46348
1.85167 38336
1.85184 46348
1.85212 38336
1.85227 46348
1.85255 38336
1.85272 46348
1.85298 38336
1.85315 46348
1.85343 38336
1.85362 46348
1.85388 38336
1.85402 46348
1.8543 38336
1.85447 46348
1.85473 38336
1.8549 46348
1.85518 38336
1.85533 46348
1.85561 38336
1.85578 46348
1.85604 38336
1.85621 46348
1.85649 38336
1.85668 46348
1.85694 38336
1.85708 46348
1.85736 38336
1.85753 46348
1.85779 38336
1.85796 46348
1.85824 38336
1.85839 46348
1.85867 38336
1.85884 46348
1.8591 38336
1.85927 46348
1.85955 38336
1.85974 46348
1.86 38336
1.86014 46348
1.86042 38336
1.86059 46348
1.86085 38336
1.86102 46348
1.8613 38336
1.86145 46348
1.86173 38336
1.8619 46348
1.86216 38336
1.86233 46348
1.86261 38336
1.8628 46348
1.86306 38336
1.8632 46348
1.86348 38336
1.86365 46348
1.86391 38336
1.86408 46348
1.86436 38336
1.86451 46348
1.86479 38336
1.86496 46348
1.86522 38336
1.86539 46348
1.86567 38336
1.86586 46348
1.86612 38336
1.86626 46348
1.86654 38336
1.86671 46348
1.86697 38336
1.86714 46348
1.86742 38336
1.86757 46348
1.86785 38336
1.86802 46348
1.86828 38336
1.86845 46348
1.86873 38336
1.86892 46348
1.86918 38336
1.86932 46348
1.8696 38336
1.86977 46348
1.87003 38336
1.8702 46348
1.87048 38336
1.87063 46348
1.87091 38336
1.87108 46348
1.87134 38336
1.87151 46348
1.87179 38336
1.87198 46348
1.87224 38336
1.87238 46348
1.87266 38336
1.87283 46348
1.87309 38336
1.87326 46348
1.87354 38336
1.87369 46348
1.87397 38336
1.87414 46348
1.8744 38336
1.87457 46348
1.87485 38336
1.87504 46348
1.8753 38336
1.87544 46348
1.87572 38336
1.87589 46348
1.87615 38336
1.87632 46348
1.8766 38336
1.87675 46348
1.87703 38336
1.8772 46348
1.87746 38336
1.87763 46348
1.87791 38336
1.8781 46348
1.87836 38336
1.8785 46348
1.87878 38336
1.87895 46348
1.87921 38336
1.87938 46348
1.87966 38336
1.87981 46348
1.88009 38336
1.88026 46348
1.88052 38336
1.88069 46348
1.88097 38336
1.88116 46348
1.88142 38336
1.88156 46348
1.88184 38336
1.88201 46348
1.88227 38336
1.88244 46348
1.88272 38336
1.88287 46348
1.88315 38336
1.88332 46348
1.88358 38336
1.88375 46348
1.88403 38336
1.88422 46348
1.88448 38336
1.88462 46348
1.8849 38336
1.88507 46348
1.88533 38336
1.8855 46348
1.88578 38336
1.88593 46348
1.88621 38336
1.88638 46348
1.88664 38336
1.88681 46348
1.88709 38336
1.88728 46348
1.88754 38336
1.88768 46348
1.88796 38336
1.88813 46348
1.88839 38336
1.88856 46348
1.88884 38336
1.88899 46348
1.88927 38336
1.88944 46348
1.8897 38336
1.88987 46348
1.89015 38336
1.89034 46348
1.8906 38336
1.89074 46348
1.89102 38336
1.89119 46348
1.89145 38336
1.89162 46348
1.8919 38336
1.89205 46348
1.89233 38336
1.8925 46348
1.89276 38336
1.89293 46348
1.89321 38336
1.8934 46348
1.89366 38336
1.8938 46348
1.89408 38336
1.89425 46348
1.89451 38336
1.89468 46348
1.89496 38336
1.89511 46348
1.89539 38336
1.89556 46348
1.89582 38336
1.89599 46348
1.89627 38336
1.89646 46348
1.89672 38336
1.89686 46348
1.89714 38336
1.89731 46348
1.89757 38336
1.89774 46348
1.89802 38336
1.89817 46348
1.89845 38336
1.89862 46348
1.89888 38336
1.89905 46348
1.89933 38336
1.89952 46348
1.89978 38336
1.89992 46348
1.9002 38336
1.90037 46348
1.90063 38336
1.9008 46348
1.90108 38336
1.90123 46348
1.90151 38336
1.90168 46348
1.90194 38336
1.90211 46348
1.90239 38336
1.90258 46348
1.90284 38336
1.90298 46348
1.90326 38336
1.90343 46348
1.90369 38336
1.90386 46348
1.90414 38336
1.90429 46348
1.90457 38336
1.90474 46348
1.905 38336
1.90517 46348
1.90545 38336
1.90564 46348
1.9059 38336
1.90604 46348
1.90632 38336
1.90649 46348
1.90675 38336
1.90692 46348
1.9072 38336
1.90735 46348
1.90763 38336
1.9078 46348
1.90806 38336
1.90823 46348
1.90851 38336
1.9087 46348
1.90896 38336
1.9091 46348
1.90938 38336
1.90955 46348
1.90981 38336
1.90998 46348
1.91026 38336
1.91041 46348
1.91069 38336
1.91086 46348
1.91112 38336
1.91129 46348
1.91157 38336
1.91176 46348
1.91202 38336
1.91216 46348
1.91244 38336
1.91261 46348
1.91287 38336
1.91304 46348
1.91332 38336
1.91347 46348
1.91375 38336
1.91392 46348
1.91418 38336
1.91435 46348
1.91463 38336
1.91482 46348
1.91508 38336
1.91522 46348
1.9155 38336
1.91567 46348
1.91593 38336
1.9161 46348
1.91638 38336
1.91653 46348
1.91681 38336
1.91698 46348
1.91724 38336
1.91741 46348
1.91769 38336
1.91788 46348
1.91814 38336
1.91828 46348
1.91856 38336
1.91873 46348
1.91899 38336
1.91916 46348
1.91944 38336
1.91959 46348
1.91987 38336
1.92004 46348
1.9203 38336
1.92047 46348
1.92075 38336
1.92094 46348
1.9212 38336
1.92134 46348
1.92162 38336
1.92179 46348
1.92205 38336
1.92222 46348
1.9225 38336
1.92265 46348
1.92293 38336
1.9231 46348
1.92336 38336
1.92353 46348
1.92381 38336
1.924 46348
1.92426 38336
1.9244 46348
1.92468 38336
1.92485 46348
1.92511 38336
1.92528 46348
1.92556 38336
1.92571 46348
1.92599 38336
1.92616 46348
1.92642 38336
1.92659 46348
1.92687 38336
1.92706 46348
1.92732 38336
1.92746 46348
1.92774 38336
1.92791 46348
1.92817 38336
1.92834 46348
1.92862 38336
1.92877 46348
1.92905 38336
1.92922 46348
1.92948 38336
1.92965 46348
1.92993 38336
1.93012 46348
1.93038 38336
1.93052 46348
1.9308 38336
1.93097 46348
1.93123 38336
1.9314 46348
1.93168 38336
1.93183 46348
1.93211 38336
1.93228 46348
1.93254 38336
1.93271 46348
1.93299 38336
1.93318 46348
1.93344 38336
1.93358 46348
1.93386 38336
1.93403 46348
1.93429 38336
1.93446 46348
1.93474 38336
1.93489 46348
1.93517 38336
1.93534 46348
1.9356 38336
1.93577 46348
1.93605 38336
1.93624 46348
1.9365 38336
1.93664 46348
1.93692 38336
1.93709 46348
1.93735 38336
1.93752 46348
1.9378 38336
1.93795 46348
1.93823 38336
1.9384 46348
1.93866 38336
1.93883 46348
1.93911 38336
1.9393 46348
1.93956 38336
1.9397 46348
1.93998 38336
1.94015 46348
1.94041 38336
1.94058 46348
1.94086 38336
1.94101 46348
1.94129 38336
1.94146 46348
1.94172 38336
1.94189 46348
1.94217 38336
1.94236 46348
1.94262 38336
1.94276 46348
1.94304 38336
1.94321 46348
1.94347 38336
1.94364 46348
1.94392 38336
1.94407 46348
1.94435 38336
1.94452 46348
1.94478 38336
1.94495 46348
1.94523 38336
1.94542 46348
1.94568 38336
1.94582 46348
1.9461 38336
1.94627 46348
1.94653 38336
1.9467 46348
1.94698 38336
1.94713 46348
1.94741 38336
1.94758 46348
1.94784 38336
1.94801 46348
1.94829 38336
1.94848 46348
1.94874 38336
1.94888 46348
1.94916 38336
1.94933 46348
1.94959 38336
1.94976 46348
1.95004 38336
1.95019 46348
1.95047 38336
1.95064 46348
1.9509 38336
1.95107 46348
1.95135 38336
1.95154 46348
1.9518 38336
1.95194 46348
1.95222 38336
1.95239 46348
1.95265 38336
1.95282 46348
1.9531 38336
1.95325 46348
1.95353 38336
1.9537 46348
1.95396 38336
1.95413 46348
1.95441 38336
1.9546 46348
1.95486 38336
1.955 46348
1.95528 38336
1.95545 46348
1.95571 38336
1.95588 46348
1.95616 38336
1.95631 46348
1.95659 38336
1.95676 46348
1.95702 38336
1.95719 46348
1.95747 38336
1.95766 46348
1.95792 38336
1.95806 46348
1.95834 38336
1.95851 46348
1.95877 38336
1.95894 46348
1.95922 38336
1.95937 46348
1.95965 38336
1.95982 46348
1.96008 38336
1.96025 46348
1.96053 38336
1.96072 46348
1.96098 38336
1.96112 46348
1.9614 38336
1.96157 46348
1.96183 38336
1.962 46348
1.96228 38336
1.96243 46348
1.96271 38336
1.96288 46348
1.96314 38336
1.96331 46348
1.96359 38336
1.96378 46348
1.96404 38336
1.96418 46348
1.96446 38336
1.96463 46348
1.96489 38336
1.96506 46348
1.96534 38336
1.96549 46348
1.96577 38336
1.96594 46348
1.9662 38336
1.96637 46348
1.96665 38336
1.96684 46348
1.9671 38336
1.96724 46348
1.96752 38336
1.96769 46348
1.96795 38336
1.96812 46348
1.9684 38336
1.96855 46348
1.96883 38336
1.969 46348
1.96926 38336
1.96943 46348
1.96971 38336
1.9699 46348
1.97016 38336
1.9703 46348
1.97058 38336
1.97075 46348
1.97101 38336
1.97118 46348
1.97146 38336
1.97161 46348
1.97189 38336
1.97206 46348
1.97232 38336
1.97249 46348
1.97277 38336
1.97296 46348
1.97322 38336
1.97336 46348
1.97364 38336
1.97381 46348
1.97407 38336
1.97424 46348
1.97452 38336
1.97467 46348
1.97495 38336
1.97512 46348
1.97538 38336
1.97555 46348
1.97583 38336
1.97602 46348
1.97628 38336
1.97642 46348
1.9767 38336
1.97687 46348
1.97713 38336
1.9773 46348
1.97758 38336
1.97773 46348
1.97801 38336
1.97818 46348
1.97844 38336
1.97861 46348
1.97889 38336
1.97908 46348
1.97934 38336
1.97948 46348
1.97976 38336
1.97993 46348
1.98019 38336
1.98036 46348
1.98064 38336
1.98079 46348
1.98107 38336
1.98124 46348
1.9815 38336
1.98167 46348
1.98195 38336
1.98214 46348
1.9824 38336
1.98254 46348
1.98282 38336
1.98299 46348
1.98325 38336
1.98342 46348
1.9837 38336
1.98385 46348
1.98413 38336
1.9843 46348
1.98456 38336
1.98473 46348
1.98501 38336
1.9852 46348
1.98546 38336
1.9856 46348
1.98588 38336
1.98605 46348
1.98631 38336
1.98648 46348
1.98676 38336
1.98691 46348
1.98719 38336
1.98736 46348
1.98762 38336
1.98779 46348
1.98807 38336
1.98826 46348
1.98852 38336
1.98866 46348
1.98894 38336
1.98911 46348
1.98937 38336
1.98954 46348
1.98982 38336
1.98997 46348
1.99025 38336
1.99042 46348
1.99068 38336
1.99085 46348
1.99113 38336
1.99132 46348
1.99158 38336
1.99172 46348
1.992 38336
1.99217 46348
1.99243 38336
1.9926 46348
1.99288 38336
1.99303 46348
1.99331 38336
1.99348 46348
1.99374 38336
1.99391 46348
1.99419 38336
1.99438 46348
1.99464 38336
1.99478 46348
1.99506 38336
1.99523 46348
1.99549 38336
1.99566 46348
1.99594 38336
1.99609 46348
1.99637 38336
1.99654 46348
1.9968 38336
1.99697 46348
1.99725 38336
1.99744 46348
1.9977 38336
1.99784 46348
1.99812 38336
1.99829 46348
1.99855 38336
1.99872 46348
1.999 38336
1.99915 46348
1.99943 38336
1.9996 46348
1.99986 38336
2.00003 46348
2.00014 6388
2.00031 7724
2.00209 6388
2.0044 7724
2.01358 8424
2.01414 23172
2.01416 30896
2.01424 46348
2.01464 38336
2.01489 46348
2.01513 38336
2.01531 46348
2.01555 38336
2.0157 46348
2.01597 38336
2.01614 46348
2.01641 38336
2.01658 46348
2.01685 38336
2.01702 46348
2.01729 38336
2.01746 46348
2.01773 38336
2.0179 46348
2.01817 38336
2.01835 46348
2.01861 38336
2.01876 46348
2.01903 38336
2.0192 46348
2.01947 38336
2.01964 46348
2.01991 38336
2.02008 46348
2.02035 38336
2.02052 46348
2.02079 38336
2.02096 46348
2.02123 38336
2.02141 46348
2.02167 38336
2.02182 46348
2.02209 38336
2.02226 46348
2.02253 38336
2.0227 46348
2.02297 38336
2.02314 46348
2.02341 38336
2.02358 46348
2.02385 38336
2.02402 46348
2.02429 38336
2.02447 46348
2.02473 38336
2.02488 46348
2.02515 38336
2.02532 46348
2.02559 38336
2.02576 46348
2.02603 38336
2.0262 46348
2.02647 38336
2.02664 46348
2.02691 38336
2.02708 46348
2.02735 38336
2.02753 46348
2.02779 38336
2.02794 46348
2.02821 38336
2.02838 46348
2.02865 38336
2.02882 46348
2.02909 38336
2.02926 46348
2.02953 38336
2.0297 46348
2.02997 38336
2.03014 46348
2.03041 38336
2.03059 46348
2.03085 38336
2.031 46348
2.03127 38336
2.03144 46348
2.03171 38336
2.03188 46348
2.03215 38336
2.03232 46348
2.03259 38336
2.03276 46348
2.03303 38336
2.0332 46348
2.03347 38336
2.03365 46348
2.03391 38336
2.03406 46348
2.03433 38336
2.0345 46348
2.03477 38336
2.03494 46348
2.03521 38336
2.03538 46348
2.03565 38336
2.03582 46348
2.03609 38336
2.03626 46348
2.03653 38336
2.03671 46348
2.03697 38336
2.03712 46348
2.03739 38336
2.03756 46348
2.03783 38336
2.038 46348
2.03827 38336
2.03844 46348
2.03871 38336
2.03888 46348
2.03915 38336
2.03932 46348
2.03959 38336
2.03977 46348
2.04003 38336
2.04018 46348
2.04045 38336
2.04062 46348
2.04089 38336
2.04106 46348
2.04133 38336
2.0415 46348
2.04177 38336
2.04194 46348
2.04221 38336
2.04238 46348
2.04265 38336
2.04283 46348
2.04309 38336
2.04324 46348
2.04351 38336
2.04368 46348
2.04395 38336
2.04412 46348
2.04439 38336
2.04456 46348
2.04483 38336
2.045 46348
2.04527 38336
2.04544 46348
2.04571 38336
2.04589 46348
2.04615 38336
2.0463 46348
2.04657 38336
2.04674 46348
2.04701 38336
2.04718 46348
2.04745 38336
2.04762 46348
2.04789 38336
2.04806 46348
2.04833 38336
2.0485 46348
2.04877 38336
2.04895 46348
2.04921 38336
2.04936 46348
2.04963 38336
2.0498 46348
2.05007 38336
2.05024 46348
2.05051 38336
2.05068 46348
2.05095 38336
2.05112 46348
2.05139 38336
2.05156 46348
2.05183 38336
2.05201 46348
2.05227 38336
2.05242 46348
2.05269 38336
2.05286 46348
2.05313 38336
2.0533 46348
2.05357 38336
2.05374 46348
2.05401 38336
2.05418 46348
2.05445 38336
2.05462 46348
2.05489 38336
2.05507 46348
2.05533 38336
2.05548 46348
2.05575 38336
2.05592 46348
2.05619 38336
2.05636 46348
2.05663 38336
2.0568 46348
2.05707 38336
2.05724 46348
2.05751 38336
2.05768 46348
2.05795 38336
2.05813 46348
2.05839 38336
2.05854 46348
2.05881 38336
2.05898 46348
2.05925 38336
2.05942 46348
2.05969 38336
2.05986 46348
2.06013 38336
2.0603 46348
2.06057 38336
2.06074 46348
2.06101 38336
2.06119 46348
2.06145 38336
2.0616 46348
2.06187 38336
2.06204 46348
2.06231 38336
2.06248 46348
2.06275 38336
2.06292 46348
2.06319 38336
2.06336 46348
2.06363 38336
2.0638 46348
2.06407 38336
2.06425 46348
2.06451 38336
2.06466 46348
2.06493 38336
2.0651 46348
2.06537 38336
2.06554 46348
2.06581 38336
2.06598 46348
2.06625 38336
2.06642 46348
2.06669 38336
2.06686 46348
2.06713 38336
2.06731 46348
2.06757 38336
2.06772 46348
2.06799 38336
2.06816 46348
2.06843 38336
2.0686 46348
2.06887 38336
2.06904 46348
2.06931 38336
2.06948 46348
2.06975 38336
2.06992 46348
2.07019 38336
2.07037 46348
2.07063 38336
2.07078 46348
2.07105 38336
2.07122 46348
2.07149 38336
2.07166 46348
2.07193 38336
2.0721 46348
2.07237 38336
2.07254 46348
2.07281 38336
2.07298 46348
2.07325 38336
2.07343 46348
2.07369 38336
2.07384 46348
2.07411 38336
2.07428 46348
2.07455 38336
2.07472 46348
2.07499 38336
2.07516 46348
2.07543 38336
2.0756 46348
2.07587 38336
2.07604 46348
2.07631 38336
2.07649 46348
2.07675 38336
2.0769 46348
2.07717 38336
2.07734 46348
2.07761 38336
2.07778 46348
2.07805 38336
2.07822 46348
2.07849 38336
2.07866 46348
2.07893 38336
2.0791 46348
2.07937 38336
2.07955 46348
2.07981 38336
2.07996 46348
2.08023 38336
2.0804 46348
2.08067 38336
2.08084 46348
2.08111 38336
2.08128 46348
2.08155 38336
2.08172 46348
2.08199 38336
2.08216 46348
2.08243 38336
2.08261 46348
2.08287 38336
2.08302 46348
2.08329 38336
2.08346 46348
2.08373 38336
2.0839 46348
2.08417 38336
2.08434 46348
2.08461 38336
2.08478 46348
2.08505 38336
2.08522 46348
2.08549 38336
2.08567 46348
2.08593 38336
2.08608 46348
2.08635 38336
2.08652 46348
2.08679 38336
2.08696 46348
2.08723 38336
2.0874 46348
2.08767 38336
2.08784 46348
2.08811 38336
2.08828 46348
2.08855 38336
2.08873 46348
2.08899 38336
2.08914 46348
2.08941 38336
2.08958 46348
2.08985 38336
2.09002 46348
2.09029 38336
2.09046 46348
2.09073 38336
2.0909 46348
2.09117 38336
2.09134 46348
2.09161 38336
2.09179 46348
2.09205 38336
2.0922 46348
2.09247 38336
2.09264 46348
2.09291 38336
2.09308 46348
2.09335 38336
2.09352 46348
2.09379 38336
2.09396 46348
2.09423 38336
2.0944 46348
2.09467 38336
2.09485 46348
2.09511 38336
2.09526 46348
2.09553 38336
2.0957 46348
2.09597 38336
2.09614 46348
2.09641 38336
2.09658 46348
2.09685 38336
2.09702 46348
2.09729 38336
2.09746 46348
2.09773 38336
2.09791 46348
2.09817 38336
2.09832 46348
2.09859 38336
2.09876 46348
2.09903 38336
2.0992 46348
2.09947 38336
2.09964 46348
2.09991 38336
2.10008 46348
2.10013 38336
2.10035 46348
2.10062 38336
2.10081 46348
2.10107 38336
2.10125 46348
2.10152 38336
2.10166 46348
2.10193 38336
2.1021 46348
2.10237 38336
2.10254 46348
2.10281 38336
2.10298 46348
2.10325 38336
2.10342 46348
2.10369 38336
2.10387 46348
2.10413 38336
2.10431 46348
2.10458 38336
2.10472 46348
2.10499 38336
2.10516 46348
2.10543 38336
2.1056 46348
2.10587 38336
2.10604 46348
2.10631 38336
2.10648 46348
2.10675 38336
2.10693 46348
2.10719 38336
2.10737 46348
2.10764 38336
2.10778 46348
2.10805 38336
2.10822 46348
2.10849 38336
2.10866 46348
2.10893 38336
2.1091 46348
2.10937 38336
2.10954 46348
2.10981 38336
2.10999 46348
2.11025 38336
2.11043 46348
2.1107 38336
2.11084 46348
2.11111 38336
2.11128 46348
2.11155 38336
2.11172 46348
2.11199 38336
2.11216 46348
2.11243 38336
2.1126 46348
2.11287 38336
2.11305 46348
2.11331 38336
2.11349 46348
2.11376 38336
2.1139 46348
2.11417 38336
2.11434 46348
2.11461 38336
2.11478 46348
2.11505 38336
2.11522 46348
2.11549 38336
2.11566 46348
2.11593 38336
2.11611 46348
2.11637 38336
2.11655 46348
2.11682 38336
2.11696 46348
2.11723 38336
2.1174 46348
2.11767 38336
2.11784 46348
2.11811 38336
2.11828 46348
2.11855 38336
2.11872 46348
2.11899 38336
2.11917 46348
2.11943 38336
2.11961 46348
2.11988 38336
2.12002 46348
2.12029 38336
2.12046 46348
2.12073 38336
2.1209 46348
2.12117 38336
2.12134 46348
2.12161 38336
2.12178 46348
2.12205 38336
2.12223 46348
2.12249 38336
2.12267 46348
2.12294 38336
2.12308 46348
2.12335 38336
2.12352 46348
2.12379 38336
2.12396 46348
2.12423 38336
2.1244 46348
2.12467 38336
2.12484 46348
2.12511 38336
2.12529 46348
2.12555 38336
2.12573 46348
2.126 38336
2.12614 46348
2.12641 38336
2.12658 46348
2.12685 38336
2.12702 46348
2.12729 38336
2.12746 46348
2.12773 38336
2.1279 46348
2.12817 38336
2.12835 46348
2.12861 38336
2.12879 46348
2.12906 38336
2.1292 46348
2.12947 38336
2.12964 46348
2.12991 38336
2.13008 46348
2.13035 38336
2.13052 46348
2.13079 38336
2.13096 46348
2.13123 38336
2.13141 46348
2.13167 38336
2.13185 46348
2.13212 38336
2.13226 46348
2.13253 38336
2.1327 46348
2.13297 38336
2.13314 46348
2.13341 38336
2.13358 46348
2.13385 38336
2.13402 46348
2.13429 38336
2.13447 46348
2.13473 38336
2.13491 46348
2.13518 38336
2.13532 46348
2.13559 38336
2.13576 46348
2.13603 38336
2.1362 46348
2.13647 38336
2.13664 46348
2.13691 38336
2.13708 46348
2.13735 38336
2.13753 46348
2.13779 38336
2.13797 46348
2.13824 38336
2.13838 46348
2.13865 38336
2.13882 46348
2.13909 38336
2.13926 46348
2.13953 38336
2.1397 46348
2.13997 38336
2.14014 46348
2.14041 38336
2.14059 46348
2.14085 38336
2.14103 46348
2.1413 38336
2.14144 46348
2.14171 38336
2.14188 46348
2.14215 38336
2.14232 46348
2.14259 38336
2.14276 46348
2.14303 38336
2.1432 46348
2.14347 38336
2.14365 46348
2.14391 38336
2.14409 46348
2.14436 38336
2.1445 46348
2.14477 38336
2.14494 46348
2.14521 38336
2.14538 46348
2.14565 38336
2.14582 46348
2.14609 38336
2.14626 46348
2.14653 38336
2.14671 46348
2.14697 38336
2.14715 46348
2.14742 38336
2.14756 46348
2.14783 38336
2.148 46348
2.14827 38336
2.14844 46348
2.14871 38336
2.14888 46348
2.14915 38336
2.14932 46348
2.14959 38336
2.14977 46348
2.15003 38336
2.15021 46348
2.15048 38336
2.15062 46348
2.15089 38336
2.15106 46348
2.15133 38336
2.1515 46348
2.15177 38336
2.15194 46348
2.15221 38336
2.15238 46348
2.15265 38336
2.15283 46348
2.15309 38336
2.15327 46348
2.15354 38336
2.15368 46348
2.15395 38336
2.15412 46348
2.15439 38336
2.15456 46348
2.15483 38336
2.155 46348
2.15527 38336
2.15544 46348
2.15571 38336
2.15589 46348
2.15615 38336
2.15633 46348
2.1566 38336
2.15674 46348
2.15701 38336
2.15718 46348
2.15745 38336
2.15762 46348
2.15789 38336
2.15806 46348
2.15833 38336
2.1585 46348
2.15877 38336
2.15895 46348
2.15921 38336
2.15939 46348
2.15966 38336
2.1598 46348
2.16007 38336
2.16024 46348
2.16051 38336
2.16068 46348
2.16095 38336
2.16112 46348
2.16139 38336
2.16156 46348
2.16183 38336
2.16201 46348
2.16227 38336
2.16245 46348
2.16272 38336
2.16286 46348
2.16313 38336
2.1633 46348
2.16357 38336
2.16374 46348
2.16401 38336
2.16418 46348
2.16445 38336
2.16462 46348
2.16489 38336
2.16507 46348
2.16533 38336
2.16551 46348
2.16578 38336
2.16592 46348
2.16619 38336
2.16636 46348
2.16663 38336
2.1668 46348
2.16707 38336
2.16724 46348
2.16751 38336
2.16768 46348
2.16795 38336
2.16813 46348
2.16839 38336
2.16857 46348
2.16884 38336
2.16898 46348
2.16925 38336
2.16942 46348
2.16969 38336
2.16986 46348
2.17013 38336
2.1703 46348
2.17057 38336
2.17074 46348
2.17101 38336
2.17119 46348
2.17145 38336
2.17163 46348
2.1719 38336
2.17204 46348
2.17231 38336
2.17248 46348
2.17275 38336
2.17292 46348
2.17319 38336
2.17336 46348
2.17363 38336
2.1738 46348
2.17407 38336
2.17425 46348
2.17451 38336
2.17469 46348
2.17496 38336
2.1751 46348
2.17537 38336
2.17554 46348
2.17581 38336
2.17598 46348
2.17625 38336
2.17642 46348
2.17669 38336
2.17686 46348
2.17713 38336
2.17731 46348
2.17757 38336
2.17775 46348
2.17802 38336
2.17816 46348
2.17843 38336
2.1786 46348
2.17887 38336
2.17904 46348
2.17931 38336
2.17948 46348
2.17975 38336
2.17992 46348
2.18019 38336
2.18037 46348
2.18063 38336
2.18081 46348
2.18108 38336
2.18122 46348
2.18149 38336
2.18166 46348
2.18193 38336
2.1821 46348
2.18237 38336
2.18254 46348
2.18281 38336
2.18298 46348
2.18325 38336
2.18343 46348
2.18369 38336
2.18387 46348
2.18414 38336
2.18428 46348
2.18455 38336
2.18472 46348
2.18499 38336
2.18516 46348
2.18543 38336
2.1856 46348
2.18587 38336
2.18604 46348
2.18631 38336
2.18649 46348
2.18675 38336
2.18693 46348
2.1872 38336
2.18734 46348
2.18761 38336
2.18778 46348
2.18805 38336
2.18822 46348
2.18849 38336
2.18866 46348
2.18893 38336
2.1891 46348
2.18937 38336
2.18955 46348
2.18981 38336
2.18999 46348
2.19026 38336
2.1904 46348
2.19067 38336
2.19084 46348
2.19111 38336
2.19128 46348
2.19155 38336
2.19172 46348
2.19199 38336
2.19216 46348
2.19243 38336
2.19261 46348
2.19287 38336
2.19305 46348
2.19332 38336
2.19346 46348
2.19373 38336
2.1939 46348
2.19417 38336
2.19434 46348
2.19461 38336
2.19478 46348
2.19505 38336
2.19522 46348
2.19549 38336
2.19567 46348
2.19593 38336
2.19611 46348
2.19638 38336
2.19652 46348
2.19679 38336
2.19696 46348
2.19723 38336
2.1974 46348
2.19767 38336
2.19784 46348
2.19811 38336
2.19828 46348
2.19855 38336
2.19873 46348
2.19899 38336
2.19917 46348
2.19944 38336
2.19958 46348
2.19985 38336
2.20002 46348
2.20029 38336
2.20046 46348
2.20073 38336
2.2009 46348
2.20117 38336
2.20134 46348
2.20161 38336
2.20179 46348
2.20205 38336
2.20223 46348
2.2025 38336
2.20264 46348
2.20291 38336
2.20308 46348
2.20335 38336
2.20352 46348
2.20379 38336
2.20396 46348
2.20423 38336
2.2044 46348
2.20467 38336
2.20485 46348
2.20511 38336
2.20529 46348
2.20556 38336
2.2057 46348
2.20597 38336
2.20614 46348
2.20641 38336
2.20658 46348
2.20685 38336
2.20702 46348
2.20729 38336
2.20746 46348
2.20773 38336
2.20791 46348
2.20817 38336
2.20835 46348
2.20862 38336
2.20876 46348
2.20903 38336
2.2092 46348
2.20947 38336
2.20964 46348
2.20991 38336
2.21008 46348
2.21035 38336
2.21052 46348
2.21079 38336
2.21097 46348
2.21123 38336
2.21141 46348
2.21168 38336
2.21182 46348
2.21209 38336
2.21226 46348
2.21253 38336
2.2127 46348
2.21297 38336
2.21314 46348
2.21341 38336
2.21358 46348
2.21385 38336
2.21403 46348
2.21429 38336
2.21447 46348
2.21474 38336
2.21488 46348
2.21515 38336
2.21532 46348
2.21559 38336
2.21576 46348
2.21603 38336
2.2162 46348
2.21647 38336
2.21664 46348
2.21691 38336
2.21709 46348
2.21735 38336
2.21753 46348
2.2178 38336
2.21794 46348
2.21821 38336
2.21838 46348
2.21865 38336
2.21882 46348
2.21909 38336
2.21926 46348
2.21953 38336
2.2197 46348
2.21997 38336
2.22015 46348
2.22041 38336
2.22059 46348
2.22086 38336
2.221 46348
2.22127 38336
2.22144 46348
2.22171 38336
2.22188 46348
2.22215 38336
2.22232 46348
2.22259 38336
2.22276 46348
2.22303 38336
2.22321 46348
2.22347 38336
2.22365 46348
2.22392 38336
2.22406 46348
2.22433 38336
2.2245 46348
2.22477 38336
2.22494 46348
2.22521 38336
2.22538 46348
2.22565 38336
2.22582 46348
2.22609 38336
2.22627 46348
2.22653 38336
2.22671 46348
2.22698 38336
2.22712 46348
2.22739 38336
2.22756 46348
2.22783 38336
2.228 46348
2.22827 38336
2.22844 46348
2.22871 38336
2.22888 46348
2.22915 38336
2.22933 46348
2.22959 38336
2.22977 46348
2.23004 38336
2.23018 46348
2.23045 38336
2.23062 46348
2.23089 38336
2.23106 46348
2.23133 38336
2.2315 46348
2.23177 38336
2.23194 46348
2.23221 38336
2.23239 46348
2.23265 38336
2.23283 46348
2.2331 38336
2.23324 46348
2.23351 38336
2.23368 46348
2.23395 38336
2.23412 46348
2.23439 38336
2.23456 46348
2.23483 38336
2.235 46348
2.23527 38336
2.23545 46348
2.23571 38336
2.23589 46348
2.23616 38336
2.2363 46348
2.23657 38336
2.23674 46348
2.23701 38336
2.23718 46348
2.23745 38336
2.23762 46348
2.23789 38336
2.23806 46348
2.23833 38336
2.23851 46348
2.23877 38336
2.23895 46348
2.23922 38336
2.23936 46348
2.23963 38336
2.2398 46348
2.24007 38336
2.24024 46348
2.24051 38336
2.24068 46348
2.24095 38336
2.24112 46348
2.24139 38336
2.24157 46348
2.24183 38336
2.24201 46348
2.24228 38336
2.24242 46348
2.24269 38336
2.24286 46348
2.24313 38336
2.2433 46348
2.24357 38336
2.24374 46348
2.24401 38336
2.24418 46348
2.24445 38336
2.24463 46348
2.24489 38336
2.24507 46348
2.24534 38336
2.24548 46348
2.24575 38336
2.24592 46348
2.24619 38336
2.24636 46348
2.24663 38336
2.2468 46348
