1.00047 2920
1.00097 4380
1.00099 5840
1.00146 7300
1.00149 8760
1.00151 10220
1.00154 11680
1.00196 13140
1.00199 14600
1.00201 16060
1.00204 17520
1.00206 18980
1.00208 20440
1.00211 21900
1.00213 23360
1.00303 24820
1.00363 26280
1.0042 27740
1.00475 29200
1.00527 30660
1.00577 32120
1.00626 33580
1.00675 35040
1.00723 36500
1.00772 37960
1.00821 39420
1.0087 40880
1.00919 42340
1.00968 43800
1.01017 45260
1.01066 46720
1.01115 48180
1.01164 49640
1.01213 51100
1.01262 52560
1.01311 54020
1.0136 55480
1.01409 56940
1.01458 58400
1.01507 59860
1.01556 61320
1.01605 62780
1.01654 64240
1.01703 65700
1.01752 67160
1.01801 68620
1.0185 70080
1.01899 71540
1.01947 73000
1.01996 74460
1.02045 75920
1.02094 77380
1.02143 78840
1.02192 80300
1.02241 81760
1.0229 83220
1.02339 84680
1.02388 86140
1.02437 87600
1.02486 89060
1.02535 90520
1.02584 91980
1.02633 93440
1.02682 94900
1.02731 96360
1.0278 97820
1.02829 99280
1.02878 100740
1.02927 102200
1.02976 103660
1.03025 105120
1.03074 106580
1.03123 108040
1.03171 109500
1.0322 110960
1.03269 112420
1.03318 113880
1.03367 115340
1.03416 116800
1.03465 118260
1.03514 119720
1.03563 121180
1.03612 122640
1.03661 124100
1.0371 125560
1.03759 127020
1.03808 128480
1.03857 129940
1.03906 131400
1.03955 132860
1.04004 134320
1.04053 135780
1.04102 137240
1.04151 138700
1.042 140160
1.04249 141620
1.04298 143080
1.04347 144540
1.04395 146000
1.04444 147460
1.04493 148920
1.04542 150380
1.04591 151840
1.0464 153300
1.04689 154760
1.04738 156220
1.04787 157680
1.04836 159140
1.04885 160600
1.04934 162060
1.04983 163520
1.05032 164980
1.05081 166440
1.0513 167900
1.05179 169360
1.05228 170820
1.05277 172280
1.05326 173740
1.05375 175200
1.05424 176660
1.05473 178120
1.05522 179580
1.05571 181040
1.05619 182500
1.05668 183960
1.05717 185420
1.05766 186880
1.05815 188340
1.05864 189800
1.05913 191260
1.05962 192720
1.06011 194180
1.0606 195640
1.06109 197100
1.06158 198560
1.06207 200020
1.06256 201480
1.06305 202940
1.06354 204400
1.06403 205860
1.06452 207320
1.06501 208780
1.0655 210240
1.06599 211700
1.06648 213160
1.06697 214620
1.06746 216080
1.06795 217540
1.06843 219000
1.06892 220460
1.06941 221920
1.0699 223380
1.07039 224840
1.07088 226300
1.07137 227760
1.07186 229220
1.07235 230680
1.07284 232140
1.07333 233600
1.07382 235060
1.07431 236520
1.0748 237980
1.07529 239440
1.07578 240900
1.07627 242360
1.07676 243820
1.07725 245280
1.07774 246740
1.07823 248200
1.07872 249660
1.07921 251120
1.0797 252580
1.08019 254040
1.08067 255500
1.08116 256960
1.08165 258420
1.08214 259880
1.08263 261340
1.08312 262800
1.08361 264260
1.0841 265720
1.08459 267180
1.08508 268640
1.08557 270100
1.08606 271560
1.08655 273020
1.08704 274480
1.08753 275940
1.08802 277400
1.08851 278860
1.089 280320
1.08949 281780
1.08998 283240
1.09047 284700
1.09096 286160
1.09145 287620
1.09194 289080
1.09243 290540
1.09291 292000
1.0934 293460
1.09389 294920
1.09438 296380
1.09487 297840
1.09536 299300
1.09585 300760
1.09634 302220
1.09683 303680
1.09732 305140
1.09781 306600
1.0983 308060
1.09879 309520
1.09928 310980
1.09977 312440
1.10026 313900
1.10075 315360
1.10126 316820
1.10175 318280
1.10224 319740
1.10273 321200
1.10322 322660
1.10371 324120
1.1042 325580
1.10469 327040
1.10517 328500
1.10566 329960
1.10615 331420
1.10664 332880
1.10713 334340
1.10762 335800
1.10811 337260
1.1086 338720
1.10909 340180
1.10958 341640
1.11007 343100
1.11056 344560
1.11105 346020
1.11154 347480
1.11203 348940
1.11252 350400
1.11301 351860
1.1135 353320
1.11399 354780
1.11448 356240
1.11497 357700
1.11546 359160
1.11595 360620
1.11644 362080
1.11693 363540
1.11741 365000
1.1179 366460
1.11839 367920
1.11888 369380
1.11937 370840
1.11986 372300
1.12035 373760
1.12084 375220
1.12133 376680
1.12182 378140
1.12231 379600
1.1228 381060
1.12329 382520
1.12378 383980
1.12427 385440
1.12476 386900
1.12525 388360
1.12574 389820
1.12623 391280
1.12672 392740
1.12721 394200
1.1277 395660
1.12819 397120
1.12868 398580
1.12917 400040
1.12965 401500
1.13014 402960
1.13063 404420
1.13112 405880
1.13161 407340
1.1321 408800
1.13259 410260
1.13308 411720
1.13357 413180
1.13406 414640
1.13455 416100
1.13504 417560
1.13553 419020
1.13602 420480
1.13651 421940
1.137 423400
1.13749 424860
1.13798 426320
1.13847 427780
1.13896 429240
1.13945 430700
1.13994 432160
1.14043 433620
1.14092 435080
1.14141 436540
1.14189 438000
1.14238 439460
1.14287 440920
1.14336 442380
1.14385 443840
1.14434 445300
1.14483 446760
1.14532 448220
1.14581 449680
1.1463 451140
1.14679 452600
1.14728 454060
1.14777 455520
1.14826 456980
1.14875 458440
1.14924 459900
1.14973 461360
1.15022 462820
1.15071 464280
1.1512 465740
1.15169 467200
1.15218 468660
1.15267 470120
1.15316 471580
1.15365 473040
1.15413 474500
1.15462 475960
1.15511 477420
1.1556 478880
1.15609 480340
1.15658 481800
1.15707 483260
1.15756 484720
1.15805 486180
1.15854 487640
1.15903 489100
1.15952 490560
1.16001 492020
1.1605 493480
1.16099 494940
1.16148 496400
1.16197 497860
1.16246 499320
1.16295 500780
1.16344 502240
1.16393 503700
1.16442 505160
1.16491 506620
1.1654 508080
1.16589 509540
1.16637 511000
1.16686 512460
1.16735 513920
1.16784 515380
1.16833 516840
1.16882 518300
1.16931 519760
1.1698 521220
1.17029 522680
1.17078 524140
1.17127 525600
1.17176 527060
1.17225 528520
1.17274 529980
1.17323 531440
1.17372 532900
1.17421 534360
1.1747 535820
1.17519 537280
1.17568 538740
1.17617 540200
1.17666 541660
1.17715 543120
1.17764 544580
1.17813 546040
1.17861 547500
1.1791 548960
1.17959 550420
1.18008 551880
1.18057 553340
1.18106 554800
1.18155 556260
1.18204 557720
1.18253 559180
1.18302 560640
1.18351 562100
1.184 563560
1.18449 565020
1.18498 566480
1.18547 567940
1.18596 569400
1.18645 570860
1.18694 572320
1.18743 573780
1.18792 575240
1.18841 576700
1.1889 578160
1.18939 579620
1.18988 581080
1.19037 582540
1.19085 584000
1.19134 585460
1.19183 586920
1.19232 588380
1.19281 589840
1.1933 591300
1.19379 592760
1.19428 594220
1.19477 595680
1.19526 597140
1.19575 598600
1.19624 600060
1.19673 601520
1.19722 602980
1.19771 604440
1.1982 605900
1.19869 607360
1.19918 608820
1.19967 610280
1.20016 611740
1.20065 613200
1.20114 614660
1.20163 616120
1.20212 617580
1.20261 619040
1.20309 620500
1.20358 621960
1.20407 623420
1.20456 624880
1.20505 626340
1.20554 627800
1.20603 629260
1.20652 630720
1.20701 632180
1.2075 633640
1.20799 635100
1.20848 636560
1.20897 638020
1.20946 639480
1.20995 640940
1.21044 642400
1.21093 643860
1.21142 645320
1.21191 646780
1.2124 648240
1.21289 649700
1.21338 651160
1.21387 652620
1.21436 654080
1.21485 655540
1.21533 657000
1.21582 658460
1.21631 659920
1.2168 661380
1.21729 662840
1.21778 664300
1.21827 665760
1.21875 667220
1.21925 668680
1.21974 670140
1.22023 671600
1.22072 673060
1.22121 674520
1.2217 675980
1.22219 677440
1.22268 678900
1.22317 680360
1.22366 681820
1.22415 683280
1.22464 684740
1.22513 686200
1.22562 687660
1.22611 689120
1.2266 690580
1.22709 692040
1.22757 693500
1.22806 694960
1.22855 696420
1.22904 697880
1.22953 699340
1.23002 700800
1.23051 702260
1.231 703720
1.23149 705180
1.23198 706640
1.23247 708100
1.23296 709560
1.23345 711020
1.23394 712480
1.23443 713940
1.23492 715400
1.23541 716860
1.2359 718320
1.23639 719780
1.23688 721240
1.23737 722700
1.23784 724160
1.23835 725620
1.23882 727080
1.23933 728540
1.23981 730000
1.2403 731460
1.24079 732920
1.24128 734380
1.24177 735840
1.24226 737300
1.24275 738760
1.24324 740220
1.24373 741680
1.24422 743140
1.24471 744600
1.2452 746060
1.24569 747520
1.24618 748980
1.24667 750440
1.24716 751900
1.24765 753360
1.24814 754820
1.24863 756280
1.24912 757740
1.24961 759200
1.2501 760660
1.25059 762120
1.25108 763580
1.25157 765040
1.25205 766500
1.25254 767960
1.25303 769420
1.25352 770880
1.25401 772340
1.2545 773800
1.25499 775260
1.25548 776720
1.25597 778180
1.25646 779640
1.25695 781100
1.25744 782560
1.25792 784020
1.25842 785480
1.2589 786940
1.2594 788400
1.25989 789860
1.26038 791320
1.26087 792780
1.26136 794240
1.26185 795700
1.26234 797160
1.26283 798620
1.26332 800080
1.26381 801540
1.26429 803000
1.26478 804460
1.26527 805920
1.26576 807380
1.26625 808840
1.26674 810300
1.26723 811760
1.26772 813220
1.26821 814680
1.2687 816140
1.26919 817600
1.26968 819060
1.27017 820520
1.27066 821980
1.27115 823440
1.27164 824900
1.27213 826360
1.27262 827820
1.27311 829280
1.2736 830740
1.27409 832200
1.27458 833660
1.27507 835120
1.27556 836580
1.27605 838040
1.27653 839500
1.27702 840960
1.27751 842420
1.27799 843880
1.27849 845340
1.27897 846800
1.27947 848260
1.27996 849720
1.28045 851180
1.28094 852640
1.28143 854100
1.28192 855560
1.28241 857020
1.2829 858480
1.28339 859940
1.28388 861400
1.28437 862860
1.28486 864320
1.28535 865780
1.28584 867240
1.28633 868700
1.28682 870160
1.28731 871620
1.2878 873080
1.28829 874540
1.28877 876000
1.28926 877460
1.28975 878920
1.29024 880380
1.29073 881840
1.29122 883300
1.29171 884760
1.2922 886220
1.29269 887680
1.29318 889140
1.29367 890600
1.29416 892060
1.29465 893520
1.29514 894980
1.29563 896440
1.29612 897900
1.29661 899360
1.2971 900820
1.29759 902280
1.29806 903740
1.29857 905200
1.29904 906660
1.29955 908120
1.30004 909580
1.30053 911040
1.30103 912500
1.30152 913960
1.30201 915420
1.3025 916880
1.30299 918340
1.30348 919800
1.30397 921260
1.30446 922720
1.30495 924180
1.30544 925640
1.30593 927100
1.30642 928560
1.30691 930020
1.3074 931480
1.30789 932940
1.30838 934400
1.30887 935860
1.30936 937320
1.30985 938780
1.31034 940240
1.31083 941700
1.31132 943160
1.31181 944620
1.3123 946080
1.31279 947540
1.31327 949000
1.31376 950460
1.31425 951920
1.31474 953380
1.31523 954840
1.31572 956300
1.31621 957760
1.3167 959220
1.31719 960680
1.31768 962140
1.31816 963600
1.31866 965060
1.31914 966520
1.31964 967980
1.32013 969440
1.32062 970900
1.32111 972360
1.3216 973820
1.32209 975280
1.32258 976740
1.32307 978200
1.32356 979660
1.32405 981120
1.32454 982580
1.32503 984040
1.32551 985500
1.326 986960
1.32649 988420
1.32698 989880
1.32747 991340
1.32796 992800
1.32845 994260
1.32894 995720
1.32943 997180
1.32992 998640
1.33041 1000100
1.3309 1001560
1.33139 1003020
1.33188 1004480
1.33237 1005940
1.33286 1007400
1.33335 1008860
1.33384 1010320
1.33433 1011780
1.33482 1013240
1.33531 1014700
1.3358 1016160
1.33629 1017620
1.33678 1019080
1.33727 1020540
1.33775 1022000
1.33823 1023460
1.33873 1024920
1.33921 1026380
1.33971 1027840
1.3402 1029300
1.34069 1030760
1.34118 1032220
1.34167 1033680
1.34216 1035140
1.34265 1036600
1.34314 1038060
1.34363 1039520
1.34412 1040980
1.34461 1042440
1.3451 1043900
1.34559 1045360
1.34608 1046820
1.34657 1048280
1.34706 1049740
1.34755 1051200
1.34804 1052660
1.34853 1054120
1.34902 1055580
1.34951 1057040
1.34999 1058500
1.35048 1059960
1.35097 1061420
1.35146 1062880
1.35195 1064340
1.35244 1065800
1.35293 1067260
1.35342 1068720
1.35391 1070180
1.3544 1071640
1.35489 1073100
1.35538 1074560
1.35587 1076020
1.35636 1077480
1.35685 1078940
1.35734 1080400
1.35783 1081860
1.35831 1083320
1.35881 1084780
1.35928 1086240
1.35979 1087700
1.36028 1089160
1.36077 1090620
1.36126 1092080
1.36175 1093540
1.36223 1095000
1.36272 1096460
1.36321 1097920
1.3637 1099380
1.36419 1100840
1.36468 1102300
1.36517 1103760
1.36566 1105220
1.36615 1106680
1.36664 1108140
1.36713 1109600
1.36762 1111060
1.36811 1112520
1.3686 1113980
1.36909 1115440
1.36958 1116900
1.37007 1118360
1.37056 1119820
1.37105 1121280
1.37154 1122740
1.37203 1124200
1.37252 1125660
1.37301 1127120
1.3735 1128580
1.37399 1130040
1.37447 1131500
1.37496 1132960
1.37545 1134420
1.37594 1135880
1.37643 1137340
1.37692 1138800
1.37741 1140260
1.3779 1141720
1.37838 1143180
1.37888 1144640
1.37936 1146100
1.37986 1147560
1.38035 1149020
1.38084 1150480
1.38133 1151940
1.38182 1153400
1.38231 1154860
1.3828 1156320
1.38329 1157780
1.38378 1159240
1.38427 1160700
1.38476 1162160
1.38525 1163620
1.38574 1165080
1.38623 1166540
1.38671 1168000
1.3872 1169460
1.38769 1170920
1.38818 1172380
1.38867 1173840
1.38916 1175300
1.38965 1176760
1.39014 1178220
1.39063 1179680
1.39112 1181140
1.39161 1182600
1.3921 1184060
1.39259 1185520
1.39308 1186980
1.39357 1188440
1.39406 1189900
1.39455 1191360
1.39504 1192820
1.39553 1194280
1.39602 1195740
1.39651 1197200
1.397 1198660
1.39749 1200120
1.39798 1201580
1.39845 1203040
1.39895 1204500
1.39943 1205960
1.39993 1207420
1.40042 1208880
1.40091 1210340
1.4014 1211800
1.40189 1213260
1.40238 1214720
1.40287 1216180
1.40336 1217640
1.40385 1219100
1.40434 1220560
1.40483 1222020
1.40532 1223480
1.40581 1224940
1.4063 1226400
1.40679 1227860
1.40728 1229320
1.40777 1230780
1.40826 1232240
1.40875 1233700
1.40924 1235160
1.40973 1236620
1.41022 1238080
1.41071 1239540
1.41119 1241000
1.41168 1242460
1.41217 1243920
1.41266 1245380
1.41315 1246840
1.41364 1248300
1.41413 1249760
1.41462 1251220
1.41511 1252680
1.4156 1254140
1.41609 1255600
1.41658 1257060
1.41707 1258520
1.41756 1259980
1.41805 1261440
1.41853 1262900
1.41903 1264360
1.41951 1265820
1.42001 1267280
1.4205 1268740
1.42099 1270200
1.42148 1271660
1.42197 1273120
1.42246 1274580
1.42295 1276040
1.42343 1277500
1.42392 1278960
1.42441 1280420
1.4249 1281880
1.42539 1283340
1.42588 1284800
1.42637 1286260
1.42686 1287720
1.42735 1289180
1.42784 1290640
1.42833 1292100
1.42882 1293560
1.42931 1295020
1.4298 1296480
1.43029 1297940
1.43078 1299400
1.43127 1300860
1.43176 1302320
1.43225 1303780
1.43274 1305240
1.43323 1306700
1.43372 1308160
1.43421 1309620
1.4347 1311080
1.43519 1312540
1.43567 1314000
1.43616 1315460
1.43665 1316920
1.43714 1318380
1.43763 1319840
1.43812 1321300
1.4386 1322760
1.4391 1324220
1.43958 1325680
1.44008 1327140
1.44057 1328600
1.44106 1330060
1.44155 1331520
1.44204 1332980
1.44253 1334440
1.44302 1335900
1.44351 1337360
1.444 1338820
1.44449 1340280
1.44498 1341740
1.44547 1343200
1.44596 1344660
1.44645 1346120
1.44694 1347580
1.44743 1349040
1.44791 1350500
1.4484 1351960
1.44889 1353420
1.44938 1354880
1.44987 1356340
1.45036 1357800
1.45085 1359260
1.45134 1360720
1.45183 1362180
1.45232 1363640
1.45281 1365100
1.4533 1366560
1.45379 1368020
1.45428 1369480
1.45477 1370940
1.45526 1372400
1.45575 1373860
1.45624 1375320
1.45673 1376780
1.45722 1378240
1.45771 1379700
1.4582 1381160
1.45867 1382620
1.45918 1384080
1.45965 1385540
1.46015 1387000
1.46064 1388460
1.46113 1389920
1.46162 1391380
1.46211 1392840
1.4626 1394300
1.46309 1395760
1.46358 1397220
1.46407 1398680
1.46456 1400140
1.46505 1401600
1.46554 1403060
1.46603 1404520
1.46652 1405980
1.46701 1407440
1.4675 1408900
1.46799 1410360
1.46848 1411820
1.46897 1413280
1.46946 1414740
1.46995 1416200
1.47044 1417660
1.47093 1419120
1.47142 1420580
1.47191 1422040
1.47239 1423500
1.47288 1424960
1.47337 1426420
1.47386 1427880
1.47435 1429340
1.47484 1430800
1.47533 1432260
1.47582 1433720
1.47631 1435180
1.4768 1436640
1.47729 1438100
1.47778 1439560
1.47827 1441020
1.47875 1442480
1.47925 1443940
1.47973 1445400
1.48023 1446860
1.48072 1448320
1.48121 1449780
1.4817 1451240
1.48219 1452700
1.48268 1454160
1.48317 1455620
1.48366 1457080
1.48415 1458540
1.48463 1460000
1.48512 1461460
1.48561 1462920
1.4861 1464380
1.48659 1465840
1.48708 1467300
1.48757 1468760
1.48806 1470220
1.48855 1471680
1.48904 1473140
1.48953 1474600
1.49002 1476060
1.49051 1477520
1.491 1478980
1.49149 1480440
1.49198 1481900
1.49247 1483360
1.49296 1484820
1.49345 1486280
1.49394 1487740
1.49443 1489200
1.49492 1490660
1.49541 1492120
1.4959 1493580
1.49639 1495040
1.49687 1496500
1.49736 1497960
1.49785 1499420
1.49834 1500880
1.49882 1502340
1.49932 1503800
1.4998 1505260
1.5003 1506720
1.50079 1508180
1.50128 1509640
1.50177 1511100
1.50226 1512560
1.50275 1514020
1.50324 1515480
1.50373 1516940
1.50422 1518400
1.50471 1519860
1.5052 1521320
1.50569 1522780
1.50618 1524240
1.50667 1525700
1.50716 1527160
1.50765 1528620
1.50814 1530080
1.50863 1531540
1.50911 1533000
1.5096 1534460
1.51009 1535920
1.51058 1537380
1.51107 1538840
1.51156 1540300
1.51205 1541760
1.51254 1543220
1.51303 1544680
1.51352 1546140
1.51401 1547600
1.5145 1549060
1.51499 1550520
1.51548 1551980
1.51597 1553440
1.51646 1554900
1.51695 1556360
1.51744 1557820
1.51793 1559280
1.51842 1560740
1.51891 1562200
1.5194 1563660
1.51989 1565120
1.52038 1566580
1.52087 1568040
1.52135 1569500
1.52184 1570960
1.52233 1572420
1.52282 1573880
1.52331 1575340
1.5238 1576800
1.52429 1578260
1.52478 1579720
1.52527 1581180
1.52576 1582640
1.52625 1584100
1.52674 1585560
1.52723 1587020
1.52772 1588480
1.52821 1589940
1.5287 1591400
1.52919 1592860
1.52968 1594320
1.53017 1595780
1.53066 1597240
1.53115 1598700
1.53164 1600160
1.53213 1601620
1.53262 1603080
1.53311 1604540
1.53359 1606000
1.53408 1607460
1.53457 1608920
1.53506 1610380
1.53555 1611840
1.53604 1613300
1.53653 1614760
1.53702 1616220
1.53751 1617680
1.538 1619140
1.53849 1620600
1.53898 1622060
1.53947 1623520
1.53996 1624980
1.54045 1626440
1.54094 1627900
1.54143 1629360
1.54192 1630820
1.54241 1632280
1.5429 1633740
1.54339 1635200
1.54388 1636660
1.54437 1638120
1.54486 1639580
1.54535 1641040
1.54583 1642500
1.54632 1643960
1.54681 1645420
1.5473 1646880
1.54779 1648340
1.54828 1649800
1.54877 1651260
1.54926 1652720
1.54975 1654180
1.55024 1655640
1.55073 1657100
1.55122 1658560
1.55171 1660020
1.5522 1661480
1.55269 1662940
1.55318 1664400
1.55367 1665860
1.55416 1667320
1.55465 1668780
1.55514 1670240
1.55563 1671700
1.55612 1673160
1.55661 1674620
1.5571 1676080
1.55759 1677540
1.55807 1679000
1.55856 1680460
1.55905 1681920
1.55954 1683380
1.56003 1684840
1.56052 1686300
1.56101 1687760
1.5615 1689220
1.56199 1690680
1.56248 1692140
1.56297 1693600
1.56346 1695060
1.56395 1696520
1.56444 1697980
1.56493 1699440
1.56542 1700900
1.56591 1702360
1.5664 1703820
1.56689 1705280
1.56738 1706740
1.56787 1708200
1.56836 1709660
1.56885 1711120
1.56934 1712580
1.56983 1714040
1.57031 1715500
1.5708 1716960
1.57129 1718420
1.57178 1719880
1.57227 1721340
1.57276 1722800
1.57325 1724260
1.57374 1725720
1.57423 1727180
1.57472 1728640
1.57521 1730100
1.5757 1731560
1.57619 1733020
1.57668 1734480
1.57717 1735940
1.57766 1737400
1.57815 1738860
1.57864 1740320
1.57913 1741780
1.57962 1743240
1.58011 1744700
1.5806 1746160
1.58109 1747620
1.58158 1749080
1.58207 1750540
1.58255 1752000
1.58304 1753460
1.58353 1754920
1.58402 1756380
1.58451 1757840
1.585 1759300
1.58549 1760760
1.58598 1762220
1.58647 1763680
1.58696 1765140
1.58745 1766600
1.58794 1768060
1.58843 1769520
1.58892 1770980
1.58941 1772440
1.5899 1773900
1.59039 1775360
1.59088 1776820
1.59137 1778280
1.59186 1779740
1.59235 1781200
1.59284 1782660
1.59333 1784120
1.59382 1785580
1.59431 1787040
1.59479 1788500
1.59528 1789960
1.59577 1791420
1.59626 1792880
1.59675 1794340
1.59724 1795800
1.59773 1797260
1.59822 1798720
1.59871 1800180
1.5992 1801640
1.59969 1803100
1.60018 1804560
1.60067 1806020
1.60116 1807480
1.60165 1808940
1.60214 1810400
1.60263 1811860
1.60312 1813320
1.60361 1814780
1.6041 1816240
1.60459 1817700
1.60508 1819160
1.60557 1820620
1.60606 1822080
1.60655 1823540
1.60703 1825000
1.60752 1826460
1.60801 1827920
1.6085 1829380
1.60899 1830840
1.60948 1832300
1.60997 1833760
1.61046 1835220
1.61095 1836680
1.61144 1838140
1.61193 1839600
1.61242 1841060
1.61291 1842520
1.6134 1843980
1.61389 1845440
1.61438 1846900
1.61487 1848360
1.61536 1849820
1.61585 1851280
1.61634 1852740
1.61683 1854200
1.61732 1855660
1.61781 1857120
1.6183 1858580
1.61879 1860040
1.61927 1861500
1.61976 1862960
1.62025 1864420
1.62074 1865880
1.62123 1867340
1.62172 1868800
1.62221 1870260
1.6227 1871720
1.62319 1873180
1.62368 1874640
1.62417 1876100
1.62466 1877560
1.62515 1879020
1.62564 1880480
1.62613 1881940
1.62662 1883400
1.62711 1884860
1.6276 1886320
1.62809 1887780
1.62858 1889240
1.62907 1890700
1.62956 1892160
1.63005 1893620
1.63054 1895080
1.63103 1896540
1.63151 1898000
1.632 1899460
1.63249 1900920
1.63298 1902380
1.63347 1903840
1.63396 1905300
1.63445 1906760
1.63494 1908220
1.63543 1909680
1.63592 1911140
1.63641 1912600
1.6369 1914060
1.63739 1915520
1.63788 1916980
1.63837 1918440
1.63886 1919900
1.63935 1921360
1.63984 1922820
1.64033 1924280
1.64082 1925740
1.64131 1927200
1.6418 1928660
1.64229 1930120
1.64278 1931580
1.64327 1933040
1.64375 1934500
1.64424 1935960
1.64473 1937420
1.64522 1938880
1.64571 1940340
1.6462 1941800
1.64669 1943260
1.64718 1944720
1.64767 1946180
1.64816 1947640
1.64865 1949100
1.64914 1950560
1.64963 1952020
1.65012 1953480
1.65061 1954940
1.6511 1956400
1.65159 1957860
1.65208 1959320
1.65257 1960780
1.65306 1962240
1.65355 1963700
1.65404 1965160
1.65453 1966620
1.65502 1968080
1.65551 1969540
1.65599 1971000
1.65648 1972460
1.65697 1973920
1.65746 1975380
1.65795 1976840
1.65844 1978300
1.65893 1979760
1.65942 1981220
1.65991 1982680
1.6604 1984140
1.66089 1985600
1.66138 1987060
1.66187 1988520
1.66236 1989980
1.66285 1991440
1.66334 1992900
1.66383 1994360
1.66432 1995820
1.66481 1997280
1.6653 1998740
1.66579 2000200
1.66628 2001660
1.66677 2003120
1.66726 2004580
1.66775 2006040
1.66823 2007500
1.66872 2008960
1.66921 2010420
1.6697 2011880
1.67019 2013340
1.67068 2014800
1.67117 2016260
1.67166 2017720
1.67215 2019180
1.67264 2020640
1.67313 2022100
1.67362 2023560
1.67411 2025020
1.6746 2026480
1.67509 2027940
1.67558 2029400
1.67607 2030860
1.67656 2032320
1.67705 2033780
1.67754 2035240
1.67803 2036700
1.67852 2038160
1.67901 2039620
1.6795 2041080
1.67999 2042540
1.68047 2044000
1.68096 2045460
1.68145 2046920
1.68194 2048380
1.68243 2049840
1.68292 2051300
1.68341 2052760
1.6839 2054220
1.68439 2055680
1.68488 2057140
1.68537 2058600
1.68586 2060060
1.68635 2061520
1.68684 2062980
1.68733 2064440
1.68782 2065900
1.68831 2067360
1.6888 2068820
1.68929 2070280
1.68978 2071740
1.69027 2073200
1.69076 2074660
1.69125 2076120
1.69174 2077580
1.69223 2079040
1.69271 2080500
1.6932 2081960
1.69369 2083420
1.69418 2084880
1.69467 2086340
1.69516 2087800
1.69565 2089260
1.69614 2090720
1.69663 2092180
1.69712 2093640
1.69761 2095100
1.6981 2096560
1.69859 2098020
1.69908 2099480
1.69957 2100940
1.70006 2102400
1.70055 2103860
1.70104 2105320
1.70153 2106780
1.70202 2108240
1.70251 2109700
1.703 2111160
1.70349 2112620
1.70398 2114080
1.70447 2115540
1.70495 2117000
1.70544 2118460
1.70593 2119920
1.70642 2121380
1.70691 2122840
1.7074 2124300
1.70789 2125760
1.70838 2127220
1.70887 2128680
1.70936 2130140
1.70985 2131600
1.71034 2133060
1.71083 2134520
1.71132 2135980
1.71181 2137440
1.7123 2138900
1.71279 2140360
1.71328 2141820
1.71377 2143280
1.71426 2144740
1.71475 2146200
1.71524 2147660
1.71573 2149120
1.71622 2150580
1.71671 2152040
1.71719 2153500
1.71768 2154960
1.71817 2156420
1.71866 2157880
1.71915 2159340
1.71964 2160800
1.72013 2162260
1.72062 2163720
1.72111 2165180
1.7216 2166640
1.72209 2168100
1.72258 2169560
1.72307 2171020
1.72356 2172480
1.72405 2173940
1.72454 2175400
1.72503 2176860
1.72552 2178320
1.72601 2179780
1.7265 2181240
1.72699 2182700
1.72748 2184160
1.72797 2185620
1.72846 2187080
1.72895 2188540
1.72943 2190000
1.72992 2191460
1.73041 2192920
1.7309 2194380
1.73139 2195840
1.73188 2197300
1.73237 2198760
1.73286 2200220
1.73335 2201680
1.73384 2203140
1.73433 2204600
1.73482 2206060
1.73531 2207520
1.7358 2208980
1.73629 2210440
1.73678 2211900
1.73727 2213360
1.73776 2214820
1.73825 2216280
1.73874 2217740
1.73923 2219200
1.73972 2220660
1.74021 2222120
1.7407 2223580
1.74119 2225040
1.74167 2226500
1.74216 2227960
1.74265 2229420
1.74314 2230880
1.74363 2232340
1.74412 2233800
1.74461 2235260
1.7451 2236720
1.74559 2238180
1.74608 2239640
1.74657 2241100
1.74706 2242560
1.74755 2244020
1.74804 2245480
1.74853 2246940
1.74902 2248400
1.74951 2249860
1.75 2251320
1.75049 2252780
1.75098 2254240
1.75147 2255700
1.75196 2257160
1.75245 2258620
1.75294 2260080
1.75343 2261540
1.75391 2263000
1.7544 2264460
1.75489 2265920
1.75538 2267380
1.75587 2268840
1.75636 2270300
1.75685 2271760
1.75734 2273220
1.75783 2274680
1.75832 2276140
1.75881 2277600
1.7593 2279060
1.75979 2280520
1.76028 2281980
1.76077 2283440
1.76126 2284900
1.76175 2286360
1.76224 2287820
1.76273 2289280
1.76322 2290740
1.76371 2292200
1.7642 2293660
1.76469 2295120
1.76518 2296580
1.76567 2298040
1.76615 2299500
1.76664 2300960
1.76713 2302420
1.76762 2303880
1.76811 2305340
1.7686 2306800
1.76909 2308260
1.76958 2309720
1.77007 2311180
1.77056 2312640
1.77105 2314100
1.77154 2315560
1.77203 2317020
1.77252 2318480
1.77301 2319940
1.7735 2321400
1.77399 2322860
1.77448 2324320
1.77497 2325780
1.77546 2327240
1.77595 2328700
1.77644 2330160
1.77693 2331620
1.77742 2333080
1.77791 2334540
1.77839 2336000
1.77888 2337460
1.77937 2338920
1.77986 2340380
1.78035 2341840
1.78084 2343300
1.78133 2344760
1.78182 2346220
1.78231 2347680
1.7828 2349140
1.78329 2350600
1.78378 2352060
1.78427 2353520
1.78476 2354980
1.78525 2356440
1.78574 2357900
1.78623 2359360
1.78672 2360820
1.78721 2362280
1.7877 2363740
1.78819 2365200
1.78868 2366660
1.78917 2368120
1.78966 2369580
1.79015 2371040
1.79063 2372500
1.79112 2373960
1.79161 2375420
1.7921 2376880
1.79259 2378340
1.79308 2379800
1.79357 2381260
1.79406 2382720
1.79455 2384180
1.79504 2385640
1.79553 2387100
1.79602 2388560
1.79651 2390020
1.797 2391480
1.79749 2392940
1.79798 2394400
1.79847 2395860
1.79896 2397320
1.79945 2398780
1.79994 2400240
1.80043 2401700
1.80092 2403160
1.80141 2404620
1.8019 2406080
1.80239 2407540
1.80287 2409000
1.80336 2410460
1.80385 2411920
1.80434 2413380
1.80483 2414840
1.80532 2416300
1.80581 2417760
1.8063 2419220
1.80679 2420680
1.80728 2422140
1.80777 2423600
1.80826 2425060
1.80875 2426520
1.80924 2427980
1.80973 2429440
1.81022 2430900
1.81071 2432360
1.8112 2433820
1.81169 2435280
1.81218 2436740
1.81267 2438200
1.81316 2439660
1.81365 2441120
1.81414 2442580
1.81463 2444040
1.81511 2445500
1.8156 2446960
1.81609 2448420
1.81658 2449880
1.81707 2451340
1.81756 2452800
1.81805 2454260
1.81854 2455720
1.81903 2457180
1.81952 2458640
1.82001 2460100
1.8205 2461560
1.82099 2463020
1.82148 2464480
1.82197 2465940
1.82246 2467400
1.82295 2468860
1.82344 2470320
1.82393 2471780
1.82442 2473240
1.82491 2474700
1.8254 2476160
1.82589 2477620
1.82638 2479080
1.82687 2480540
1.82735 2482000
1.82784 2483460
1.82833 2484920
1.82882 2486380
1.82931 2487840
1.8298 2489300
1.83029 2490760
1.83078 2492220
1.83127 2493680
1.83176 2495140
1.83225 2496600
1.83274 2498060
1.83323 2499520
1.83372 2500980
1.83421 2502440
1.8347 2503900
1.83519 2505360
1.83568 2506820
1.83617 2508280
1.83666 2509740
1.83715 2511200
1.83764 2512660
1.83813 2514120
1.83862 2515580
1.83911 2517040
1.83959 2518500
1.84008 2519960
1.84057 2521420
1.84106 2522880
1.84155 2524340
1.84204 2525800
1.84253 2527260
1.84302 2528720
1.84351 2530180
1.844 2531640
1.84449 2533100
1.84498 2534560
1.84547 2536020
1.84596 2537480
1.84645 2538940
1.84694 2540400
1.84743 2541860
1.84792 2543320
1.84841 2544780
1.8489 2546240
1.84939 2547700
1.84988 2549160
1.85037 2550620
1.85086 2552080
1.85135 2553540
1.85183 2555000
1.85232 2556460
1.85281 2557920
1.8533 2559380
1.85379 2560840
1.85428 2562300
1.85477 2563760
1.85526 2565220
1.85575 2566680
1.85624 2568140
1.85673 2569600
1.85722 2571060
1.85771 2572520
1.8582 2573980
1.85869 2575440
1.85918 2576900
1.85967 2578360
1.86016 2579820
1.86065 2581280
1.86114 2582740
1.86163 2584200
1.86212 2585660
1.86261 2587120
1.8631 2588580
1.86359 2590040
1.86407 2591500
1.86456 2592960
1.86505 2594420
1.86554 2595880
1.86603 2597340
1.86652 2598800
1.86701 2600260
1.8675 2601720
1.86799 2603180
1.86848 2604640
1.86897 2606100
1.86946 2607560
1.86995 2609020
1.87044 2610480
1.87093 2611940
1.87142 2613400
1.87191 2614860
1.8724 2616320
1.87289 2617780
1.87338 2619240
1.87387 2620700
1.87436 2622160
1.87485 2623620
1.87534 2625080
1.87583 2626540
1.87631 2628000
1.8768 2629460
1.87729 2630920
1.87778 2632380
1.87827 2633840
1.87876 2635300
1.87925 2636760
1.87974 2638220
1.88023 2639680
1.88072 2641140
1.88121 2642600
1.8817 2644060
1.88219 2645520
1.88268 2646980
1.88317 2648440
1.88366 2649900
1.88415 2651360
1.88464 2652820
1.88513 2654280
1.88562 2655740
1.88611 2657200
1.8866 2658660
1.88709 2660120
1.88758 2661580
1.88807 2663040
1.88855 2664500
1.88904 2665960
1.88953 2667420
1.89002 2668880
1.89051 2670340
1.891 2671800
1.89149 2673260
1.89198 2674720
1.89247 2676180
1.89296 2677640
1.89345 2679100
1.89394 2680560
1.89443 2682020
1.89492 2683480
1.89541 2684940
1.8959 2686400
1.89639 2687860
1.89688 2689320
1.89737 2690780
1.89786 2692240
1.89835 2693700
1.89884 2695160
1.89933 2696620
1.89982 2698080
1.90031 2699540
1.90079 2701000
1.90128 2702460
1.90177 2703920
1.90226 2705380
1.90275 2706840
1.90324 2708300
1.90373 2709760
1.90422 2711220
1.90471 2712680
1.9052 2714140
1.90569 2715600
1.90618 2717060
1.90667 2718520
1.90716 2719980
1.90765 2721440
1.90814 2722900
1.90863 2724360
1.90912 2725820
1.90961 2727280
1.9101 2728740
1.91059 2730200
1.91108 2731660
1.91157 2733120
1.91206 2734580
1.91255 2736040
1.91303 2737500
1.91352 2738960
1.91401 2740420
1.9145 2741880
1.91499 2743340
1.91548 2744800
1.91597 2746260
1.91646 2747720
1.91695 2749180
1.91744 2750640
1.91793 2752100
1.91842 2753560
1.91891 2755020
1.9194 2756480
1.91989 2757940
1.92038 2759400
1.92087 2760860
1.92136 2762320
1.92185 2763780
1.92234 2765240
1.92283 2766700
1.92332 2768160
1.92381 2769620
1.9243 2771080
1.92479 2772540
1.92527 2774000
1.92576 2775460
1.92625 2776920
1.92674 2778380
1.92723 2779840
1.92772 2781300
1.92821 2782760
1.9287 2784220
1.92919 2785680
1.92968 2787140
1.93017 2788600
1.93066 2790060
1.93115 2791520
1.93164 2792980
1.93213 2794440
1.93262 2795900
1.93311 2797360
1.9336 2798820
1.93409 2800280
1.93458 2801740
1.93507 2803200
1.93556 2804660
1.93605 2806120
1.93654 2807580
1.93703 2809040
1.93751 2810500
1.938 2811960
1.93849 2813420
1.93898 2814880
1.93947 2816340
1.93996 2817800
1.94045 2819260
1.94094 2820720
1.94143 2822180
1.94192 2823640
1.94241 2825100
1.9429 2826560
1.94339 2828020
1.94388 2829480
1.94437 2830940
1.94486 2832400
1.94535 2833860
1.94584 2835320
1.94633 2836780
1.94682 2838240
1.94731 2839700
1.9478 2841160
1.94829 2842620
1.94878 2844080
1.94927 2845540
1.94975 2847000
1.95024 2848460
1.95073 2849920
1.95122 2851380
1.95171 2852840
1.9522 2854300
1.95269 2855760
1.95318 2857220
1.95367 2858680
1.95416 2860140
1.95465 2861600
1.95514 2863060
1.95563 2864520
1.95612 2865980
1.95661 2867440
1.9571 2868900
1.95759 2870360
1.95808 2871820
1.95857 2873280
1.95906 2874740
1.95955 2876200
1.96004 2877660
1.96053 2879120
1.96102 2880580
1.96151 2882040
1.96199 2883500
1.96248 2884960
1.96297 2886420
1.96346 2887880
1.96395 2889340
1.96444 2890800
1.96493 2892260
1.96542 2893720
1.96591 2895180
1.9664 2896640
1.96689 2898100
1.96738 2899560
1.96787 2901020
1.96836 2902480
1.96885 2903940
1.96934 2905400
1.96983 2906860
1.97032 2908320
1.97081 2909780
1.9713 2911240
1.97179 2912700
1.97228 2914160
1.97277 2915620
1.97326 2917080
1.97375 2918540
1.97423 2920000
1.97472 2921460
1.97521 2922920
1.9757 2924380
1.97619 2925840
1.97668 2927300
1.97717 2928760
1.97766 2930220
1.97815 2931680
1.97864 2933140
1.97913 2934600
1.97962 2936060
1.98011 2937520
1.9806 2938980
1.98109 2940440
1.98158 2941900
1.98207 2943360
1.98256 2944820
1.98305 2946280
1.98354 2947740
1.98403 2949200
1.98452 2950660
1.98501 2952120
1.9855 2953580
1.98599 2955040
1.98647 2956500
1.98696 2957960
1.98745 2959420
1.98794 2960880
1.98843 2962340
1.98892 2963800
1.98941 2965260
1.9899 2966720
1.99039 2968180
1.99088 2969640
1.99137 2971100
1.99186 2972560
1.99235 2974020
1.99284 2975480
1.99333 2976940
1.99382 2978400
1.99431 2979860
1.9948 2981320
1.99529 2982780
1.99578 2984240
1.99627 2985700
1.99676 2987160
1.99725 2988620
1.99774 2990080
1.99823 2991540
1.99871 2993000
1.9992 2994460
1.99969 2995920
2.00018 2997380
2.00067 2998840
2.00132 3000300
2.00231 3001760
2.00265 3003220
2.00308 3004680
2.00679 3006140
2.01155 3007600
2.01203 3009060
2.01252 3010520
2.0129 3011980
2.01379 3013440
2.01444 3014900
2.01492 3016360
2.01527 3017820
2.01559 3019280
2.01647 3020740
2.01718 3022200
2.0176 3023660
2.01785 3025120
2.01821 3026580
2.01846 3028040
2.01871 3029500
2.0192 3030960
2.0195 3032420
2.01975 3033880
2.02021 3035340
2.02056 3036800
2.0208 3038260
2.02113 3039720
2.02138 3041180
2.02165 3042640
2.02214 3044100
2.02243 3045560
2.02267 3047020
2.02318 3048480
2.02349 3049940
2.02374 3051400
2.02419 3052860
2.02456 3054320
2.0248 3055780
2.02521 3057240
2.02562 3058700
2.02587 3060160
2.02622 3061620
2.0267 3063080
2.02695 3064540
2.02725 3066000
2.02774 3067460
2.02802 3068920
2.02827 3070380
2.02877 3071840
2.02911 3073300
2.02936 3074760
2.0298 3076220
2.0302 3077680
2.03045 3079140
2.03083 3080600
2.03129 3082060
2.03154 3083520
2.03185 3084980
2.03234 3086440
2.03264 3087900
2.03288 3089360
2.03337 3090820
2.03374 3092280
2.03398 3093740
2.03441 3095200
2.03485 3096660
2.0351 3098120
2.03547 3099580
2.03596 3101040
2.03621 3102500
2.03651 3103960
2.037 3105420
2.03733 3106880
2.03757 3108340
2.03804 3109800
2.03845 3111260
2.0387 3112720
2.0391 3114180
2.03958 3115640
2.03982 3117100
2.04018 3118560
2.04067 3120020
2.04096 3121480
2.04123 3122940
2.04172 3124400
2.0421 3125860
2.04234 3127320
2.04277 3128780
2.04325 3130240
2.0435 3131700
2.04387 3133160
2.04436 3134620
2.04465 3136080
2.04493 3137540
2.04542 3139000
2.0458 3140460
2.04604 3141920
2.04649 3143380
2.04696 3144840
2.0472 3146300
2.04757 3147760
2.04806 3149220
2.04837 3150680
2.04865 3152140
2.04914 3153600
2.04954 3155060
2.04979 3156520
2.05024 3157980
2.05072 3159440
2.05096 3160900
2.05135 3162360
2.05184 3163820
2.05215 3165280
2.05248 3166740
2.05297 3168200
2.05334 3169660
2.05358 3171120
2.05407 3172580
2.05454 3174040
2.05478 3175500
2.0552 3176960
2.05569 3178420
2.05598 3179880
2.05632 3181340
2.05681 3182800
2.05718 3184260
2.05744 3185720
2.05793 3187180
2.05839 3188640
2.05864 3190100
2.05908 3191560
2.05957 3193020
2.05985 3194480
2.06023 3195940
2.06072 3197400
2.06107 3198860
2.06135 3200320
2.06184 3201780
2.0623 3203240
2.06254 3204700
2.06299 3206160
2.06348 3207620
2.06378 3209080
2.06413 3210540
2.06462 3212000
2.06501 3213460
2.06531 3214920
2.0658 3216380
2.06626 3217840
2.06651 3219300
2.06697 3220760
2.06746 3222220
2.06775 3223680
2.06815 3225140
2.06864 3226600
2.06902 3228060
2.06932 3229520
2.06981 3230980
2.07028 3232440
2.07052 3233900
2.07099 3235360
2.07148 3236820
2.07179 3238280
2.07221 3239740
2.0727 3241200
2.07305 3242660
2.07336 3244120
2.07385 3245580
2.07433 3247040
2.07457 3248500
2.07505 3249960
2.07554 3251420
2.07586 3252880
2.07625 3254340
2.07674 3255800
2.07714 3257260
2.07745 3258720
2.07794 3260180
2.07843 3261640
2.07869 3263100
2.07915 3264560
2.07964 3266020
2.07997 3267480
2.08035 3268940
2.08084 3270400
2.08128 3271860
2.08157 3273320
2.08206 3274780
2.08255 3276240
2.08281 3277700
2.08326 3279160
2.08375 3280620
2.08413 3282080
2.08451 3283540
2.085 3285000
2.08543 3286460
2.08571 3287920
2.0862 3289380
2.08669 3290840
2.08701 3292300
2.08745 3293760
2.08794 3295220
2.08832 3296680
2.08865 3298140
2.08914 3299600
2.08963 3301060
2.08991 3302520
2.0904 3303980
2.09089 3305440
2.09122 3306900
2.0916 3308360
2.09209 3309820
2.09258 3311280
2.09287 3312740
2.09336 3314200
2.09385 3315660
2.09413 3317120
2.09456 3318580
2.09505 3320040
2.09549 3321500
2.09583 3322960
2.09632 3324420
2.09681 3325880
2.09707 3327340
2.09755 3328800
2.09804 3330260
2.09844 3331720
2.09882 3333180
2.09931 3334640
2.09979 3336100
2.10004 3337560
2.10053 3339020
2.10102 3340480
2.10143 3341940
2.10185 3343400
2.10234 3344860
2.10281 3346320
2.10305 3347780
2.10354 3349240
2.10403 3350700
2.10446 3352160
2.10486 3353620
2.10535 3355080
2.1058 3356540
2.10606 3358000
2.10655 3359460
2.10704 3360920
2.10747 3362380
2.10789 3363840
2.10837 3365300
2.10882 3366760
2.10908 3368220
2.10957 3369680
2.11006 3371140
2.11048 3372600
2.11092 3374060
2.11141 3375520
2.11185 3376980
2.11214 3378440
2.11263 3379900
2.11312 3381360
2.11353 3382820
2.11396 3384280
2.11445 3385740
2.11492 3387200
2.11522 3388660
2.11571 3390120
2.1162 3391580
2.11659 3393040
2.11703 3394500
2.11752 3395960
2.118 3397420
2.11828 3398880
2.11877 3400340
2.11926 3401800
2.11967 3403260
2.12009 3404720
2.12058 3406180
2.12107 3407640
2.12136 3409100
2.12185 3410560
2.12234 3412020
2.12277 3413480
2.12317 3414940
2.12366 3416400
2.12415 3417860
2.12446 3419320
2.12495 3420780
2.12544 3422240
2.12588 3423700
2.12627 3425160
2.12676 3426620
2.12725 3428080
2.12758 3429540
2.12807 3431000
2.12856 3432460
2.12901 3433920
2.1294 3435380
2.12989 3436840
2.13038 3438300
2.1307 3439760
2.13119 3441220
2.13168 3442680
2.13217 3444140
2.13254 3445600
2.13303 3447060
2.13352 3448520
2.13388 3449980
2.13434 3451440
2.13483 3452900
2.13532 3454360
2.13568 3455820
2.13617 3457280
2.13666 3458740
2.13707 3460200
2.13749 3461660
2.13798 3463120
2.13847 3464580
2.13884 3466040
2.13933 3467500
2.13982 3468960
2.14028 3470420
2.14065 3471880
2.14114 3473340
2.14163 3474800
2.14203 3476260
2.1425 3477720
2.14299 3479180
2.14348 3480640
2.14383 3482100
2.14432 3483560
2.14481 3485020
2.14527 3486480
2.14568 3487940
2.14617 3489400
2.14666 3490860
2.14703 3492320
2.14752 3493780
2.14801 3495240
2.1485 3496700
2.14886 3498160
2.14935 3499620
2.14984 3501080
2.1503 3502540
2.15073 3504000
2.15121 3505460
2.1517 3506920
2.1521 3508380
2.15259 3509840
2.15308 3511300
2.15357 3512760
2.15393 3514220
2.15442 3515680
2.15491 3517140
2.1554 3518600
2.15582 3520060
2.15631 3521520
2.1568 3522980
2.15716 3524440
2.15765 3525900
2.15814 3527360
2.15863 3528820
2.15905 3530280
2.15954 3531740
2.16003 3533200
2.16052 3534660
2.16091 3536120
2.1614 3537580
2.16189 3539040
2.16232 3540500
2.16279 3541960
2.16328 3543420
2.16377 3544880
2.16418 3546340
2.16467 3547800
2.16516 3549260
2.16565 3550720
2.16606 3552180
2.16655 3553640
2.16704 3555100
2.16752 3556560
2.16795 3558020
2.16844 3559480
2.16893 3560940
2.16937 3562400
2.16986 3563860
2.17035 3565320
2.17084 3566780
2.17125 3568240
2.17174 3569700
2.17223 3571160
2.17272 3572620
2.17316 3574080
2.17365 3575540
2.17414 3577000
2.17462 3578460
2.17505 3579920
2.17554 3581380
2.17603 3582840
2.17649 3584300
2.17698 3585760
2.17747 3587220
2.17796 3588680
2.17838 3590140
2.17887 3591600
2.17935 3593060
2.17984 3594520
2.1803 3595980
2.18079 3597440
2.18128 3598900
2.18177 3600360
2.18221 3601820
2.1827 3603280
2.18319 3604740
2.18368 3606200
2.18414 3607660
2.18463 3609120
2.18512 3610580
2.18556 3612040
2.18604 3613500
2.18653 3614960
2.18702 3616420
2.18751 3617880
2.188 3619340
2.18849 3620800
2.18898 3622260
2.18939 3623720
2.18988 3625180
2.19037 3626640
2.19086 3628100
2.19137 3629560
2.19186 3631020
2.19235 3632480
2.19284 3633940
2.19328 3635400
2.19377 3636860
2.19426 3638320
2.19475 3639780
2.19527 3641240
2.19576 3642700
2.19625 3644160
2.19669 3645620
2.19718 3647080
2.19767 3648540
2.19816 3650000
2.19869 3651460
2.19918 3652920
2.19967 3654380
2.20016 3655840
2.2006 3657300
2.20109 3658760
2.20158 3660220
2.20207 3661680
2.20261 3663140
2.2031 3664600
2.20359 3666060
2.20408 3667520
2.20452 3668980
2.20501 3670440
2.2055 3671900
2.20599 3673360
2.20653 3674820
2.20702 3676280
2.20751 3677740
2.208 3679200
2.20844 3680660
2.20893 3682120
2.20942 3683580
2.20991 3685040
2.21044 3686500
2.21093 3687960
2.21142 3689420
2.21188 3690880
2.21235 3692340
2.21284 3693800
2.21333 3695260
2.21387 3696720
2.21436 3698180
2.21485 3699640
2.21534 3701100
2.21578 3702560
2.21627 3704020
2.21676 3705480
2.21725 3706940
2.21779 3708400
2.21828 3709860
2.21877 3711320
2.21926 3712780
2.2197 3714240
2.22019 3715700
2.22068 3717160
2.22117 3718620
2.22171 3720080
2.22219 3721540
2.22268 3723000
2.22317 3724460
2.22361 3725920
2.2241 3727380
2.22459 3728840
2.22508 3730300
2.22562 3731760
2.22611 3733220
2.2266 3734680
2.22709 3736140
2.22753 3737600
2.22802 3739060
2.22851 3740520
2.229 3741980
2.22954 3743440
2.23003 3744900
2.23052 3746360
2.23096 3747820
2.23145 3749280
2.23194 3750740
2.23243 3752200
2.23297 3753660
2.23346 3755120
2.23395 3756580
2.23443 3758040
2.23488 3759500
2.23536 3760960
2.23585 3762420
2.23634 3763880
2.23688 3765340
2.23737 3766800
2.23786 3768260
2.23835 3769720
2.23879 3771180
2.23928 3772640
2.23977 3774100
2.24026 3775560
2.2408 3777020
2.24129 3778480
2.24178 3779940
2.24227 3781400
2.24271 3782860
2.2432 3784320
2.24369 3785780
2.24418 3787240
2.24472 3788700
2.24521 3790160
2.2457 3791620
2.24619 3793080
2.24663 3794540
2.24712 3796000
2.2476 3797460
2.24809 3798920
2.24863 3800380
2.24912 3801840
2.24961 3803300
2.25005 3804760
2.25054 3806220
2.25103 3807680
2.25152 3809140
2.25206 3810600
2.25255 3812060
2.25304 3813520
2.25353 3814980
2.25397 3816440
2.25446 3817900
2.25495 3819360
2.25544 3820820
2.25598 3822280
2.25647 3823740
2.25696 3825200
2.25745 3826660
2.25789 3828120
2.25838 3829580
2.25887 3831040
2.25936 3832500
2.25989 3833960
2.26038 3835420
2.26087 3836880
2.26136 3838340
2.2618 3839800
2.26229 3841260
2.26278 3842720
2.26327 3844180
2.26381 3845640
2.2643 3847100
2.26479 3848560
2.26527 3850020
2.26572 3851480
2.26621 3852940
2.2667 3854400
2.26724 3855860
2.26773 3857320
2.26822 3858780
2.26871 3860240
2.26915 3861700
2.26964 3863160
2.27013 3864620
2.27062 3866080
2.27115 3867540
2.27164 3869000
2.27213 3870460
2.27262 3871920
2.27306 3873380
2.27355 3874840
2.27404 3876300
2.27453 3877760
2.27507 3879220
2.27556 3880680
2.27605 3882140
2.27654 3883600
2.27698 3885060
2.27747 3886520
2.27796 3887980
2.27845 3889440
2.27899 3890900
2.27948 3892360
2.27997 3893820
2.28046 3895280
2.2809 3896740
2.28139 3898200
2.28188 3899660
2.28237 3901120
2.28291 3902580
2.28339 3904040
2.28388 3905500
2.28435 3906960
2.28481 3908420
2.2853 3909880
2.28579 3911340
2.28633 3912800
2.28682 3914260
2.28731 3915720
2.2878 3917180
2.28824 3918640
2.28873 3920100
2.28922 3921560
2.28971 3923020
2.29025 3924480
2.29074 3925940
2.29123 3927400
2.29172 3928860
2.29216 3930320
2.29265 3931780
2.29314 3933240
2.29363 3934700
2.29417 3936160
2.29466 3937620
2.29515 3939080
2.29563 3940540
2.29608 3942000
2.29656 3943460
2.29705 3944920
2.29754 3946380
2.29808 3947840
2.29857 3949300
2.29906 3950760
2.29955 3952220
2.29999 3953680
2.30048 3955140
2.30097 3956600
2.30146 3958060
2.30208 3959520
2.30257 3960980
2.30306 3962440
2.30355 3963900
2.30498 3965360
2.30547 3966820
2.30592 3968280
2.30617 3969740
2.30641 3971200
2.30678 3972660
2.30703 3974120
2.30744 3975580
2.30793 3977040
2.30842 3978500
2.30884 3979960
2.30933 3981420
2.30982 3982880
2.31011 3984340
2.31053 3985800
2.31102 3987260
2.31151 3988720
2.3119 3990180
2.31239 3991640
2.31288 3993100
2.31321 3994560
2.31361 3996020
2.3141 3997480
2.31459 3998940
2.31496 4000400
2.31545 4001860
2.31594 4003320
2.31628 4004780
2.3167 4006240
2.31719 4007700
2.31768 4009160
2.31802 4010620
2.31851 4012080
2.319 4013540
2.31935 4015000
2.31978 4016460
2.32027 4017920
2.32076 4019380
2.32108 4020840
2.32157 4022300
2.32206 4023760
2.32242 4025220
2.32286 4026680
2.32335 4028140
2.32383 4029600
2.32414 4031060
2.32463 4032520
2.32512 4033980
2.3255 4035440
2.32595 4036900
2.32644 4038360
2.32689 4039820
2.3272 4041280
2.32769 4042740
2.32818 4044200
2.32857 4045660
2.32903 4047120
2.32952 4048580
2.32995 4050040
2.33026 4051500
2.33075 4052960
2.33124 4054420
2.33164 4055880
2.33212 4057340
2.33261 4058800
2.33301 4060260
2.33332 4061720
2.33381 4063180
2.3343 4064640
2.33471 4066100
2.3352 4067560
2.33569 4069020
2.33607 4070480
2.33638 4071940
2.33687 4073400
2.33736 4074860
2.3378 4076320
2.33829 4077780
2.33878 4079240
2.33913 4080700
2.33944 4082160
2.33993 4083620
2.34042 4085080
2.34086 4086540
2.34135 4088000
2.34184 4089460
2.34223 4090920
2.34252 4092380
2.34301 4093840
2.3435 4095300
2.34395 4096760
2.34443 4098220
2.34492 4099680
2.34533 4101140
2.34561 4102600
2.3461 4104060
2.34659 4105520
2.34705 4106980
2.34752 4108440
2.34801 4109900
2.34842 4111360
2.34869 4112820
2.34918 4114280
2.34967 4115740
2.35015 4117200
2.35058 4118660
2.35107 4120120
2.35153 4121580
2.35178 4123040
2.35227 4124500
2.35275 4125960
2.35324 4127420
2.35366 4128880
2.35415 4130340
2.35463 4131800
2.35487 4133260
2.35535 4134720
2.35584 4136180
2.35633 4137640
2.35675 4139100
2.35723 4140560
2.35772 4142020
2.35797 4143480
2.35843 4144940
2.35892 4146400
2.35941 4147860
2.35983 4149320
2.36032 4150780
2.36081 4152240
2.36107 4153700
2.36152 4155160
2.36201 4156620
2.3625 4158080
2.36291 4159540
2.3634 4161000
2.36389 4162460
2.36417 4163920
2.3646 4165380
2.36509 4166840
2.36558 4168300
2.366 4169760
2.36649 4171220
2.36698 4172680
2.36727 4174140
2.36769 4175600
2.36818 4177060
2.36867 4178520
2.36908 4179980
2.36957 4181440
2.37006 4182900
2.37037 4184360
2.37077 4185820
2.37126 4187280
2.37175 4188740
2.37217 4190200
2.37266 4191660
2.37315 4193120
2.37347 4194580
2.37386 4196040
2.37435 4197500
2.37484 4198960
2.37525 4200420
2.37574 4201880
2.37623 4203340
2.37659 4204800
2.37697 4206260
2.37746 4207720
2.37794 4209180
2.37834 4210640
2.37883 4212100
2.37932 4213560
2.37972 4215020
2.38007 4216480
2.38056 4217940
2.38105 4219400
2.38143 4220860
2.38191 4222320
2.3824 4223780
2.38284 4225240
2.38318 4226700
2.38367 4228160
2.38416 4229620
2.38454 4231080
2.385 4232540
2.38548 4234000
2.38597 4235460
2.38629 4236920
2.38678 4238380
2.38727 4239840
2.38766 4241300
2.38808 4242760
2.38857 4244220
2.38906 4245680
2.3894 4247140
2.38989 4248600
2.39038 4250060
2.39077 4251520
2.39116 4252980
2.39165 4254440
2.39214 4255900
2.39251 4257360
2.393 4258820
2.39349 4260280
2.39389 4261740
2.39425 4263200
2.39474 4264660
2.39523 4266120
2.39562 4267580
2.39611 4269040
2.3966 4270500
2.39704 4271960
2.39736 4273420
2.39785 4274880
2.39834 4276340
2.39877 4277800
2.39923 4279260
2.39972 4280720
2.40017 4282180
2.40048 4283640
2.40097 4285100
2.40146 4286560
2.4019 4288020
2.40234 4289480
2.40283 4290940
2.40332 4292400
2.40359 4293860
2.40408 4295320
2.40457 4296780
2.40504 4298240
2.40544 4299700
2.40593 4301160
2.40642 4302620
2.4067 4304080
2.40717 4305540
2.40766 4307000
2.40815 4308460
2.40854 4309920
2.40903 4311380
2.40952 4312840
2.40984 4314300
2.41028 4315760
2.41077 4317220
2.41126 4318680
2.41167 4320140
2.41216 4321600
2.41265 4323060
2.41298 4324520
2.4134 4325980
2.41389 4327440
2.41438 4328900
2.41478 4330360
2.41526 4331820
2.41575 4333280
2.41612 4334740
2.4165 4336200
2.41699 4337660
2.41748 4339120
2.41787 4340580
2.41836 4342040
2.41885 4343500
2.41925 4344960
2.41961 4346420
2.4201 4347880
2.42059 4349340
2.42098 4350800
2.42147 4352260
2.42196 4353720
2.4224 4355180
2.42273 4356640
2.42322 4358100
2.42371 4359560
2.42411 4361020
2.42459 4362480
2.42508 4363940
2.42553 4365400
2.42584 4366860
2.42633 4368320
2.42682 4369780
2.42726 4371240
2.4277 4372700
2.42819 4374160
2.42868 4375620
2.42894 4377080
2.42943 4378540
2.42992 4380000
2.43039 4381460
2.4308 4382920
2.43129 4384380
2.43178 4385840
2.43206 4387300
2.43254 4388760
2.43302 4390220
2.43351 4391680
2.43392 4393140
2.43441 4394600
2.4349 4396060
2.43519 4397520
2.43566 4398980
2.43615 4400440
2.43664 4401900
2.43703 4403360
2.43752 4404820
2.43801 4406280
2.43834 4407740
2.43877 4409200
2.43926 4410660
2.43974 4412120
2.44012 4413580
2.44061 4415040
2.4411 4416500
2.44147 4417960
2.44186 4419420
2.44235 4420880
2.44284 4422340
2.44323 4423800
2.44372 4425260
2.44421 4426720
2.44462 4428180
2.44497 4429640
2.44546 4431100
2.44595 4432560
2.44635 4434020
2.44684 4435480
2.44733 4436940
2.44775 4438400
2.44809 4439860
2.44858 4441320
2.44907 4442780
2.44948 4444240
2.44995 4445700
2.45044 4447160
2.45091 4448620
2.4512 4450080
2.45169 4451540
2.45218 4453000
2.45263 4454460
2.45306 4455920
2.45355 4457380
2.45404 4458840
2.45431 4460300
2.4548 4461760
2.45529 4463220
2.45578 4464680
2.4562 4466140
2.45668 4467600
2.45717 4469060
2.45744 4470520
2.45793 4471980
2.45842 4473440
2.45891 4474900
2.4593 4476360
2.45979 4477820
2.46028 4479280
2.46059 4480740
2.46104 4482200
2.46153 4483660
2.46202 4485120
2.46244 4486580
2.46293 4488040
2.46342 4489500
2.46374 4490960
2.46418 4492420
2.46467 4493880
2.46515 4495340
2.46555 4496800
2.46604 4498260
2.46653 4499720
2.46688 4501180
2.46728 4502640
2.46777 4504100
2.46826 4505560
2.46868 4507020
2.46917 4508480
2.46966 4509940
2.47004 4511400
2.47039 4512860
2.47088 4514320
2.47137 4515780
2.47179 4517240
2.47228 4518700
2.47277 4520160
2.47318 4521620
2.4735 4523080
2.47399 4524540
2.47448 4526000
2.47492 4527460
2.47541 4528920
2.4759 4530380
2.47633 4531840
2.47664 4533300
2.47713 4534760
2.47762 4536220
2.47807 4537680
2.47852 4539140
2.47901 4540600
2.47948 4542060
2.47974 4543520
2.48023 4544980
2.48072 4546440
2.48121 4547900
2.48165 4549360
2.48214 4550820
2.48262 4552280
2.48288 4553740
2.48337 4555200
2.48386 4556660
2.48435 4558120
2.48476 4559580
2.48525 4561040
2.48574 4562500
2.48601 4563960
2.48648 4565420
2.48697 4566880
2.48746 4568340
2.4879 4569800
2.48839 4571260
2.48888 4572720
2.48918 4574180
2.48961 4575640
2.4901 4577100
2.49059 4578560
2.49103 4580020
2.49152 4581480
2.49201 4582940
2.49235 4584400
2.49273 4585860
2.49322 4587320
2.49371 4588780
2.49415 4590240
2.49464 4591700
2.49513 4593160
2.49551 4594620
2.49587 4596080
2.49635 4597540
2.49684 4599000
2.49727 4600460
2.49776 4601920
2.49825 4603380
2.49868 4604840
2.49899 4606300
2.49948 4607760
2.49997 4609220
