0.0 0
1.00063 0.000627321
1.00129 0.000631227
1.00131 0.000637705
1.00194 0.000640237
1.00197 0.000645513
1.00199 0.000650129
1.00202 0.000657228
1.0026 0.00065732
1.00263 0.000660461
1.00265 0.000663209
1.00268 0.000668673
1.0027 0.000673454
1.00272 0.000680698
1.00275 0.000687036
1.00277 0.000695642
1.00326 0.000690932
1.00328 0.000689871
1.00331 0.000688943
1.00333 0.000691191
1.00336 0.000693158
1.00338 0.000697939
1.00341 0.000702122
1.00343 0.000708842
1.00346 0.000714722
1.00348 0.000722927
1.0035 0.000730107
1.00353 0.000739449
1.00355 0.000747623
1.00358 0.000757836
1.0036 0.000766772
1.00363 0.000777651
1.00392 0.00076269
1.00394 0.000749599
1.00397 0.000738145
1.00399 0.000728122
1.00402 0.000719352
1.00404 0.000711679
1.00406 0.000704965
1.00409 0.00069909
1.00411 0.000693949
1.00414 0.000689451
1.00416 0.000685515
1.00419 0.000682071
1.00421 0.000679058
1.00424 0.000676421
1.00426 0.000674114
1.00428 0.000672095
1.00458 0.000670329
1.0046 0.000668783
1.00462 0.000667431
1.00465 0.000666248
1.00467 0.000668273
1.0047 0.000670044
1.00472 0.000671594
1.00475 0.00067295
1.00477 0.000674137
1.0048 0.000675175
1.00482 0.000676084
1.00485 0.000676879
1.00487 0.000677575
1.00489 0.000678184
1.00492 0.000678717
1.00494 0.000679183
1.00497 0.000679591
1.00523 0.000676888
1.00526 0.000674523
1.00528 0.000672453
1.00531 0.000670642
1.00533 0.000669057
1.00536 0.00066767
1.00538 0.000666457
1.00541 0.000665395
1.00543 0.000667526
1.00545 0.000669391
1.00548 0.000671023
1.0055 0.000672451
1.00553 0.0006737
1.00555 0.000674793
1.00558 0.000675749
1.0056 0.000676586
1.00563 0.000677318
1.00565 0.000677959
1.00589 0.00067546
1.00592 0.000673273
1.00594 0.000671359
1.00597 0.000669685
1.00599 0.00066822
1.00601 0.000666938
1.00604 0.000665816
1.00606 0.000664835
1.00609 0.000663976
1.00611 0.000663225
1.00614 0.000662567
1.00616 0.000665052
1.00619 0.000667226
1.00621 0.000669128
1.00623 0.000670793
1.00626 0.000672249
1.00628 0.000673523
1.00631 0.000674638
1.00633 0.000675614
1.00655 0.000673408
1.00657 0.000671478
1.0066 0.000669789
1.00662 0.000668311
1.00665 0.000667018
1.00667 0.000665886
1.0067 0.000664896
1.00672 0.00066403
1.00675 0.000663272
1.00677 0.000662609
1.00679 0.000662028
1.00682 0.00066152
1.00684 0.000661076
1.00687 0.000663747
1.00689 0.000666084
1.00692 0.000668129
1.00694 0.000669918
1.00697 0.000671484
1.00699 0.000672854
1.00701 0.000674053
1.00721 0.000672042
1.00723 0.000670282
1.00726 0.000668742
1.00728 0.000667395
1.00731 0.000666216
1.00733 0.000665185
1.00735 0.000664282
1.00738 0.000663492
1.0074 0.000662801
1.00743 0.000662196
1.00745 0.000661667
1.00748 0.000661204
1.0075 0.000660799
1.00753 0.000660445
1.00755 0.000663195
1.00757 0.000665601
1.0076 0.000667706
1.00762 0.000669548
1.00765 0.00067116
1.00767 0.000672571
1.0077 0.000673805
1.00787 0.000671825
1.00789 0.000670092
1.00791 0.000668576
1.00794 0.00066725
1.00796 0.000666089
1.00799 0.000665073
1.00801 0.000664184
1.00804 0.000663407
1.00806 0.000662727
1.00809 0.000662132
1.00811 0.000661611
1.00813 0.000661155
1.00816 0.000660756
1.00818 0.000660407
1.00821 0.000663162
1.00823 0.000665572
1.00826 0.000667681
1.00828 0.000669526
1.00831 0.000671141
1.00833 0.000672554
1.00836 0.00067379
1.00838 0.000674872
1.00852 0.000672759
1.00855 0.00067091
1.00857 0.000669292
1.0086 0.000667876
1.00862 0.000666637
1.00865 0.000665553
1.00867 0.000664604
1.00869 0.000663774
1.00872 0.000663048
1.00874 0.000662413
1.00877 0.000661857
1.00879 0.00066137
1.00882 0.000660944
1.00884 0.000663632
1.00887 0.000665984
1.00889 0.000668042
1.00892 0.000669842
1.00894 0.000671417
1.00896 0.000672795
1.00899 0.000674001
1.00901 0.000675056
1.00904 0.00067598
1.00906 0.000676788
1.00918 0.000674435
1.00921 0.000672376
1.00923 0.000670575
1.00925 0.000668999
1.00928 0.00066762
1.0093 0.000666413
1.00933 0.000665357
1.00935 0.000664433
1.00938 0.000663624
1.0094 0.000662917
1.00943 0.000662298
1.00945 0.000664816
1.00948 0.00066702
1.0095 0.000668948
1.00952 0.000670635
1.00955 0.000672111
1.00957 0.000673403
1.0096 0.000674533
1.00962 0.000675522
1.00965 0.000676387
1.00967 0.000677144
1.0097 0.000677807
1.00972 0.000678387
1.00974 0.000678894
1.00984 0.000676278
1.00986 0.000673989
1.00989 0.000671986
1.00991 0.000670233
1.00994 0.000668699
1.00996 0.000667357
1.00999 0.000666183
1.01001 0.000665156
1.01004 0.000667317
1.01006 0.000669208
1.01008 0.000670863
1.01011 0.000672311
1.01013 0.000673578
1.01016 0.000674686
1.01018 0.000675656
1.01021 0.000676505
1.01023 0.000677247
1.01026 0.000677897
1.01028 0.000678465
1.0103 0.000678962
1.01033 0.000679397
1.01035 0.000679778
1.01038 0.000680111
1.0104 0.000680403
1.01043 0.000680658
1.0105 0.000677821
1.01052 0.000675339
1.01055 0.000673167
1.01057 0.000671267
1.0106 0.000672664
1.01062 0.000673887
1.01064 0.000674957
1.01067 0.000675893
1.01069 0.000676712
1.01072 0.000677429
1.01074 0.000678056
1.01077 0.000678605
1.01079 0.000679085
1.01082 0.000679505
1.01084 0.000679872
1.01086 0.000680194
1.01089 0.000680475
1.01091 0.000680721
1.01094 0.000680936
1.01096 0.000681125
1.01099 0.00068129
1.01101 0.000681434
1.01104 0.00068156
1.01106 0.000681671
1.01108 0.000681768
1.01111 0.000684913
1.01113 0.000687664
1.01116 0.000684326
1.01118 0.000681405
1.01121 0.000678849
1.01123 0.000676612
1.01126 0.000674655
1.01128 0.000672943
1.01131 0.000671445
1.01133 0.000670134
1.01135 0.000668987
1.01138 0.000667983
1.0114 0.000667105
1.01143 0.000666336
1.01145 0.000665664
1.01148 0.000665076
1.0115 0.000664561
1.01153 0.00066411
1.01155 0.000663716
1.01157 0.000663371
1.0116 0.000663069
1.01162 0.000665865
1.01165 0.000668311
1.01167 0.000670452
1.0117 0.000672325
1.01172 0.000673964
1.01175 0.000675398
1.01177 0.000676653
1.01179 0.000677751
1.01182 0.000678712
1.01184 0.000679553
1.01187 0.000680288
1.01189 0.000680932
1.01192 0.000681495
1.01194 0.000681988
1.01197 0.000682419
1.01199 0.000682796
1.01202 0.000683126
1.01204 0.000683415
1.01206 0.000683668
1.01209 0.000683889
1.01211 0.000684082
1.01214 0.000687311
1.01216 0.000690137
1.01219 0.000692609
1.01221 0.000694772
1.01224 0.000696665
1.01226 0.000698321
1.01228 0.00069977
1.01231 0.000701038
1.01233 0.000702148
1.01236 0.000703119
1.01238 0.000703969
1.01241 0.000704712
1.01243 0.000705363
1.01246 0.000705932
1.01248 0.00070643
1.0125 0.000706866
1.01253 0.000707247
1.01255 0.000707581
1.01258 0.000707873
1.0126 0.000708128
1.01263 0.000708352
1.01265 0.000711608
1.01268 0.000714457
1.0127 0.000716949
1.01273 0.00071913
1.01275 0.000721038
1.01277 0.000722708
1.0128 0.000724169
1.01282 0.000725447
1.01285 0.000726566
1.01287 0.000727545
1.0129 0.000728401
1.01292 0.00072915
1.01295 0.000729806
1.01297 0.00073038
1.01299 0.000730882
1.01302 0.000731321
1.01304 0.000731705
1.01307 0.000732041
1.01309 0.000732335
1.01312 0.000732593
1.01314 0.000732818
1.01317 0.000736075
1.01319 0.000738925
1.01321 0.000741419
1.01324 0.000743601
1.01326 0.00074551
1.01329 0.000747181
1.01331 0.000748643
1.01334 0.000749922
1.01336 0.000751041
1.01339 0.00075202
1.01341 0.000752877
1.01344 0.000753627
1.01346 0.000754283
1.01348 0.000754857
1.01351 0.000755359
1.01353 0.000755799
1.01356 0.000756184
1.01358 0.000756521
1.01361 0.000756815
1.01363 0.000757073
1.01366 0.000757298
1.01368 0.000760555
1.0137 0.000763405
1.01373 0.000765899
1.01375 0.000768081
1.01378 0.00076999
1.0138 0.000771661
1.01383 0.000773123
1.01385 0.000774402
1.01388 0.000775521
1.0139 0.0007765
1.01392 0.000777357
1.01395 0.000778107
1.01397 0.000778763
1.014 0.000779337
1.01402 0.000779839
1.01405 0.000780279
1.01407 0.000780664
1.0141 0.000781001
1.01412 0.000781295
1.01414 0.000781553
1.01417 0.000781778
1.01419 0.000785035
1.01422 0.000787885
1.01424 0.000790379
1.01427 0.000792561
1.01429 0.00079447
1.01432 0.000796141
1.01434 0.000797603
1.01437 0.000798882
1.01439 0.000800001
1.01441 0.00080098
1.01444 0.000801837
1.01446 0.000802587
1.01449 0.000803243
1.01451 0.000803817
1.01454 0.000804319
1.01456 0.000804759
1.01459 0.000805144
1.01461 0.000805481
1.01463 0.000805775
1.01466 0.000806033
1.01468 0.000806258
1.01471 0.000809515
1.01473 0.000812365
1.01476 0.000814859
1.01478 0.000817041
1.01481 0.00081895
1.01483 0.000820621
1.01485 0.000822083
1.01488 0.000823362
1.0149 0.000824481
1.01493 0.00082546
1.01495 0.000826317
1.01498 0.000827067
1.015 0.000827723
1.01503 0.000828297
1.01505 0.000828799
1.01508 0.000829239
1.0151 0.000829624
1.01512 0.000829961
1.01515 0.000830255
1.01517 0.000830513
1.0152 0.000830738
1.01522 0.000833995
1.01525 0.000836845
1.01527 0.000839339
1.0153 0.000841521
1.01532 0.00084343
1.01534 0.000845101
1.01537 0.000846563
1.01539 0.000847842
1.01542 0.000848961
1.01544 0.00084994
1.01547 0.000850797
1.01549 0.000851547
1.01552 0.000852203
1.01554 0.000852777
1.01556 0.000853279
1.01559 0.000853719
1.01561 0.000854104
1.01564 0.000854441
1.01566 0.000854735
1.01569 0.000854993
1.01571 0.000855218
1.01574 0.000858475
1.01576 0.000861325
1.01579 0.000863819
1.01581 0.000866001
1.01583 0.00086791
1.01586 0.000869581
1.01588 0.000871043
1.01591 0.000872322
1.01593 0.000873441
1.01596 0.00087442
1.01598 0.000875277
1.01601 0.000876027
1.01603 0.000876683
1.01605 0.000877257
1.01608 0.000877759
1.0161 0.000878199
1.01613 0.000878584
1.01615 0.000878921
1.01618 0.000879215
1.0162 0.000879473
1.01623 0.000879698
1.01625 0.000882955
1.01627 0.000885805
1.0163 0.000888299
1.01632 0.000890481
1.01635 0.00089239
1.01637 0.000894061
1.0164 0.000895523
1.01642 0.000896802
1.01645 0.000897921
1.01647 0.0008989
1.0165 0.000899757
1.01652 0.000900507
1.01654 0.000901163
1.01657 0.000901737
1.01659 0.000902239
1.01662 0.000902679
1.01664 0.000903064
1.01667 0.000903401
1.01669 0.000903695
1.01672 0.000903953
1.01674 0.000904178
1.01676 0.000907435
1.01679 0.000910285
1.01681 0.000912779
1.01684 0.000914961
1.01686 0.00091687
1.01689 0.000918541
1.01691 0.000920003
1.01694 0.000921282
1.01696 0.000922401
1.01698 0.00092338
1.01701 0.000924237
1.01703 0.000924987
1.01706 0.000925643
1.01708 0.000926217
1.01711 0.000926719
1.01713 0.000927159
1.01716 0.000927544
1.01718 0.000927881
1.0172 0.000928175
1.01723 0.000928433
1.01725 0.000928658
1.01728 0.000931915
1.0173 0.000934765
1.01733 0.000937259
1.01735 0.000939441
1.01738 0.00094135
1.0174 0.000943021
1.01743 0.000944483
1.01745 0.000945762
1.01747 0.000946881
1.0175 0.00094786
1.01752 0.000948717
1.01755 0.000949467
1.01757 0.000950123
1.0176 0.000950697
1.01762 0.000951199
1.01765 0.000951639
1.01767 0.000952024
1.01769 0.000952361
1.01772 0.000952655
1.01774 0.000952913
1.01777 0.000953138
1.01779 0.000956395
1.01782 0.000959245
1.01784 0.000961739
1.01787 0.000963921
1.01789 0.00096583
1.01791 0.000967501
1.01794 0.000968963
1.01796 0.000970242
1.01799 0.000971361
1.01801 0.00097234
1.01804 0.000973197
1.01806 0.000973947
1.01809 0.000974603
1.01811 0.000975177
1.01814 0.000975679
1.01816 0.000976119
1.01818 0.000976504
1.01821 0.000976841
1.01823 0.000977135
1.01826 0.000977393
1.01828 0.000977618
1.01831 0.000980875
1.01833 0.000983725
1.01836 0.000986219
1.01838 0.000988401
1.0184 0.00099031
1.01843 0.000991981
1.01845 0.000993443
1.01848 0.000994722
1.0185 0.000995841
1.01853 0.00099682
1.01855 0.000997677
1.01858 0.000998427
1.0186 0.000999083
1.01862 0.000999657
1.01865 0.00100016
1.01867 0.0010006
1.0187 0.00100098
1.01872 0.00100132
1.01875 0.00100161
1.01877 0.00100187
1.0188 0.0010021
1.01882 0.00100535
1.01885 0.0010082
1.01887 0.0010107
1.01889 0.00101288
1.01892 0.00101479
1.01894 0.00101646
1.01897 0.00101792
1.01899 0.0010192
1.01902 0.00102032
1.01904 0.0010213
1.01907 0.00102216
1.01909 0.00102291
1.01911 0.00102356
1.01914 0.00102414
1.01916 0.00102464
1.01919 0.00102508
1.01921 0.00102546
1.01924 0.0010258
1.01926 0.00102609
1.01929 0.00102635
1.01931 0.00102658
1.01933 0.00102983
1.01936 0.00103268
1.01938 0.00103518
1.01941 0.00103736
1.01943 0.00103927
1.01946 0.00104094
1.01948 0.0010424
1.01951 0.00104368
1.01953 0.0010448
1.01956 0.00104578
1.01958 0.00104664
1.0196 0.00104739
1.01963 0.00104804
1.01965 0.00104862
1.01968 0.00104912
1.0197 0.00104956
1.01973 0.00104994
1.01975 0.00105028
1.01978 0.00105057
1.0198 0.00105083
1.01982 0.00105106
1.01985 0.00105431
1.01987 0.00105717
1.0199 0.00105966
1.01992 0.00106184
1.01995 0.00106375
1.01997 0.00106542
1.02 0.00106688
1.02002 0.00106816
1.02004 0.00106928
1.02007 0.00107026
1.02009 0.00107112
1.02012 0.00107187
1.02014 0.00107252
1.02017 0.0010731
1.02019 0.0010736
1.02022 0.00107404
1.02024 0.00107442
1.02026 0.00107476
1.02029 0.00107506
1.02031 0.00107531
1.02034 0.00107554
1.02036 0.0010788
1.02039 0.00108165
1.02041 0.00108414
1.02044 0.00108632
1.02046 0.00108823
1.02049 0.0010899
1.02051 0.00109136
1.02053 0.00109264
1.02056 0.00109376
1.02058 0.00109474
1.02061 0.0010956
1.02063 0.00109635
1.02066 0.001097
1.02068 0.00109758
1.02071 0.00109808
1.02073 0.00109852
1.02075 0.0010989
1.02078 0.00109924
1.0208 0.00109954
1.02083 0.00109979
1.02085 0.00110002
1.02088 0.00110327
1.0209 0.00110612
1.02093 0.00110862
1.02095 0.0011108
1.02097 0.00111271
1.021 0.00111438
1.02102 0.00111584
1.02105 0.00111712
1.02107 0.00111824
1.0211 0.00111922
1.02112 0.00112008
1.02115 0.00112083
1.02117 0.00112148
1.0212 0.00112206
1.02122 0.00112256
1.02124 0.001123
1.02127 0.00112338
1.02129 0.00112372
1.02132 0.00112401
1.02134 0.00112427
1.02137 0.0011245
1.02139 0.00112776
1.02142 0.00113061
1.02144 0.0011331
1.02146 0.00113528
1.02149 0.00113719
1.02151 0.00113886
1.02154 0.00114032
1.02156 0.0011416
1.02159 0.00114272
1.02161 0.0011437
1.02164 0.00114456
1.02166 0.00114531
1.02168 0.00114596
1.02171 0.00114654
1.02173 0.00114704
1.02176 0.00114748
1.02178 0.00114786
1.02181 0.0011482
1.02183 0.0011485
1.02186 0.00114875
1.02188 0.00114898
1.02191 0.00115223
1.02193 0.00115508
1.02195 0.00115758
1.02198 0.00115976
1.022 0.00116167
1.02203 0.00116334
1.02205 0.0011648
1.02208 0.00116608
1.0221 0.0011672
1.02213 0.00116818
1.02215 0.00116904
1.02217 0.00116979
1.0222 0.00117044
1.02222 0.00117102
1.02225 0.00117152
1.02227 0.00117196
1.0223 0.00117234
1.02232 0.00117268
1.02235 0.00117297
1.02237 0.00117323
1.02239 0.00117346
1.02242 0.00117672
1.02244 0.00117957
1.02247 0.00118206
1.02249 0.00118424
1.02252 0.00118615
1.02254 0.00118782
1.02257 0.00118928
1.02259 0.00119056
1.02262 0.00119168
1.02264 0.00119266
1.02266 0.00119352
1.02269 0.00119427
1.02271 0.00119492
1.02274 0.0011955
1.02276 0.001196
1.02279 0.00119644
1.02281 0.00119682
1.02284 0.00119716
1.02286 0.00119746
1.02288 0.00119771
1.02291 0.00119794
1.02293 0.00120119
1.02296 0.00120404
1.02298 0.00120654
1.02301 0.00120872
1.02303 0.00121063
1.02306 0.0012123
1.02308 0.00121376
1.0231 0.00121504
1.02313 0.00121616
1.02315 0.00121714
1.02318 0.001218
1.0232 0.00121875
1.02323 0.0012194
1.02325 0.00121998
1.02328 0.00122048
1.0233 0.00122092
1.02332 0.0012213
1.02335 0.00122164
1.02337 0.00122193
1.0234 0.00122219
1.02342 0.00122242
1.02345 0.00122567
1.02347 0.00122852
1.0235 0.00123102
1.02352 0.0012332
1.02355 0.00123511
1.02357 0.00123678
1.02359 0.00123824
1.02362 0.00123952
1.02364 0.00124064
1.02367 0.00124162
1.02369 0.00124248
1.02372 0.00124323
1.02374 0.00124388
1.02377 0.00124446
1.02379 0.00124496
1.02381 0.0012454
1.02384 0.00124578
1.02386 0.00124612
1.02389 0.00124641
1.02391 0.00124667
1.02394 0.0012469
1.02396 0.00125015
1.02399 0.001253
1.02401 0.0012555
1.02403 0.00125768
1.02406 0.00125959
1.02408 0.00126126
1.02411 0.00126272
1.02413 0.001264
1.02416 0.00126512
1.02418 0.0012661
1.02421 0.00126696
1.02423 0.00126771
1.02426 0.00126836
1.02428 0.00126894
1.0243 0.00126944
1.02433 0.00126988
1.02435 0.00127026
1.02438 0.0012706
1.0244 0.00127089
1.02443 0.00127115
1.02445 0.00127138
1.02448 0.00127464
1.0245 0.00127749
1.02452 0.00127998
1.02455 0.00128216
1.02457 0.00128407
1.0246 0.00128574
1.02462 0.0012872
1.02465 0.00128848
1.02467 0.0012896
1.0247 0.00129058
1.02472 0.00129144
1.02474 0.00129219
1.02477 0.00129284
1.02479 0.00129342
1.02482 0.00129392
1.02484 0.00129436
1.02487 0.00129474
1.02489 0.00129508
1.02492 0.00129538
1.02494 0.00129563
1.02497 0.00129586
1.02499 0.00129911
1.02501 0.00130196
1.02504 0.00130446
1.02506 0.00130664
1.02509 0.00130855
1.02511 0.00131022
1.02514 0.00131168
1.02516 0.00131296
1.02519 0.00131408
1.02521 0.00131506
1.02523 0.00131592
1.02526 0.00131667
1.02528 0.00131732
1.02531 0.0013179
1.02533 0.0013184
1.02536 0.00131884
1.02538 0.00131922
1.02541 0.00131956
1.02543 0.00131985
1.02545 0.00132011
1.02548 0.00132034
1.0255 0.00132359
1.02553 0.00132644
1.02555 0.00132894
1.02558 0.00133112
1.0256 0.00133303
1.02563 0.0013347
1.02565 0.00133616
1.02568 0.00133744
1.0257 0.00133856
1.02572 0.00133954
1.02575 0.0013404
1.02577 0.00134115
1.0258 0.0013418
1.02582 0.00134238
1.02585 0.00134288
1.02587 0.00134332
1.0259 0.0013437
1.02592 0.00134404
1.02594 0.00134433
1.02597 0.00134459
1.02599 0.00134482
1.02602 0.00134808
1.02604 0.00135092
1.02607 0.00135342
1.02609 0.0013556
1.02612 0.00135751
1.02614 0.00135918
1.02616 0.00136064
1.02619 0.00136192
1.02621 0.00136304
1.02624 0.00136402
1.02626 0.00136488
1.02629 0.00136563
1.02631 0.00136628
1.02634 0.00136686
1.02636 0.00136736
1.02638 0.0013678
1.02641 0.00136818
1.02643 0.00136852
1.02646 0.00136882
1.02648 0.00136907
1.02651 0.0013693
1.02653 0.00137255
1.02656 0.0013754
1.02658 0.0013779
1.02661 0.00138008
1.02663 0.00138199
1.02665 0.00138366
1.02668 0.00138512
1.0267 0.0013864
1.02673 0.00138752
1.02675 0.0013885
1.02678 0.00138936
1.0268 0.00139011
1.02683 0.00139076
1.02685 0.00139134
1.02687 0.00139184
1.0269 0.00139228
1.02692 0.00139266
1.02695 0.001393
1.02697 0.00139329
1.027 0.00139355
1.02702 0.00139378
1.02705 0.00139704
1.02707 0.00139989
1.02709 0.00140238
1.02712 0.00140456
1.02714 0.00140647
1.02717 0.00140814
1.02719 0.0014096
1.02722 0.00141088
1.02724 0.001412
1.02727 0.00141298
1.02729 0.00141384
1.02732 0.00141459
1.02734 0.00141524
1.02736 0.00141582
1.02739 0.00141632
1.02741 0.00141676
1.02744 0.00141714
1.02746 0.00141748
1.02749 0.00141778
1.02751 0.00141803
1.02754 0.00141826
1.02756 0.00142151
1.02758 0.00142436
1.02761 0.00142686
1.02763 0.00142904
1.02766 0.00143095
1.02768 0.00143262
1.02771 0.00143408
1.02773 0.00143536
1.02776 0.00143648
1.02778 0.00143746
1.0278 0.00143832
1.02783 0.00143907
1.02785 0.00143972
1.02788 0.0014403
1.0279 0.0014408
1.02793 0.00144124
1.02795 0.00144162
1.02798 0.00144196
1.028 0.00144225
1.02803 0.00144251
1.02805 0.00144274
1.02807 0.001446
1.0281 0.00144885
1.02812 0.00145134
1.02815 0.00145352
1.02817 0.00145543
1.0282 0.0014571
1.02822 0.00145856
1.02825 0.00145984
1.02827 0.00146096
1.02829 0.00146194
1.02832 0.0014628
1.02834 0.00146355
1.02837 0.0014642
1.02839 0.00146478
1.02842 0.00146528
1.02844 0.00146572
1.02847 0.0014661
1.02849 0.00146644
1.02851 0.00146674
1.02854 0.00146699
1.02856 0.00146722
1.02859 0.00147047
1.02861 0.00147332
1.02864 0.00147582
1.02866 0.001478
1.02869 0.00147991
1.02871 0.00148158
1.02874 0.00148304
1.02876 0.00148432
1.02878 0.00148544
1.02881 0.00148642
1.02883 0.00148728
1.02886 0.00148803
1.02888 0.00148868
1.02891 0.00148926
1.02893 0.00148976
1.02896 0.0014902
1.02898 0.00149058
1.029 0.00149092
1.02903 0.00149121
1.02905 0.00149147
1.02908 0.0014917
1.0291 0.00149496
1.02913 0.00149781
1.02915 0.0015003
1.02918 0.00150248
1.0292 0.00150439
1.02922 0.00150606
1.02925 0.00150752
1.02927 0.0015088
1.0293 0.00150992
1.02932 0.0015109
1.02935 0.00151176
1.02937 0.00151251
1.0294 0.00151316
1.02942 0.00151374
1.02944 0.00151424
1.02947 0.00151468
1.02949 0.00151506
1.02952 0.0015154
1.02954 0.0015157
1.02957 0.00151595
1.02959 0.00151618
1.02962 0.00151943
1.02964 0.00152228
1.02967 0.00152478
1.02969 0.00152696
1.02971 0.00152887
1.02974 0.00153054
1.02976 0.001532
1.02979 0.00153328
1.02981 0.0015344
1.02984 0.00153538
1.02986 0.00153624
1.02989 0.00153699
1.02991 0.00153764
1.02993 0.00153822
1.02996 0.00153872
1.02998 0.00153916
1.03001 0.00153954
1.03003 0.00153988
1.03006 0.00154017
1.03008 0.00154043
1.03011 0.00154066
1.03013 0.00154391
1.03015 0.00154676
1.03018 0.00154926
1.0302 0.00155144
1.03023 0.00155335
1.03025 0.00155502
1.03028 0.00155648
1.0303 0.00155776
1.03033 0.00155888
1.03035 0.00155986
1.03038 0.00156072
1.0304 0.00156147
1.03042 0.00156212
1.03045 0.0015627
1.03047 0.0015632
1.0305 0.00156364
1.03052 0.00156402
1.03055 0.00156436
1.03057 0.00156465
1.0306 0.00156491
1.03062 0.00156514
1.03064 0.00156839
1.03067 0.00157124
1.03069 0.00157374
1.03072 0.00157592
1.03074 0.00157783
1.03077 0.0015795
1.03079 0.00158096
1.03082 0.00158224
1.03084 0.00158336
1.03086 0.00158434
1.03089 0.0015852
1.03091 0.00158595
1.03094 0.0015866
1.03096 0.00158718
1.03099 0.00158768
1.03101 0.00158812
1.03104 0.0015885
1.03106 0.00158884
1.03109 0.00158913
1.03111 0.00158939
1.03113 0.00158962
1.03116 0.00159288
1.03118 0.00159573
1.03121 0.00159822
1.03123 0.0016004
1.03126 0.00160231
1.03128 0.00160398
1.03131 0.00160544
1.03133 0.00160672
1.03135 0.00160784
1.03138 0.00160882
1.0314 0.00160968
1.03143 0.00161043
1.03145 0.00161108
1.03148 0.00161166
1.0315 0.00161216
1.03153 0.0016126
1.03155 0.00161298
1.03157 0.00161332
1.0316 0.00161362
1.03162 0.00161387
1.03165 0.0016141
1.03167 0.00161736
1.0317 0.0016202
1.03172 0.0016227
1.03175 0.00162488
1.03177 0.00162679
1.0318 0.00162846
1.03182 0.00162992
1.03184 0.0016312
1.03187 0.00163232
1.03189 0.0016333
1.03192 0.00163416
1.03194 0.00163491
1.03197 0.00163556
1.03199 0.00163614
1.03202 0.00163664
1.03204 0.00163708
1.03206 0.00163746
1.03209 0.0016378
1.03211 0.0016381
1.03214 0.00163835
1.03216 0.00163858
1.03219 0.00164183
1.03221 0.00164468
1.03224 0.00164718
1.03226 0.00164936
1.03228 0.00165127
1.03231 0.00165294
1.03233 0.0016544
1.03236 0.00165568
1.03238 0.0016568
1.03241 0.00165778
1.03243 0.00165864
1.03246 0.00165939
1.03248 0.00166004
1.0325 0.00166062
1.03253 0.00166112
1.03255 0.00166156
1.03258 0.00166194
1.0326 0.00166228
1.03263 0.00166257
1.03265 0.00166283
1.03268 0.00166306
1.0327 0.00166632
1.03273 0.00166917
1.03275 0.00167166
1.03277 0.00167384
1.0328 0.00167575
1.03282 0.00167742
1.03285 0.00167888
1.03287 0.00168016
1.0329 0.00168128
1.03292 0.00168226
1.03295 0.00168312
1.03297 0.00168387
1.03299 0.00168452
1.03302 0.0016851
1.03304 0.0016856
1.03307 0.00168604
1.03309 0.00168642
1.03312 0.00168676
1.03314 0.00168706
1.03317 0.00168731
1.03319 0.00168754
1.03321 0.00169079
1.03324 0.00169364
1.03326 0.00169614
1.03329 0.00169832
1.03331 0.00170023
1.03334 0.0017019
1.03336 0.00170336
1.03339 0.00170464
1.03341 0.00170576
1.03344 0.00170674
1.03346 0.0017076
1.03348 0.00170835
1.03351 0.001709
1.03353 0.00170958
1.03356 0.00171008
1.03358 0.00171052
1.03361 0.0017109
1.03363 0.00171124
1.03366 0.00171153
1.03368 0.00171179
1.0337 0.00171202
1.03373 0.00171528
1.03375 0.00171813
1.03378 0.00172062
1.0338 0.0017228
1.03383 0.00172471
1.03385 0.00172638
1.03388 0.00172784
1.0339 0.00172912
1.03392 0.00173024
1.03395 0.00173122
1.03397 0.00173208
1.034 0.00173283
1.03402 0.00173348
1.03405 0.00173406
1.03407 0.00173456
1.0341 0.001735
1.03412 0.00173538
1.03415 0.00173572
1.03417 0.00173602
1.03419 0.00173627
1.03422 0.0017365
1.03424 0.00173975
1.03427 0.0017426
1.03429 0.0017451
1.03432 0.00174728
1.03434 0.00174919
1.03437 0.00175086
1.03439 0.00175232
1.03441 0.0017536
1.03444 0.00175472
1.03446 0.0017557
1.03449 0.00175656
1.03451 0.00175731
1.03454 0.00175796
1.03456 0.00175854
1.03459 0.00175904
1.03461 0.00175948
1.03463 0.00175986
1.03466 0.0017602
1.03468 0.00176049
1.03471 0.00176075
1.03473 0.00176098
1.03476 0.00176423
1.03478 0.00176709
1.03481 0.00176958
1.03483 0.00177176
1.03486 0.00177367
1.03488 0.00177534
1.0349 0.0017768
1.03493 0.00177808
1.03495 0.0017792
1.03498 0.00178018
1.035 0.00178104
1.03503 0.00178179
1.03505 0.00178244
1.03508 0.00178302
1.0351 0.00178352
1.03512 0.00178396
1.03515 0.00178434
1.03517 0.00178468
1.0352 0.00178497
1.03522 0.00178523
1.03525 0.00178546
1.03527 0.00178871
1.0353 0.00179156
1.03532 0.00179406
1.03534 0.00179624
1.03537 0.00179815
1.03539 0.00179982
1.03542 0.00180128
1.03544 0.00180256
1.03547 0.00180368
1.03549 0.00180466
1.03552 0.00180552
1.03554 0.00180627
1.03556 0.00180692
1.03559 0.0018075
1.03561 0.001808
1.03564 0.00180844
1.03566 0.00180882
1.03569 0.00180916
1.03571 0.00180945
1.03574 0.00180971
1.03576 0.00180994
1.03579 0.0018132
1.03581 0.00181605
1.03583 0.00181854
1.03586 0.00182072
1.03588 0.00182263
1.03591 0.0018243
1.03593 0.00182576
1.03596 0.00182704
1.03598 0.00182816
1.03601 0.00182914
1.03603 0.00183
1.03605 0.00183075
1.03608 0.0018314
1.0361 0.00183198
1.03613 0.00183248
1.03615 0.00183292
1.03618 0.0018333
1.0362 0.00183364
1.03623 0.00183394
1.03625 0.00183419
1.03627 0.00183442
1.0363 0.00183767
1.03632 0.00184052
1.03635 0.00184302
1.03637 0.0018452
1.0364 0.00184711
1.03642 0.00184878
1.03645 0.00185024
1.03647 0.00185152
1.0365 0.00185264
1.03652 0.00185362
1.03654 0.00185448
1.03657 0.00185523
1.03659 0.00185588
1.03662 0.00185646
1.03664 0.00185696
1.03667 0.0018574
1.03669 0.00185778
1.03672 0.00185812
1.03674 0.00185841
1.03676 0.00185867
1.03679 0.0018589
1.03681 0.00186215
1.23901 0.00176709
1.24012 0.0016839
1.24014 0.00161417
1.24123 0.00155163
1.24125 0.00149997
1.24127 0.00145323
1.24129 0.00141539
1.24237 0.00138076
1.24239 0.00135352
1.2424 0.00132814
1.24242 0.00130748
1.24244 0.00129092
1.24245 0.00127797
1.24248 0.00126663
1.2425 0.00125977
1.24355 0.00125071
1.24358 0.00124584
1.24359 0.00124005
1.2436 0.00123651
1.24362 0.00123342
1.24364 0.00123377
1.24365 0.00123408
1.24366 0.00123588
1.24369 0.00123745
1.2437 0.00124036
1.24373 0.00124443
1.24374 0.00124953
1.24376 0.00125399
1.24379 0.00126095
1.24381 0.00126704
1.24384 0.00127543
1.24484 0.00127665
1.24486 0.00128078
1.24488 0.00128286
1.24489 0.00128621
1.2449 0.00128915
1.24491 0.00129324
1.24494 0.00129836
1.24495 0.00130436
1.24496 0.00130962
1.24497 0.00131574
1.245 0.0013211
1.24501 0.00132733
1.24502 0.00133277
1.24505 0.00134059
1.24506 0.00134744
1.24507 0.00135496
1.2451 0.00136154
1.24511 0.00136882
1.24513 0.00137673
1.24515 0.00138518
1.24517 0.00139257
1.24518 0.00140057
1.24521 0.0014091
1.24522 0.00141809
1.24524 0.00142596
1.24527 0.0014359
1.24529 0.0014446
1.24532 0.00145528
1.24534 0.00146462
1.24537 0.00147585
1.24539 0.00148568
1.24542 0.00149734
1.24632 0.0014953
1.24635 0.00149352
1.24636 0.00149196
1.24637 0.00149212
1.24638 0.00149227
1.24639 0.00149239
1.24642 0.00149403
1.24643 0.00149394
1.24644 0.00149386
1.24646 0.00149378
1.24647 0.00149372
1.24649 0.00149366
1.2465 0.00149362
1.24652 0.00149357
1.24654 0.00149354
1.24655 0.0014935
1.24657 0.00149348
1.24659 0.00149345
1.2466 0.00149343
1.24663 0.00149341
1.24664 0.00149339
1.24666 0.00149338
1.24668 0.00149336
1.2467 0.00149335
1.24671 0.00149487
1.24674 0.00149773
1.24675 0.00149871
1.24677 0.00149956
1.2468 0.0015003
1.24682 0.00150095
1.24685 0.00150153
1.24687 0.00150202
1.2469 0.00150246
1.24692 0.00150284
1.24783 0.00150318
1.24785 0.00150347
1.24786 0.00150373
1.24788 0.00150395
1.24789 0.00150414
1.2479 0.00150432
1.24792 0.00150447
1.24794 0.0015046
1.24795 0.00150471
1.24796 0.00150481
1.24797 0.0015049
1.248 0.00150804
1.24801 0.00150925
1.24802 0.00151032
1.24803 0.00151125
1.24806 0.00151206
1.24807 0.00151277
1.24808 0.00151339
1.24811 0.00151394
1.24812 0.00151442
1.24814 0.00151483
1.24816 0.0015152
1.24818 0.00151552
1.24819 0.0015158
1.24822 0.00151604
1.24823 0.00151626
1.24825 0.00151644
1.24827 0.00151661
1.24829 0.00151675
1.24832 0.00151688
1.24834 0.00151699
1.24836 0.00151708
1.24839 0.00152023
1.2484 0.00152145
1.24843 0.00152252
1.24845 0.00152345
1.24936 0.00152427
1.24938 0.00152499
1.24939 0.00152561
1.24941 0.00152616
1.24942 0.00152664
1.24943 0.00152706
1.24945 0.00152743
1.24947 0.00152775
1.24948 0.00152803
1.24949 0.00152827
1.2495 0.00152849
1.24953 0.00152868
1.24954 0.00152884
1.24955 0.00152899
1.24956 0.00152911
1.24959 0.00152922
1.2496 0.00152932
1.24961 0.00153093
1.24964 0.00153388
1.24965 0.00153492
1.24966 0.00153584
1.24969 0.00153664
1.2497 0.00153734
1.24972 0.00153795
1.24974 0.00153849
1.24976 0.00153895
1.24977 0.00153936
1.2498 0.00153972
1.24981 0.00154004
1.24983 0.00154031
1.24986 0.00154055
1.24988 0.00154076
1.24991 0.00154095
1.24993 0.00154111
1.24994 0.00154125
1.24997 0.00154137
1.24999 0.00154148
1.2509 0.00154157
1.25092 0.00154472
1.25094 0.00154594
1.25095 0.001547
1.25096 0.00154794
1.25097 0.00154876
1.25098 0.00154947
1.25101 0.0015501
1.25102 0.00155064
1.25103 0.00155112
1.25105 0.00155154
1.25106 0.00155191
1.25108 0.00155223
1.25109 0.00155251
1.25111 0.00155276
1.25112 0.00155297
1.25114 0.00155316
1.25116 0.00155332
1.25117 0.00155347
1.25119 0.0015536
1.2512 0.0015537
1.25122 0.0015538
1.25124 0.00155694
1.25125 0.00155817
1.25127 0.00155923
1.25129 0.00156017
1.2513 0.00156099
1.25133 0.0015617
1.25134 0.00156233
1.25136 0.00156288
1.25138 0.00156336
1.2514 0.00156378
1.25142 0.00156415
1.25145 0.00156447
1.25147 0.00156475
1.2515 0.00156499
1.25151 0.00156521
1.25154 0.0015654
1.25156 0.00156556
1.25247 0.00156571
1.25249 0.00156583
1.2525 0.00156594
1.25251 0.00156604
1.25253 0.00156766
1.25254 0.00156907
1.25255 0.0015703
1.25258 0.00157292
1.25259 0.00157367
1.2526 0.00157433
1.25261 0.00157491
1.25262 0.00157542
1.25264 0.00157586
1.25266 0.00157625
1.25267 0.00157658
1.25269 0.00157688
1.2527 0.00157714
1.25272 0.00157737
1.25273 0.00157757
1.25275 0.00157774
1.25277 0.00157789
1.25278 0.00157803
1.2528 0.00157814
1.25282 0.00157824
1.25283 0.00157833
1.25284 0.00157994
1.25287 0.00158288
1.25288 0.00158392
1.25289 0.00158483
1.25292 0.00158562
1.25293 0.00158632
1.25295 0.00158693
1.25297 0.00158746
1.25299 0.00158793
1.25302 0.00158834
1.25304 0.00158869
1.25307 0.00158901
1.25309 0.00158928
1.2531 0.00158952
1.25313 0.00158973
1.25315 0.00158991
1.25406 0.00159007
1.25408 0.00159021
1.25409 0.00159034
1.25411 0.00159044
1.25412 0.00159054
1.25413 0.00159215
1.25414 0.00159356
1.25417 0.00159633
1.25418 0.00159721
1.25419 0.00159799
1.2542 0.00159867
1.25422 0.00159927
1.25423 0.00159979
1.25424 0.00160024
1.25426 0.00160064
1.25428 0.00160099
1.25429 0.0016013
1.2543 0.00160157
1.25433 0.0016018
1.25434 0.001602
1.25435 0.00160218
1.25437 0.00160234
1.25439 0.00160248
1.2544 0.0016026
1.25442 0.0016027
1.25444 0.00160279
1.25445 0.0016044
1.25447 0.00160734
1.25448 0.00160838
1.2545 0.0016093
1.25451 0.00161009
1.25453 0.00161079
1.25455 0.0016114
1.25457 0.00161194
1.25458 0.0016124
1.25461 0.00161281
1.25463 0.00161317
1.25466 0.00161348
1.25468 0.00161376
1.25471 0.001614
1.25472 0.00161421
1.25474 0.00161439
1.25477 0.00161455
1.25567 0.00161469
1.2557 0.00161482
1.25571 0.00161492
1.25572 0.00161502
1.25573 0.00161663
1.25575 0.00161804
1.25576 0.00161927
1.25578 0.00162188
1.25579 0.00162264
1.25581 0.0016233
1.25582 0.00162388
1.25583 0.00162438
1.25584 0.00162482
1.25586 0.00162521
1.25587 0.00162555
1.25589 0.00162584
1.2559 0.0016261
1.25592 0.00162633
1.25593 0.00162653
1.25595 0.0016267
1.25597 0.00162685
1.25598 0.00162699
1.256 0.0016271
1.25601 0.00162721
1.25603 0.00162729
1.25605 0.00163043
1.25606 0.00163165
1.25608 0.00163271
1.25609 0.00163364
1.25611 0.00163446
1.25613 0.00163517
1.25614 0.00163579
1.25615 0.00163634
1.25617 0.00163682
1.25619 0.00163723
1.25621 0.0016376
1.25622 0.00163792
1.25625 0.0016382
1.25627 0.00163844
1.2563 0.00163866
1.25632 0.00163884
1.25635 0.00163901
1.25636 0.00163915
1.25638 0.00163928
1.25641 0.00163939
1.25731 0.00163948
1.25734 0.00164263
1.25735 0.00164385
1.25736 0.00164492
1.25737 0.00164585
1.25739 0.00164667
1.2574 0.00164739
1.25741 0.00164801
1.25743 0.00164856
1.25745 0.00164904
1.25746 0.00164946
1.25747 0.00164983
1.25748 0.00165015
1.2575 0.00165043
1.25751 0.00165067
1.25752 0.00165089
1.25754 0.00165108
1.25756 0.00165124
1.25757 0.00165139
1.25758 0.00165151
1.25761 0.00165162
1.25762 0.00165172
1.25763 0.00165333
1.25766 0.00165628
1.25767 0.00165732
1.25768 0.00165824
1.25769 0.00165904
1.25772 0.00165974
1.25773 0.00166035
1.25774 0.00166088
1.25775 0.00166135
1.25778 0.00166176
1.25779 0.00166212
1.2578 0.00166244
1.25781 0.00166271
1.25784 0.00166295
1.25785 0.00166316
1.25788 0.00166335
1.25789 0.00166351
1.25791 0.00166365
1.25794 0.00166377
1.25796 0.00166388
1.25799 0.00166398
1.25801 0.00166712
1.25802 0.00166834
1.25803 0.00166941
1.25806 0.00167034
1.25808 0.00167116
1.25899 0.00167187
1.25901 0.0016725
1.25903 0.00167304
1.25904 0.00167352
1.25905 0.00167394
1.25906 0.00167431
1.25907 0.00167463
1.25909 0.00167491
1.25911 0.00167516
1.25912 0.00167537
1.25914 0.00167556
1.25915 0.00167572
1.25916 0.00167587
1.25917 0.001676
1.25919 0.0016761
1.2592 0.0016762
1.25922 0.00167935
1.25923 0.00168057
1.25925 0.00168163
1.25926 0.00168257
1.25927 0.00168339
1.2593 0.0016841
1.25931 0.00168473
1.25932 0.00168528
1.25934 0.00168576
1.25936 0.00168618
1.25937 0.00168655
1.25938 0.00168687
1.25941 0.00168715
1.25942 0.00168739
1.25943 0.00168761
1.25944 0.0016878
1.25947 0.00168796
1.25948 0.00168811
1.25949 0.00168823
1.2595 0.00168834
1.25953 0.00168844
1.25954 0.00169005
1.25956 0.001693
1.25958 0.00169404
1.25959 0.00169496
1.25961 0.00169576
1.25964 0.00169646
1.25966 0.00169707
1.25969 0.00169761
1.25971 0.00169807
1.25972 0.00169848
1.25974 0.00169884
1.25976 0.00169916
1.25978 0.00169943
1.26069 0.00169967
1.26072 0.00169988
1.26073 0.00170007
1.26074 0.00170023
1.26075 0.00170037
1.26076 0.00170049
1.26078 0.0017006
1.26079 0.00170069
1.26081 0.00170384
1.26083 0.00170506
1.26084 0.00170612
1.26085 0.00170706
1.26086 0.00170788
1.26087 0.00170859
1.26089 0.00170922
1.2609 0.00170976
1.26091 0.00171024
1.26094 0.00171066
1.26095 0.00171103
1.26096 0.00171135
1.26097 0.00171163
1.26098 0.00171188
1.26101 0.00171209
1.26102 0.00171228
1.26103 0.00171244
1.26106 0.00171259
1.26107 0.00171272
1.26108 0.00171282
1.26109 0.00171292
1.26112 0.00171606
1.26113 0.00171729
1.26114 0.00171835
1.26116 0.00171929
1.26117 0.00172011
1.26119 0.00172082
1.2612 0.00172145
1.26122 0.001722
1.26123 0.00172248
1.26125 0.0017229
1.26127 0.00172327
1.26129 0.00172359
1.2613 0.00172387
1.26131 0.00172411
1.26134 0.00172433
1.26136 0.00172452
1.26139 0.00172468
1.26141 0.00172483
1.26144 0.00172495
1.26145 0.00172506
1.26146 0.00172516
1.26149 0.0017283
1.2615 0.00172953
1.26152 0.00173059
1.26243 0.00173153
1.26245 0.00173235
1.26247 0.00173306
1.26248 0.00173369
1.26249 0.00173424
1.2625 0.00173472
1.26251 0.00173514
1.26253 0.00173551
1.26255 0.00173583
1.26256 0.00173611
1.26258 0.00173635
1.26259 0.00173657
1.2626 0.00173676
1.26261 0.00173692
1.26262 0.00173707
1.26264 0.00173719
1.26265 0.0017373
1.26267 0.0017374
1.26269 0.00173902
1.2627 0.00174043
1.26271 0.00174166
1.26272 0.00174275
1.26275 0.00174522
1.26276 0.00174586
1.26277 0.00174642
1.26278 0.0017469
1.26281 0.00174733
1.26282 0.0017477
1.26283 0.00174803
1.26284 0.00174832
1.26287 0.00174857
1.26288 0.00174879
1.26289 0.00174898
1.26291 0.00174914
1.26292 0.00174929
1.26294 0.00174942
1.26296 0.00174953
1.26297 0.00174963
1.26298 0.00174971
1.263 0.00175285
1.26302 0.00175406
1.26303 0.00175512
1.26305 0.00175605
1.26307 0.00175687
1.26308 0.00175758
1.2631 0.0017582
1.26313 0.00175874
1.26315 0.00175922
1.26318 0.00175964
1.2632 0.00176
1.26321 0.00176032
1.26322 0.0017606
1.26325 0.00176085
1.26326 0.00176106
1.26329 0.00176125
1.26419 0.00176141
1.26422 0.00176155
1.26423 0.00176168
1.26424 0.00176179
1.26425 0.00176188
1.26426 0.0017635
1.26428 0.00176491
1.26429 0.00176615
1.26431 0.00176876
1.26433 0.00176951
1.26434 0.00177017
1.26435 0.00177075
1.26436 0.00177126
1.26437 0.0017717
1.26439 0.00177209
1.2644 0.00177242
1.26441 0.00177272
1.26442 0.00177298
1.26445 0.00177321
1.26446 0.00177341
1.26447 0.00177358
1.26449 0.00177373
1.2645 0.00177386
1.26452 0.00177398
1.26453 0.00177408
1.26455 0.00177417
1.26456 0.00177578
1.26458 0.00177872
1.2646 0.00177976
1.26461 0.00178067
1.26462 0.00178146
1.26463 0.00178216
1.26466 0.00178277
1.26467 0.0017833
1.26468 0.00178377
1.26469 0.00178418
1.26471 0.00178453
1.26473 0.00178485
1.26474 0.00178512
1.26475 0.00178536
1.26477 0.00178557
1.26479 0.00178575
1.2648 0.00178591
1.26482 0.00178605
1.26484 0.00178618
1.26485 0.00178628
1.26486 0.00178638
1.26489 0.00178952
1.2649 0.00179074
1.26493 0.00179181
1.26495 0.00179274
1.26497 0.00179356
1.265 0.00179427
1.26501 0.0017949
1.26502 0.00179544
1.26505 0.00179592
1.26506 0.00179634
1.26508 0.00179671
1.26599 0.00179703
1.26602 0.00179731
1.26603 0.00179756
1.26604 0.00179777
1.26605 0.00179796
1.26606 0.00179813
1.26608 0.00179827
1.26609 0.00179839
1.26611 0.0017985
1.26613 0.0017986
1.26614 0.00180021
1.26615 0.00180163
1.26616 0.00180286
1.26617 0.00180395
1.26619 0.00180489
1.2662 0.00180572
1.26621 0.00180644
1.26622 0.00180708
1.26625 0.00180916
1.26626 0.00180946
1.26627 0.00180971
1.26628 0.00180994
1.2663 0.00181014
1.26631 0.00181031
1.26633 0.00181046
1.26635 0.00181059
1.26636 0.00181071
1.26637 0.00181081
1.26639 0.0018109
1.26641 0.00181097
1.26642 0.00181104
1.26643 0.00181263
1.26644 0.00181402
1.26647 0.00181677
1.26648 0.00181764
1.26649 0.00181841
1.2665 0.00181907
1.26652 0.00181966
1.26653 0.00182017
1.26655 0.00182062
1.26657 0.00182101
1.26658 0.00182135
1.26659 0.00182165
1.26661 0.00182192
1.26663 0.00182215
1.26664 0.00182235
1.26666 0.00182252
1.26668 0.00182268
1.26669 0.00182281
1.26671 0.00182293
1.26672 0.00182303
1.26675 0.00182313
1.26677 0.00182626
1.26679 0.00182748
1.26681 0.00182854
1.26684 0.00182948
1.26685 0.00183029
1.26686 0.001831
1.26688 0.00183163
1.2669 0.00183217
1.26692 0.00183265
1.26783 0.00183307
1.26785 0.00183344
1.26786 0.00183376
1.26788 0.00183404
1.26789 0.00183428
1.2679 0.0018345
1.26791 0.00183468
1.26792 0.00183485
1.26795 0.00183499
1.26796 0.00183512
1.26797 0.00183523
1.26799 0.00183532
1.268 0.00183694
1.26801 0.00183835
1.26802 0.00183958
1.26803 0.00184067
1.26805 0.00184161
1.26806 0.00184244
1.26808 0.00184469
1.2681 0.00184514
1.26811 0.00184552
1.26812 0.00184586
1.26813 0.00184616
1.26814 0.00184642
1.26816 0.00184665
1.26818 0.00184685
1.26819 0.00184702
1.26821 0.00184717
1.26822 0.00184731
1.26824 0.00184742
1.26825 0.00184752
1.26827 0.00184761
1.26828 0.00184769
1.26829 0.00184929
1.26832 0.00185222
1.26833 0.00185325
1.26834 0.00185415
1.26835 0.00185494
1.26837 0.00185564
1.26838 0.00185624
1.26839 0.00185677
1.26841 0.00185723
1.26843 0.00185764
1.26844 0.00185799
1.26845 0.0018583
1.26848 0.00185857
1.26849 0.00185881
1.2685 0.00185902
1.26852 0.0018592
1.26854 0.00185936
1.26855 0.0018595
1.26857 0.00185962
1.26859 0.00185973
1.26861 0.00185982
1.26863 0.00186296
1.26865 0.00186418
1.26866 0.00186525
1.26868 0.00186618
1.26871 0.001867
1.26872 0.00186772
1.26873 0.00186834
1.26876 0.00186889
1.26877 0.00186937
1.26879 0.00186978
1.2697 0.00187015
1.26972 0.00187047
1.26974 0.00187075
1.26975 0.001871
1.26976 0.00187121
1.26977 0.0018714
1.26978 0.00187156
1.2698 0.00187171
1.26982 0.00187184
1.26983 0.00187194
1.26985 0.00187204
1.26986 0.00187365
1.26987 0.00187507
1.26988 0.0018763
1.2699 0.00187739
1.26991 0.00187833
1.26992 0.00187916
1.26993 0.00187988
1.27349 0.00184985
1.27351 0.00182511
1.27352 0.00180345
1.27354 0.00178603
1.27355 0.00176926
1.27357 0.00175459
1.27359 0.00174175
1.2736 0.00173051
1.27362 0.00172068
1.27363 0.00171208
1.27365 0.00170455
1.27367 0.00169799
1.27368 0.00169225
1.27369 0.00168723
1.27371 0.00168283
1.27373 0.00167899
1.27374 0.00167562
1.27376 0.00167267
1.27378 0.0016701
1.2738 0.00166784
1.27381 0.00166587
1.27384 0.00166414
1.27386 0.00166266
1.27389 0.00166442
1.2739 0.00166749
1.27391 0.0016717
1.27393 0.00167845
1.27396 0.00168742
1.27397 0.00169679
1.27398 0.00170652
1.27401 0.0017181
1.27402 0.00172976
1.27403 0.00174149
1.27496 0.00173035
1.27499 0.00172367
1.275 0.00171935
1.27501 0.0017171
1.27502 0.00171666
1.27504 0.00171781
1.27505 0.00172034
1.27506 0.00172409
1.27507 0.0017289
1.27508 0.00173463
1.2751 0.00174118
1.27511 0.00174845
1.27513 0.00175786
1.27515 0.00174468
1.27516 0.00173314
1.27517 0.00172305
1.2752 0.00171728
1.27521 0.0017107
1.27522 0.00170494
1.27523 0.0016999
1.27526 0.00169549
1.27527 0.00169164
1.27528 0.00168826
1.27529 0.00168531
1.27532 0.00168272
1.27533 0.00168046
1.27534 0.00167848
1.27535 0.00167675
1.27538 0.00167524
1.27539 0.00167391
1.2754 0.00167275
1.27543 0.00167174
1.27544 0.00167085
1.27546 0.00167007
1.27548 0.00166939
1.2755 0.0016688
1.27553 0.00166828
1.27555 0.00166782
1.27556 0.00166743
1.27557 0.00166708
1.2756 0.00166677
1.27562 0.0016665
1.27564 0.00166627
1.27565 0.00166607
1.27567 0.00166589
1.27568 0.00166573
1.2757 0.00166559
1.27663 0.00166548
1.27665 0.00166537
1.27666 0.00166528
1.27668 0.0016652
1.27669 0.00166513
1.2767 0.00166507
1.27671 0.00166501
1.27673 0.00166497
1.27674 0.00166493
1.27675 0.00166489
1.27676 0.00166486
1.27677 0.00166483
1.2768 0.00166481
1.27681 0.00166478
1.27682 0.00166477
1.27684 0.00166475
1.27686 0.00166474
1.27687 0.00166472
1.27688 0.00166471
1.2769 0.0016647
1.27692 0.00166469
1.27693 0.00166469
1.27695 0.00166468
1.27696 0.00166468
1.27698 0.00166467
1.27699 0.00166467
1.27701 0.00166466
1.27702 0.00166466
1.27704 0.00166466
1.27706 0.00166465
1.27707 0.00166465
1.27709 0.00166465
1.2771 0.00166465
1.27713 0.00166465
1.27714 0.00166465
1.27717 0.00166464
1.27719 0.00166464
1.27721 0.00166464
1.27723 0.00166464
1.27724 0.00166464
1.27726 0.00166464
1.30336 0.00166003
1.30338 0.001656
1.3034 0.00165094
1.30341 0.00164652
1.30344 0.00164111
1.30345 0.00163485
1.30346 0.00162938
1.30349 0.00162306
1.3035 0.00161753
1.30352 0.00161116
1.30353 0.00160559
1.30355 0.00159918
1.30357 0.00159204
1.30358 0.0015858
1.30361 0.00157881
1.30363 0.00157269
1.30366 0.0015658
1.30369 0.00155825
1.30371 0.00155164
1.30373 0.00154433
1.30376 0.00153793
1.30378 0.00152927
1.30379 0.00152169
1.3038 0.00151506
1.30473 0.00150926
1.30476 0.00150418
1.30477 0.00149974
1.30478 0.00149586
1.3048 0.00149246
1.30481 0.00148948
1.30482 0.0014869
1.30483 0.00148616
1.30484 0.00148552
1.30487 0.00148649
1.30488 0.00148581
1.30489 0.00148521
1.30492 0.00148469
1.30493 0.00148423
1.30494 0.00148383
1.30497 0.00148348
1.30498 0.00148318
1.305 0.00148291
1.30502 0.00148267
1.30503 0.00148247
1.30505 0.00148229
1.30506 0.00148213
1.30509 0.001482
1.30511 0.00148188
1.30514 0.00148177
1.30517 0.00148168
1.30519 0.0014816
1.30521 0.00148153
1.30524 0.00148147
1.30526 0.00148141
1.30527 0.00148137
1.30529 0.00148133
1.30622 0.00148129
1.30624 0.00148126
1.30625 0.00148123
1.30626 0.00148121
1.30628 0.00148118
1.30629 0.00148117
1.3063 0.00148115
1.30631 0.00148114
1.30633 0.00148112
1.30635 0.00148111
1.30636 0.0014811
1.30637 0.00148109
1.3064 0.00148109
1.30641 0.00148108
1.30642 0.00148108
1.30645 0.00148107
1.30646 0.00148107
1.30648 0.00148106
1.3065 0.00148106
1.30651 0.00148106
1.30653 0.00148105
1.30655 0.00148105
1.30657 0.00148105
1.30659 0.00148105
1.30662 0.00148105
1.30666 0.00148105
1.30667 0.00148104
1.30669 0.00148104
1.30672 0.00148104
1.30674 0.00148104
1.30675 0.00148104
1.30677 0.00148104
1.41587 0.00148257
1.41589 0.00148391
1.4159 0.00148508
1.41591 0.0014861
1.41592 0.001487
1.41595 0.00148931
1.41596 0.00148981
1.41597 0.00149024
1.41598 0.00149062
1.41601 0.00149095
1.41602 0.00149124
1.41603 0.0014915
1.41606 0.00149172
1.41607 0.00149191
1.41609 0.00149208
1.41611 0.00149223
1.41612 0.00149236
1.41614 0.00149248
1.41616 0.00149258
1.41618 0.00149267
1.4162 0.00149274
1.41623 0.00149281
1.41627 0.00149287
1.41628 0.00149292
1.4163 0.00149296
1.41633 0.001493
1.41635 0.00149304
1.41636 0.00149307
1.41638 0.00149309
1.41731 0.00149311
1.41733 0.00149314
1.41734 0.00149315
1.41735 0.00149317
1.41737 0.00149318
1.41738 0.00149319
1.41739 0.0014932
1.4174 0.00149321
1.41742 0.00149322
1.41744 0.00149323
1.41745 0.00149323
1.41746 0.00149324
1.41748 0.00149324
1.4175 0.00149325
1.41751 0.00149325
1.41753 0.00149325
1.41755 0.00149326
1.41756 0.00149326
1.41759 0.00149326
1.4176 0.00149326
1.41761 0.00149327
1.41764 0.00149327
1.41765 0.00149327
1.41767 0.00149327
1.4177 0.00149327
1.41772 0.00149327
1.41776 0.00149327
1.41777 0.00149327
1.50173 0.00138886
1.50175 0.0012975
1.50176 0.00121755
1.50178 0.00114761
1.5018 0.0010864
1.50181 0.00103285
1.50183 0.000985986
1.50184 0.000944983
1.50187 0.000909106
1.50188 0.000877713
1.50189 0.000850244
1.50192 0.000826209
1.50193 0.000805178
1.50195 0.000786776
1.50198 0.000770675
1.502 0.000756586
1.50204 0.000744258
1.50205 0.000733471
1.50208 0.000724033
1.5021 0.000715774
1.50213 0.000708548
1.50214 0.000702225
1.50215 0.000696692
1.50239 0.000691851
1.5024 0.000687615
1.50242 0.000683909
1.50244 0.000680666
1.50245 0.000677828
1.50247 0.000675345
1.50249 0.000673172
1.5025 0.000671271
1.50253 0.000669608
1.50254 0.000668153
1.50255 0.000666879
1.50258 0.000665765
1.50259 0.00066479
1.50261 0.000663937
1.50264 0.00066319
1.50266 0.000662537
1.5027 0.000661965
1.50271 0.000661465
1.50273 0.000661027
1.50276 0.000660644
1.50278 0.000660309
1.5028 0.000660016
1.50281 0.00065976
1.50305 0.000659536
1.50306 0.00065934
1.50307 0.000659168
1.5031 0.000659018
1.50311 0.000658886
1.50312 0.000658771
1.50315 0.00065867
1.50316 0.000658582
1.50318 0.000658505
1.5032 0.000658437
1.50321 0.000658378
1.50323 0.000658326
1.50325 0.000658281
1.50327 0.000658241
1.50329 0.000658206
1.50332 0.000658176
1.50336 0.00065815
1.50337 0.000658127
1.50339 0.000658107
1.50342 0.000658089
1.50344 0.000658073
1.50345 0.000658059
1.50347 0.000658047
1.50371 0.000658037
1.50372 0.000658028
1.50373 0.00065802
1.50376 0.000658013
1.50377 0.000658007
1.50378 0.000658002
1.50381 0.000657997
1.50382 0.000657993
1.50384 0.000657989
1.50385 0.000657986
1.50387 0.000657983
1.50389 0.000657981
1.5039 0.000657979
1.50393 0.000657977
1.50395 0.000657975
1.50398 0.000657974
1.50401 0.000657973
1.50403 0.000657972
1.50405 0.000657971
1.50408 0.00065797
1.5041 0.000657969
1.50411 0.000657968
2.00069 0.000662648
2.00071 0.000666743
2.00073 0.000670326
2.00076 0.000673461
2.00078 0.000676204
2.00082 0.000678604
2.00083 0.000680704
2.00085 0.000682542
2.00213 0.000759849
2.00216 0.000827493
2.00298 0.000829626
2.003 0.000831492
2.00364 0.000810175
2.00366 0.000791523
2.0043 0.000775202
2.00432 0.000760921
2.00498 0.000751485
2.00501 0.000743229
2.00567 0.000736005
2.00569 0.000729684
2.00633 0.000720983
2.00635 0.00071337
2.00699 0.000706444
2.00701 0.000700384
2.00764 0.000695082
2.00767 0.000690442
2.0083 0.000686382
2.00833 0.00068283
2.00896 0.000679722
2.00898 0.000677002
2.00962 0.000674622
2.00964 0.00067254
2.01028 0.000670718
2.0103 0.000669124
2.01093 0.000667729
2.01096 0.000666508
2.01159 0.00066544
2.01162 0.000664506
2.01225 0.000663688
2.01227 0.000662973
2.01291 0.000662347
2.01293 0.000661799
2.01357 0.00066132
2.01359 0.000660901
2.01422 0.000660534
2.01425 0.000660213
2.01488 0.000659932
2.01491 0.000659686
2.01554 0.000659471
2.01556 0.000659283
2.0162 0.000659118
2.01622 0.000658974
2.01686 0.000658848
2.01688 0.000658738
2.01751 0.000658641
2.01754 0.000658556
2.01817 0.000658482
2.0182 0.000658417
2.01883 0.00065836
2.01885 0.000658311
2.01949 0.000658268
2.01951 0.00065823
2.02015 0.000658197
2.02017 0.000658168
2.0208 0.000658143
2.02083 0.000658121
2.02146 0.000658101
2.02149 0.000658084
2.02212 0.000658069
2.02214 0.000658056
2.02278 0.000658045
2.0228 0.000658035
2.02344 0.000658026
2.02346 0.000658018
2.02409 0.000658011
2.02412 0.000658005
2.02475 0.000658
2.02478 0.000657996
2.02541 0.000657992
2.02543 0.000657989
2.02607 0.000657986
2.02609 0.000657983
2.02673 0.000657981
2.02675 0.000657979
2.02738 0.000657977
2.02741 0.000657975
2.02804 0.000657974
2.02807 0.000657973
2.0287 0.000657972
2.02872 0.000657971
2.02936 0.00065797
2.02938 0.000657969
2.03001 0.000657968
2.10044 0.000660468
2.10046 0.000662655
2.10114 0.000667069
2.10116 0.000670931
2.10183 0.00067431
2.10186 0.000677267
2.10253 0.000679854
2.10256 0.000682118
2.10323 0.000684099
2.10325 0.000685832
2.10393 0.000687349
2.10395 0.000688676
2.10463 0.000689837
2.10465 0.000690853
2.10532 0.000691742
2.10535 0.00069252
2.10602 0.000693201
2.10605 0.000693796
2.10672 0.000694317
2.10674 0.000694773
2.10742 0.000695172
2.10744 0.000695521
2.10812 0.000695826
2.10814 0.000696093
2.10881 0.000696327
2.10884 0.000696532
2.10951 0.000696711
2.10954 0.000696868
2.11021 0.000697005
2.11023 0.000697125
2.11091 0.00069723
2.11093 0.000697322
2.1116 0.000697402
2.11163 0.000697472
2.1123 0.000697534
2.11233 0.000697588
2.113 0.000697635
2.11303 0.000697676
2.1137 0.000697712
2.11372 0.000697744
2.1144 0.000697772
2.11442 0.000697796
2.11509 0.000697817
2.11512 0.000697835
2.11579 0.000697851
2.11582 0.000697865
2.11649 0.000697877
2.11652 0.000697888
2.11719 0.000697898
2.11721 0.000697906
2.11789 0.000697913
2.11791 0.000697919
2.11858 0.000697925
2.11861 0.00069793
2.11928 0.000697934
2.11931 0.000697938
2.11998 0.000697941
2.12001 0.000697944
2.12068 0.000697947
2.1207 0.000697949
2.12138 0.000697951
2.1214 0.000697953
2.12207 0.000697954
2.1221 0.000697955
2.12277 0.000697956
2.1228 0.000697957
2.12347 0.000697958
2.12349 0.000697959
2.12417 0.00069796
2.12419 0.000697961
2.20251 0.000719725
2.20255 0.000740298
2.20324 0.000738761
2.20329 0.000738946
2.20397 0.000736847
2.20401 0.000735011
2.20487 0.000756354
2.20492 0.000775029
2.20578 0.00079137
2.20583 0.000805668
2.20668 0.000818179
2.20673 0.000829126
2.20758 0.00083766
2.20763 0.000845072
2.20828 0.000826684
2.20833 0.000810614
2.20898 0.000796533
2.20899 0.000785742
2.20904 0.000776411
2.20905 0.000769776
2.20967 0.0007608
2.20969 0.000754476
2.20971 0.000752002
2.20973 0.000752897
2.20976 0.00075674
2.20978 0.000763163
2.20981 0.000771843
2.20983 0.000782498
2.20986 0.000794881
2.20988 0.000808776
2.20991 0.000823995
2.20993 0.000840371
2.20996 0.00085776
2.20998 0.000876036
2.21 0.000895087
2.21003 0.000914817
2.21005 0.00093514
2.21008 0.000955983
2.2101 0.000977281
2.21013 0.000998976
2.21015 0.00101949
2.21018 0.0010343
2.2102 0.00104879
2.21037 0.00100494
2.21038 0.000966569
2.21041 0.000932993
2.21043 0.000903614
2.21046 0.000877908
2.21048 0.000855415
2.21051 0.000835734
2.21053 0.000818513
2.21056 0.000803444
2.21058 0.000790259
2.2106 0.000778722
2.21063 0.000768627
2.21065 0.000759794
2.21068 0.000752065
2.2107 0.000745302
2.21073 0.000739385
2.21075 0.000734207
2.21078 0.000729677
2.2108 0.000725713
2.21082 0.000722244
2.21085 0.000719209
2.21087 0.000716553
2.2109 0.000714229
2.21107 0.000712196
2.21108 0.000710417
2.21111 0.00070886
2.21113 0.000707498
2.21116 0.000706306
2.21118 0.000705263
2.2112 0.000704351
2.21123 0.000703553
2.21125 0.000702854
2.21128 0.000702243
2.2113 0.000701708
2.21133 0.00070124
2.21135 0.000700831
2.21138 0.000700473
2.2114 0.000700159
2.21142 0.000699885
2.21145 0.000699645
2.21147 0.000699435
2.2115 0.000699251
2.21152 0.00069909
2.21155 0.000698949
2.21157 0.000698826
2.2116 0.000698718
2.21177 0.000698624
2.21178 0.000698542
2.2118 0.00069847
2.21183 0.000698407
2.21185 0.000698352
2.21188 0.000698304
2.2119 0.000698262
2.21193 0.000698225
2.21195 0.000698192
2.21198 0.000698164
2.212 0.000698139
2.21202 0.000698117
2.21205 0.000698098
2.21207 0.000698081
2.2121 0.000698066
2.21212 0.000698053
2.21215 0.000698042
2.21217 0.000698032
2.2122 0.000698024
2.21222 0.000698017
2.21224 0.00069801
2.21227 0.000698004
2.21229 0.000697999
2.21247 0.000697995
2.21248 0.000697991
2.2125 0.000697988
2.21253 0.000697985
2.21255 0.000697982
2.21258 0.00069798
2.2126 0.000697978
2.21262 0.000697976
2.21265 0.000697975
2.21267 0.000697974
2.2127 0.000697973
2.21272 0.000697972
2.21275 0.000697971
2.21277 0.00069797
2.2128 0.000697969
2.21282 0.000697968
2.30075 0.000704922
2.30077 0.00071112
2.3008 0.000716544
2.30082 0.00072129
2.30085 0.000725442
2.30087 0.000729075
2.30089 0.000732254
2.30092 0.000735036
2.30094 0.00073747
2.30111 0.000732532
2.30112 0.000729741
2.30113 0.000728829
2.30114 0.000728031
2.30116 0.000725803
2.30117 0.000722323
2.30119 0.000719278
2.30122 0.000716614
2.30124 0.000714283
2.30127 0.000712243
2.30129 0.000710458
2.30132 0.000708896
2.30134 0.00070753
2.30136 0.000706334
2.30144 0.000705288
2.30147 0.000704373
2.30149 0.000703572
2.30152 0.000702871
2.30154 0.000702258
2.30157 0.000701721
2.30159 0.000701251
2.30162 0.00070084
2.30164 0.000700481
2.30181 0.000700166
2.30182 0.000699891
2.30183 0.00069965
2.30184 0.000699439
2.30185 0.000699255
2.30187 0.000699094
2.30189 0.000698953
2.30192 0.000698829
2.30194 0.000698721
2.30196 0.000698626
2.30199 0.000698543
2.30201 0.000698471
2.30204 0.000698408
2.30206 0.000698353
2.30214 0.000698304
2.30217 0.000698262
2.30219 0.000698225
2.30222 0.000698192
2.30224 0.000698164
2.30227 0.000698139
2.30229 0.000698117
2.30231 0.000698098
2.30234 0.000698081
2.3025 0.000698066
2.30252 0.000698053
2.30253 0.000698042
2.30254 0.000698032
2.30255 0.000698024
2.30256 0.000698017
2.30259 0.00069801
2.30261 0.000698004
2.30264 0.000697999
2.30266 0.000697995
2.30269 0.000697991
2.30271 0.000697988
2.30274 0.000697985
2.30276 0.000697982
2.30284 0.00069798
2.30287 0.000697978
2.30289 0.000697976
2.30291 0.000697975
2.30294 0.000697974
2.30296 0.000697973
2.30299 0.000697972
2.30301 0.000697971
2.30304 0.00069797
2.3032 0.000697969
2.30321 0.000697968
