0.0 0
1.00006 6.3168e-05
1.00016 6.7593e-05
1.00019 7.4525e-05
1.00026 7.7455e-05
1.00028 8.3079e-05
1.00031 8.8e-05
1.00033 9.5366e-05
1.00036 9.5691e-05
1.00038 9.9035e-05
1.00041 0.000101961
1.00043 0.000107581
1.00046 0.000112499
1.00048 0.000119862
1.0005 0.000126305
1.00053 0.000135002
1.00055 0.000142606
1.00058 0.00015232
1.0006 0.00016082
1.00063 0.000171317
1.00065 0.000180502
1.00068 0.000191599
1.0007 0.000201309
1.00072 0.000212865
1.00075 0.000222976
1.00077 0.000234884
1.0008 0.000245303
1.00082 0.00025748
1.00085 0.000268135
1.00087 0.000280518
1.0009 0.000291353
1.00092 0.000303893
1.00095 0.000314866
1.00097 0.000324467
1.00099 0.000332868
1.00102 0.000340219
1.00104 0.000346651
1.00107 0.000352279
1.00109 0.000357204
1.00112 0.000361513
1.00114 0.000365283
1.00117 0.000368582
1.00119 0.000371469
1.00121 0.000373995
1.00124 0.000376205
1.00126 0.000378139
1.00129 0.000379831
1.00131 0.000381312
1.00134 0.000382608
1.00136 0.000383742
1.00139 0.000384734
1.00141 0.000385602
1.00143 0.000389421
1.00146 0.000392763
1.00148 0.000395687
1.00151 0.000398246
1.00153 0.000400485
1.00156 0.000402444
1.00158 0.000404158
1.00161 0.000405658
1.00163 0.00040697
1.00166 0.000408118
1.00168 0.000409123
1.0017 0.000410002
1.00173 0.000410771
1.00175 0.000411444
1.00178 0.000412033
1.0018 0.000412548
1.00183 0.000412999
1.00185 0.000413394
1.00188 0.000413739
1.0019 0.000414041
1.00192 0.000414305
1.00195 0.000417596
1.00197 0.000420476
1.002 0.000422996
1.00202 0.000425201
1.00205 0.00042713
1.00207 0.000428818
1.0021 0.000430295
1.00212 0.000431588
1.00214 0.000432719
1.00217 0.000433709
1.00219 0.000434575
1.00222 0.000435333
1.00224 0.000435996
1.00227 0.000436576
1.00229 0.000437084
1.00232 0.000437528
1.00234 0.000437917
1.00237 0.000438257
1.00239 0.000438554
1.00241 0.000438814
1.00244 0.000439042
1.00246 0.000442301
1.00249 0.000445153
1.00251 0.000447648
1.00254 0.000449832
1.00256 0.000451743
1.00259 0.000453415
1.00261 0.000454878
1.00263 0.000456158
1.00266 0.000457278
1.00268 0.000458258
1.00271 0.000459115
1.00273 0.000459865
1.00276 0.000460521
1.00278 0.000461095
1.00281 0.000461598
1.00283 0.000462038
1.00285 0.000462423
1.00288 0.00046276
1.0029 0.000463055
1.00293 0.000463313
1.00295 0.000463538
1.00298 0.000466795
1.003 0.000469645
1.00303 0.000472139
1.00305 0.000474321
1.00307 0.00047623
1.0031 0.000477901
1.00312 0.000479363
1.00315 0.000480642
1.00317 0.000481761
1.0032 0.00048274
1.00322 0.000483597
1.00325 0.000484347
1.00327 0.000485003
1.0033 0.000485577
1.00332 0.000486079
1.00334 0.000486519
1.00337 0.000486904
1.00339 0.000487241
1.00342 0.000487535
1.00344 0.000487793
1.00347 0.000488018
1.00349 0.000491275
1.00352 0.000494125
1.00354 0.000496619
1.00356 0.000498801
1.00359 0.00050071
1.00361 0.000502381
1.00364 0.000503843
1.00366 0.000505122
1.00369 0.000506241
1.00371 0.00050722
1.00374 0.000508077
1.00376 0.000508827
1.00378 0.000509483
1.00381 0.000510057
1.00383 0.000510559
1.00386 0.000510999
1.00388 0.000511384
1.00391 0.000511721
1.00393 0.000512015
1.00396 0.000512273
1.00398 0.000512498
1.00401 0.000515755
1.00403 0.000518605
1.00405 0.000521099
1.00408 0.000523281
1.0041 0.00052519
1.00413 0.000526861
1.00415 0.000528323
1.00418 0.000529602
1.0042 0.000530721
1.00423 0.0005317
1.00425 0.000532557
1.00427 0.000533307
1.0043 0.000533963
1.00432 0.000534537
1.00435 0.000535039
1.00437 0.000535479
1.0044 0.000535864
1.00442 0.000536201
1.00445 0.000536495
1.00447 0.000536753
1.00449 0.000536978
1.00452 0.000540235
1.00454 0.000543085
1.00457 0.000545579
1.00459 0.000547761
1.00462 0.00054967
1.00464 0.000551341
1.00467 0.000552803
1.00469 0.000554082
1.00472 0.000555201
1.00474 0.00055618
1.00476 0.000557037
1.00479 0.000557787
1.00481 0.000558443
1.00484 0.000559017
1.00486 0.000559519
1.00489 0.000559959
1.00491 0.000560344
1.00494 0.000560681
1.00496 0.000560975
1.00498 0.000561233
1.00501 0.000561458
1.00503 0.000564715
1.00506 0.000567565
1.00508 0.000570059
1.00511 0.000572241
1.00513 0.00057415
1.00516 0.000575821
1.00518 0.000577283
1.0052 0.000578562
1.00523 0.000579681
1.00525 0.00058066
1.00528 0.000581517
1.0053 0.000582267
1.00533 0.000582923
1.00535 0.000583497
1.00538 0.000583999
1.0054 0.000584439
1.00543 0.000584824
1.00545 0.000585161
1.00547 0.000585455
1.0055 0.000585713
1.00552 0.000585938
1.00555 0.000589195
1.00557 0.000592045
1.0056 0.000594539
1.00562 0.000596721
1.00565 0.00059863
1.00567 0.000600301
1.00569 0.000601763
1.00572 0.000603042
1.00574 0.000604161
1.00577 0.00060514
1.00579 0.000605997
1.00582 0.000606747
1.00584 0.000607403
1.00587 0.000607977
1.00589 0.000608479
1.00591 0.000608919
1.00594 0.000609304
1.00596 0.000609641
1.00599 0.000609935
1.00601 0.000610193
1.00604 0.000610418
1.00606 0.000613675
1.00609 0.000616525
1.00611 0.000619019
1.00613 0.000621201
1.00616 0.00062311
1.00618 0.000624781
1.00621 0.000626243
1.00623 0.000627522
1.00626 0.000628641
1.00628 0.00062962
1.00631 0.000630477
1.00633 0.000631227
1.00636 0.000631883
1.00638 0.000632457
1.0064 0.000632959
1.00643 0.000633399
1.00645 0.000633784
1.00648 0.000634121
1.0065 0.000634415
1.00653 0.000634673
1.00655 0.000634898
1.00658 0.000638155
1.0066 0.000641005
1.00662 0.000643499
1.00665 0.000645681
1.00667 0.00064759
1.0067 0.000649261
1.00672 0.000650723
1.00675 0.000652002
1.00677 0.000653121
1.0068 0.0006541
1.00682 0.000654957
1.00684 0.000655707
1.00687 0.000656363
1.00689 0.000656937
1.00692 0.000657439
1.00694 0.000657879
1.00697 0.000658264
1.00699 0.000658601
1.00702 0.000658895
1.00704 0.000659153
1.00707 0.000659378
1.00709 0.000662635
1.00711 0.000665485
1.00714 0.000667979
1.00716 0.000670161
1.00719 0.00067207
1.00721 0.000673741
1.00724 0.000675203
1.00726 0.000676482
1.00729 0.000677601
1.00731 0.00067858
1.00733 0.000679437
1.00736 0.000680187
1.00738 0.000680843
1.00741 0.000681417
1.00743 0.000681919
1.00746 0.000682359
1.00748 0.000682744
1.00751 0.000683081
1.00753 0.000683375
1.00755 0.000683633
1.00758 0.000683858
1.0076 0.000687115
1.00763 0.000689965
1.00765 0.000692459
1.00768 0.000694641
1.0077 0.00069655
1.00773 0.000698221
1.00775 0.000699683
1.00778 0.000700962
1.0078 0.000702081
1.00782 0.00070306
1.00785 0.000703917
1.00787 0.000704667
1.0079 0.000705323
1.00792 0.000705897
1.00795 0.000706399
1.00797 0.000706839
1.008 0.000707224
1.00802 0.000707561
1.00804 0.000707855
1.00807 0.000708113
1.00809 0.000708338
1.00812 0.000711595
1.00814 0.000714445
1.00817 0.000716939
1.00819 0.000719121
1.00822 0.00072103
1.00824 0.000722701
1.00826 0.000724163
1.00829 0.000725442
1.00831 0.000726561
1.00834 0.00072754
1.00836 0.000728397
1.00839 0.000729147
1.00841 0.000729803
1.00844 0.000730377
1.00846 0.000730879
1.00849 0.000731319
1.00851 0.000731704
1.00853 0.000732041
1.00856 0.000732335
1.00858 0.000732593
1.00861 0.000732818
1.00863 0.000736075
1.00866 0.000738925
1.00868 0.000741419
1.00871 0.000743601
1.00873 0.00074551
1.00875 0.000747181
1.00878 0.000748643
1.0088 0.000749922
1.00883 0.000751041
1.00885 0.00075202
1.00888 0.000752877
1.0089 0.000753627
1.00893 0.000754283
1.00895 0.000754857
1.00897 0.000755359
1.009 0.000755799
1.00902 0.000756184
1.00905 0.000756521
1.00907 0.000756815
1.0091 0.000757073
1.00912 0.000757298
1.00915 0.000760555
1.00917 0.000763405
1.00919 0.000765899
1.00922 0.000768081
1.00924 0.00076999
1.00927 0.000771661
1.00929 0.000773123
1.00932 0.000774402
1.00934 0.000775521
1.00937 0.0007765
1.00939 0.000777357
1.00942 0.000778107
1.00944 0.000778763
1.00946 0.000779337
1.00949 0.000779839
1.00951 0.000780279
1.00954 0.000780664
1.00956 0.000781001
1.00959 0.000781295
1.00961 0.000781553
1.00964 0.000781778
1.00966 0.000785035
1.00968 0.000787885
1.00971 0.000790379
1.00973 0.000792561
1.00976 0.00079447
1.00978 0.000796141
1.00981 0.000797603
1.00983 0.000798882
1.00986 0.000800001
1.00988 0.00080098
1.0099 0.000801837
1.00993 0.000802587
1.00995 0.000803243
1.00998 0.000803817
1.01 0.000804319
1.01003 0.000804759
1.01005 0.000805144
1.01008 0.000805481
1.0101 0.000805775
1.01013 0.000806033
1.01015 0.000806258
1.01017 0.000809515
1.0102 0.000812365
1.01022 0.000814859
1.01025 0.000817041
1.01027 0.00081895
1.0103 0.000820621
1.01032 0.000822083
1.01035 0.000823362
1.01037 0.000824481
1.01039 0.00082546
1.01042 0.000826317
1.01044 0.000827067
1.01047 0.000827723
1.01049 0.000828297
1.01052 0.000828799
1.01054 0.000829239
1.01057 0.000829624
1.01059 0.000829961
1.01061 0.000830255
1.01064 0.000830513
1.01066 0.000830738
1.01069 0.000833995
1.01071 0.000836845
1.01074 0.000839339
1.01076 0.000841521
1.01079 0.00084343
1.01081 0.000845101
1.01084 0.000846563
1.01086 0.000847842
1.01088 0.000848961
1.01091 0.00084994
1.01093 0.000850797
1.01096 0.000851547
1.01098 0.000852203
1.01101 0.000852777
1.01103 0.000853279
1.01106 0.000853719
1.01108 0.000854104
1.0111 0.000854441
1.01113 0.000854735
1.01115 0.000854993
1.01118 0.000855218
1.0112 0.000858475
1.01123 0.000861325
1.01125 0.000863819
1.01128 0.000866001
1.0113 0.00086791
1.01132 0.000869581
1.01135 0.000871043
1.01137 0.000872322
1.0114 0.000873441
1.01142 0.00087442
1.01145 0.000875277
1.01147 0.000876027
1.0115 0.000876683
1.01152 0.000877257
1.01155 0.000877759
1.01157 0.000878199
1.01159 0.000878584
1.01162 0.000878921
1.01164 0.000879215
1.01167 0.000879473
1.01169 0.000879698
1.01172 0.000882955
1.01174 0.000885805
1.01177 0.000888299
1.01179 0.000890481
1.01181 0.00089239
1.01184 0.000894061
1.01186 0.000895523
1.01189 0.000896802
1.01191 0.000897921
1.01194 0.0008989
1.01196 0.000899757
1.01199 0.000900507
1.01201 0.000901163
1.01203 0.000901737
1.01206 0.000902239
1.01208 0.000902679
1.01211 0.000903064
1.01213 0.000903401
1.01216 0.000903695
1.01218 0.000903953
1.01221 0.000904178
1.01223 0.000907435
1.01225 0.000910285
1.01228 0.000912779
1.0123 0.000914961
1.01233 0.00091687
1.01235 0.000918541
1.01238 0.000920003
1.0124 0.000921282
1.01243 0.000922401
1.01245 0.00092338
1.01248 0.000924237
1.0125 0.000924987
1.01252 0.000925643
1.01255 0.000926217
1.01257 0.000926719
1.0126 0.000927159
1.01262 0.000927544
1.01265 0.000927881
1.01267 0.000928175
1.0127 0.000928433
1.01272 0.000928658
1.01274 0.000931915
1.01277 0.000934765
1.01279 0.000937259
1.01282 0.000939441
1.01284 0.00094135
1.01287 0.000943021
1.01289 0.000944483
1.01292 0.000945762
1.01294 0.000946881
1.01296 0.00094786
1.01299 0.000948717
1.01301 0.000949467
1.01304 0.000950123
1.01306 0.000950697
1.01309 0.000951199
1.01311 0.000951639
1.01314 0.000952024
1.01316 0.000952361
1.01319 0.000952655
1.01321 0.000952913
1.01323 0.000953138
1.01326 0.000956395
1.01328 0.000959245
1.01331 0.000961739
1.01333 0.000963921
1.01336 0.00096583
1.01338 0.000967501
1.01341 0.000968963
1.01343 0.000970242
1.01345 0.000971361
1.01348 0.00097234
1.0135 0.000973197
1.01353 0.000973947
1.01355 0.000974603
1.01358 0.000975177
1.0136 0.000975679
1.01363 0.000976119
1.01365 0.000976504
1.01367 0.000976841
1.0137 0.000977135
1.01372 0.000977393
1.01375 0.000977618
1.01377 0.000980875
1.0138 0.000983725
1.01382 0.000986219
1.01385 0.000988401
1.01387 0.00099031
1.0139 0.000991981
1.01392 0.000993443
1.01394 0.000994722
1.01397 0.000995841
1.01399 0.00099682
1.01402 0.000997677
1.01404 0.000998427
1.01407 0.000999083
1.01409 0.000999657
1.01412 0.00100016
1.01414 0.0010006
1.01416 0.00100098
1.01419 0.00100132
1.01421 0.00100161
1.01424 0.00100187
1.01426 0.0010021
1.01429 0.00100535
1.01431 0.0010082
1.01434 0.0010107
1.01436 0.00101288
1.01438 0.00101479
1.01441 0.00101646
1.01443 0.00101792
1.01446 0.0010192
1.01448 0.00102032
1.01451 0.0010213
1.01453 0.00102216
1.01456 0.00102291
1.01458 0.00102356
1.01461 0.00102414
1.01463 0.00102464
1.01465 0.00102508
1.01468 0.00102546
1.0147 0.0010258
1.01473 0.00102609
1.01475 0.00102635
1.01478 0.00102658
1.0148 0.00102983
1.01483 0.00103268
1.01485 0.00103518
1.01487 0.00103736
1.0149 0.00103927
1.01492 0.00104094
1.01495 0.0010424
1.01497 0.00104368
1.015 0.0010448
1.01502 0.00104578
1.01505 0.00104664
1.01507 0.00104739
1.01509 0.00104804
1.01512 0.00104862
1.01514 0.00104912
1.01517 0.00104956
1.01519 0.00104994
1.01522 0.00105028
1.01524 0.00105057
1.01527 0.00105083
1.01529 0.00105106
1.01531 0.00105431
1.01534 0.00105717
1.01536 0.00105966
1.01539 0.00106184
1.01541 0.00106375
1.01544 0.00106542
1.01546 0.00106688
1.01549 0.00106816
1.01551 0.00106928
1.01554 0.00107026
1.01556 0.00107112
1.01558 0.00107187
1.01561 0.00107252
1.01563 0.0010731
1.01566 0.0010736
1.01568 0.00107404
1.01571 0.00107442
1.01573 0.00107476
1.01576 0.00107506
1.01578 0.00107531
1.0158 0.00107554
1.01583 0.0010788
1.01585 0.00108165
1.01588 0.00108414
1.0159 0.00108632
1.01593 0.00108823
1.01595 0.0010899
1.01598 0.00109136
1.016 0.00109264
1.01602 0.00109376
1.01605 0.00109474
1.01607 0.0010956
1.0161 0.00109635
1.01612 0.001097
1.01615 0.00109758
1.01617 0.00109808
1.0162 0.00109852
1.01622 0.0010989
1.01625 0.00109924
1.01627 0.00109954
1.01629 0.00109979
1.01632 0.00110002
1.01634 0.00110327
1.01637 0.00110612
1.01639 0.00110862
1.01642 0.0011108
1.01644 0.00111271
1.01647 0.00111438
1.01649 0.00111584
1.01651 0.00111712
1.01654 0.00111824
1.01656 0.00111922
1.01659 0.00112008
1.01661 0.00112083
1.01664 0.00112148
1.01666 0.00112206
1.01669 0.00112256
1.01671 0.001123
1.01673 0.00112338
1.01676 0.00112372
1.01678 0.00112401
1.01681 0.00112427
1.01683 0.0011245
1.01686 0.00112776
1.01688 0.00113061
1.01691 0.0011331
1.01693 0.00113528
1.01696 0.00113719
1.01698 0.00113886
1.017 0.00114032
1.01703 0.0011416
1.01705 0.00114272
1.01708 0.0011437
1.0171 0.00114456
1.01713 0.00114531
1.01715 0.00114596
1.01718 0.00114654
1.0172 0.00114704
1.01722 0.00114748
1.01725 0.00114786
1.01727 0.0011482
1.0173 0.0011485
1.01732 0.00114875
1.01735 0.00114898
1.01737 0.00115223
1.0174 0.00115508
1.01742 0.00115758
1.01744 0.00115976
1.01747 0.00116167
1.01749 0.00116334
1.01752 0.0011648
1.01754 0.00116608
1.01757 0.0011672
1.01759 0.00116818
1.01762 0.00116904
1.01764 0.00116979
1.01767 0.00117044
1.01769 0.00117102
1.01771 0.00117152
1.01774 0.00117196
1.01776 0.00117234
1.01779 0.00117268
1.01781 0.00117297
1.01784 0.00117323
1.01786 0.00117346
1.01789 0.00117672
1.01791 0.00117957
1.01793 0.00118206
1.01796 0.00118424
1.01798 0.00118615
1.01801 0.00118782
1.01803 0.00118928
1.01806 0.00119056
1.01808 0.00119168
1.01811 0.00119266
1.01813 0.00119352
1.01815 0.00119427
1.01818 0.00119492
1.0182 0.0011955
1.01823 0.001196
1.01825 0.00119644
1.01828 0.00119682
1.0183 0.00119716
1.01833 0.00119746
1.01835 0.00119771
1.01837 0.00119794
1.0184 0.00120119
1.01842 0.00120404
1.01845 0.00120654
1.01847 0.00120872
1.0185 0.00121063
1.01852 0.0012123
1.01855 0.00121376
1.01857 0.00121504
1.0186 0.00121616
1.01862 0.00121714
1.01864 0.001218
1.01867 0.00121875
1.01869 0.0012194
1.01872 0.00121998
1.01874 0.00122048
1.01877 0.00122092
1.01879 0.0012213
1.01882 0.00122164
1.01884 0.00122193
1.01886 0.00122219
1.01889 0.00122242
1.01891 0.00122567
1.01894 0.00122852
1.01896 0.00123102
1.01899 0.0012332
1.01901 0.00123511
1.01904 0.00123678
1.01906 0.00123824
1.01908 0.00123952
1.01911 0.00124064
1.01913 0.00124162
1.01916 0.00124248
1.01918 0.00124323
1.01921 0.00124388
1.01923 0.00124446
1.01926 0.00124496
1.01928 0.0012454
1.01931 0.00124578
1.01933 0.00124612
1.01935 0.00124641
1.01938 0.00124667
1.0194 0.0012469
1.01943 0.00125015
1.01945 0.001253
1.01948 0.0012555
1.0195 0.00125768
1.01953 0.00125959
1.01955 0.00126126
1.01957 0.00126272
1.0196 0.001264
1.01962 0.00126512
1.01965 0.0012661
1.01967 0.00126696
1.0197 0.00126771
1.01972 0.00126836
1.01975 0.00126894
1.01977 0.00126944
1.01979 0.00126988
1.01982 0.00127026
1.01984 0.0012706
1.01987 0.00127089
1.01989 0.00127115
1.01992 0.00127138
1.01994 0.00127464
1.01997 0.00127749
1.01999 0.00127998
1.02002 0.00128216
1.02004 0.00128407
1.02006 0.00128574
1.02009 0.0012872
1.02011 0.00128848
1.02014 0.0012896
1.02016 0.00129058
1.02019 0.00129144
1.02021 0.00129219
1.02024 0.00129284
1.02026 0.00129342
1.02028 0.00129392
1.02031 0.00129436
1.02033 0.00129474
1.02036 0.00129508
1.02038 0.00129538
1.02041 0.00129563
1.02043 0.00129586
1.02046 0.00129911
1.02048 0.00130196
1.0205 0.00130446
1.02053 0.00130664
1.02055 0.00130855
1.02058 0.00131022
1.0206 0.00131168
1.02063 0.00131296
1.02065 0.00131408
1.02068 0.00131506
1.0207 0.00131592
1.02073 0.00131667
1.02075 0.00131732
1.02077 0.0013179
1.0208 0.0013184
1.02082 0.00131884
1.02085 0.00131922
1.02087 0.00131956
1.0209 0.00131985
1.02092 0.00132011
1.02095 0.00132034
1.02097 0.00132359
1.02099 0.00132644
1.02102 0.00132894
1.02104 0.00133112
1.02107 0.00133303
1.02109 0.0013347
1.02112 0.00133616
1.02114 0.00133744
1.02117 0.00133856
1.02119 0.00133954
1.02121 0.0013404
1.02124 0.00134115
1.02126 0.0013418
1.02129 0.00134238
1.02131 0.00134288
1.02134 0.00134332
1.02136 0.0013437
1.02139 0.00134404
1.02141 0.00134433
1.02143 0.00134459
1.02146 0.00134482
1.02148 0.00134808
1.02151 0.00135092
1.02153 0.00135342
1.02156 0.0013556
1.02158 0.00135751
1.02161 0.00135918
1.02163 0.00136064
1.02166 0.00136192
1.02168 0.00136304
1.0217 0.00136402
1.02173 0.00136488
1.02175 0.00136563
1.02178 0.00136628
1.0218 0.00136686
1.02183 0.00136736
1.02185 0.0013678
1.02188 0.00136818
1.0219 0.00136852
1.02192 0.00136882
1.02195 0.00136907
1.02197 0.0013693
1.022 0.00137255
1.02202 0.0013754
1.02205 0.0013779
1.02207 0.00138008
1.0221 0.00138199
1.02212 0.00138366
1.02214 0.00138512
1.02217 0.0013864
1.02219 0.00138752
1.02222 0.0013885
1.02224 0.00138936
1.02227 0.00139011
1.02229 0.00139076
1.02232 0.00139134
1.02234 0.00139184
1.02237 0.00139228
1.02239 0.00139266
1.02241 0.001393
1.02244 0.00139329
1.02246 0.00139355
1.02249 0.00139378
1.02251 0.00139704
1.02254 0.00139989
1.02256 0.00140238
1.02259 0.00140456
1.02261 0.00140647
1.02263 0.00140814
1.02266 0.0014096
1.02268 0.00141088
1.02271 0.001412
1.02273 0.00141298
1.02276 0.00141384
1.02278 0.00141459
1.02281 0.00141524
1.02283 0.00141582
1.02285 0.00141632
1.02288 0.00141676
1.0229 0.00141714
1.02293 0.00141748
1.02295 0.00141778
1.02298 0.00141803
1.023 0.00141826
1.02303 0.00142151
1.02305 0.00142436
1.02308 0.00142686
1.0231 0.00142904
1.02312 0.00143095
1.02315 0.00143262
1.02317 0.00143408
1.0232 0.00143536
1.02322 0.00143648
1.02325 0.00143746
1.02327 0.00143832
1.0233 0.00143907
1.02332 0.00143972
1.02334 0.0014403
1.02337 0.0014408
1.02339 0.00144124
1.02342 0.00144162
1.02344 0.00144196
1.02347 0.00144225
1.02349 0.00144251
1.02352 0.00144274
1.02354 0.001446
1.02356 0.00144885
1.02359 0.00145134
1.02361 0.00145352
1.02364 0.00145543
1.02366 0.0014571
1.02369 0.00145856
1.02371 0.00145984
1.02374 0.00146096
1.02376 0.00146194
1.02379 0.0014628
1.02381 0.00146355
1.02383 0.0014642
1.02386 0.00146478
1.02388 0.00146528
1.02391 0.00146572
1.02393 0.0014661
1.02396 0.00146644
1.02398 0.00146674
1.02401 0.00146699
1.02403 0.00146722
1.02405 0.00147047
1.02408 0.00147332
1.0241 0.00147582
1.02413 0.001478
1.02415 0.00147991
1.02418 0.00148158
1.0242 0.00148304
1.02423 0.00148432
1.02425 0.00148544
1.02427 0.00148642
1.0243 0.00148728
1.02432 0.00148803
1.02435 0.00148868
1.02437 0.00148926
1.0244 0.00148976
1.02442 0.0014902
1.02445 0.00149058
1.02447 0.00149092
1.02449 0.00149121
1.02452 0.00149147
1.02454 0.0014917
1.02457 0.00149496
1.02459 0.00149781
1.02462 0.0015003
1.02464 0.00150248
1.02467 0.00150439
1.02469 0.00150606
1.02472 0.00150752
1.02474 0.0015088
1.02476 0.00150992
1.02479 0.0015109
1.02481 0.00151176
1.02484 0.00151251
1.02486 0.00151316
1.02489 0.00151374
1.02491 0.00151424
1.02494 0.00151468
1.02496 0.00151506
1.02498 0.0015154
1.02501 0.0015157
1.02503 0.00151595
1.02506 0.00151618
1.02508 0.00151943
1.02511 0.00152228
1.02513 0.00152478
1.02516 0.00152696
1.02518 0.00152887
1.0252 0.00153054
1.02523 0.001532
1.02525 0.00153328
1.02528 0.0015344
1.0253 0.00153538
1.02533 0.00153624
1.02535 0.00153699
1.02538 0.00153764
1.0254 0.00153822
1.02543 0.00153872
1.02545 0.00153916
1.02547 0.00153954
1.0255 0.00153988
1.02552 0.00154017
1.02555 0.00154043
1.02557 0.00154066
1.0256 0.00154391
1.02562 0.00154676
1.02565 0.00154926
1.02567 0.00155144
1.02569 0.00155335
1.02572 0.00155502
1.02574 0.00155648
1.02577 0.00155776
1.02579 0.00155888
1.02582 0.00155986
1.02584 0.00156072
1.02587 0.00156147
1.02589 0.00156212
1.02591 0.0015627
1.02594 0.0015632
1.02596 0.00156364
1.02599 0.00156402
1.02601 0.00156436
1.02604 0.00156465
1.02606 0.00156491
1.02609 0.00156514
1.02611 0.00156839
1.02614 0.00157124
1.02616 0.00157374
1.02618 0.00157592
1.02621 0.00157783
1.02623 0.0015795
1.02626 0.00158096
1.02628 0.00158224
1.02631 0.00158336
1.02633 0.00158434
1.02636 0.0015852
1.02638 0.00158595
1.0264 0.0015866
1.02643 0.00158718
1.02645 0.00158768
1.02648 0.00158812
1.0265 0.0015885
1.02653 0.00158884
1.02655 0.00158913
1.02658 0.00158939
1.0266 0.00158962
1.02662 0.00159288
1.02665 0.00159573
1.02667 0.00159822
1.0267 0.0016004
1.02672 0.00160231
1.02675 0.00160398
1.02677 0.00160544
1.0268 0.00160672
1.02682 0.00160784
1.02685 0.00160882
1.02687 0.00160968
1.02689 0.00161043
1.02692 0.00161108
1.02694 0.00161166
1.02697 0.00161216
1.02699 0.0016126
1.02702 0.00161298
1.02704 0.00161332
1.02707 0.00161362
1.02709 0.00161387
1.02711 0.0016141
1.02714 0.00161736
1.02716 0.0016202
1.02719 0.0016227
1.02721 0.00162488
1.02724 0.00162679
1.02726 0.00162846
1.02729 0.00162992
1.02731 0.0016312
1.02733 0.00163232
1.02736 0.0016333
1.02738 0.00163416
1.02741 0.00163491
1.02743 0.00163556
1.02746 0.00163614
1.02748 0.00163664
1.02751 0.00163708
1.02753 0.00163746
1.02755 0.0016378
1.02758 0.0016381
1.0276 0.00163835
1.02763 0.00163858
1.02765 0.00164183
1.02768 0.00164468
1.0277 0.00164718
1.02773 0.00164936
1.02775 0.00165127
1.02778 0.00165294
1.0278 0.0016544
1.02782 0.00165568
1.02785 0.0016568
1.02787 0.00165778
1.0279 0.00165864
1.02792 0.00165939
1.02795 0.00166004
1.02797 0.00166062
1.028 0.00166112
1.02802 0.00166156
1.02804 0.00166194
1.02807 0.00166228
1.02809 0.00166257
1.02812 0.00166283
1.02814 0.00166306
1.02817 0.00166632
1.02819 0.00166917
1.02822 0.00167166
1.02824 0.00167384
1.02826 0.00167575
1.02829 0.00167742
1.02831 0.00167888
1.02834 0.00168016
1.02836 0.00168128
1.02839 0.00168226
1.02841 0.00168312
1.02844 0.00168387
1.02846 0.00168452
1.02849 0.0016851
1.02851 0.0016856
1.02853 0.00168604
1.02856 0.00168642
1.02858 0.00168676
1.02861 0.00168706
1.02863 0.00168731
1.02866 0.00168754
1.02868 0.00169079
1.02871 0.00169364
1.02873 0.00169614
1.02875 0.00169832
1.02878 0.00170023
1.0288 0.0017019
1.02883 0.00170336
1.02885 0.00170464
1.02888 0.00170576
1.0289 0.00170674
1.02893 0.0017076
1.02895 0.00170835
1.02897 0.001709
1.029 0.00170958
1.02902 0.00171008
1.02905 0.00171052
1.02907 0.0017109
1.0291 0.00171124
1.02912 0.00171153
1.02915 0.00171179
1.02917 0.00171202
1.0292 0.00171528
1.02922 0.00171813
1.02924 0.00172062
1.02927 0.0017228
1.02929 0.00172471
1.02932 0.00172638
1.02934 0.00172784
1.02937 0.00172912
1.02939 0.00173024
1.02942 0.00173122
1.02944 0.00173208
1.02946 0.00173283
1.02949 0.00173348
1.02951 0.00173406
1.02954 0.00173456
1.02956 0.001735
1.02959 0.00173538
1.02961 0.00173572
1.02964 0.00173602
1.02966 0.00173627
1.02968 0.0017365
1.02971 0.00173975
1.02973 0.0017426
1.02976 0.0017451
1.02978 0.00174728
1.02981 0.00174919
1.02983 0.00175086
1.02986 0.00175232
1.02988 0.0017536
1.02991 0.00175472
1.02993 0.0017557
1.02995 0.00175656
1.02998 0.00175731
1.03 0.00175796
1.03003 0.00175854
1.03005 0.00175904
1.03008 0.00175948
1.0301 0.00175986
1.03013 0.0017602
1.03015 0.00176049
1.03017 0.00176075
1.0302 0.00176098
1.03022 0.00176423
1.03025 0.00176709
1.03027 0.00176958
1.0303 0.00177176
1.03032 0.00177367
1.03035 0.00177534
1.03037 0.0017768
1.03039 0.00177808
1.03042 0.0017792
1.03044 0.00178018
1.03047 0.00178104
1.03049 0.00178179
1.03052 0.00178244
1.03054 0.00178302
1.03057 0.00178352
1.03059 0.00178396
1.03061 0.00178434
1.03064 0.00178468
1.03066 0.00178497
1.03069 0.00178523
1.03071 0.00178546
1.03074 0.00178871
1.03076 0.00179156
1.03079 0.00179406
1.03081 0.00179624
1.03084 0.00179815
1.03086 0.00179982
1.03088 0.00180128
1.03091 0.00180256
1.03093 0.00180368
1.03096 0.00180466
1.03098 0.00180552
1.03101 0.00180627
1.03103 0.00180692
1.03106 0.0018075
1.03108 0.001808
1.0311 0.00180844
1.03113 0.00180882
1.03115 0.00180916
1.03118 0.00180945
1.0312 0.00180971
1.03123 0.00180994
1.03125 0.0018132
1.03128 0.00181605
1.0313 0.00181854
1.03132 0.00182072
1.03135 0.00182263
1.03137 0.0018243
1.0314 0.00182576
1.03142 0.00182704
1.03145 0.00182816
1.03147 0.00182914
1.0315 0.00183
1.03152 0.00183075
1.03155 0.0018314
1.03157 0.00183198
1.03159 0.00183248
1.03162 0.00183292
1.03164 0.0018333
1.03167 0.00183364
1.03169 0.00183394
1.03172 0.00183419
1.03174 0.00183442
1.03177 0.00183767
1.03179 0.00184052
1.03181 0.00184302
1.03184 0.0018452
1.03186 0.00184711
1.03189 0.00184878
1.03191 0.00185024
1.03194 0.00185152
1.03196 0.00185264
1.03199 0.00185362
1.03201 0.00185448
1.03203 0.00185523
1.03206 0.00185588
1.03208 0.00185646
1.03211 0.00185696
1.03213 0.0018574
1.03216 0.00185778
1.03218 0.00185812
1.03221 0.00185841
1.03223 0.00185867
1.03226 0.0018589
1.03228 0.00186215
1.0323 0.001865
1.03233 0.0018675
1.03235 0.00186968
1.03238 0.00187159
1.0324 0.00187326
1.03243 0.00187472
1.03245 0.001876
1.03248 0.00187712
1.0325 0.0018781
1.03252 0.00187896
1.03255 0.00187971
1.03257 0.00188036
1.0326 0.00188094
1.03262 0.00188144
1.03265 0.00188188
1.03267 0.00188226
1.0327 0.0018826
1.03272 0.00188289
1.03274 0.00188315
1.03277 0.00188338
1.03279 0.00188664
1.03282 0.00188948
1.03284 0.00189198
1.03287 0.00189416
1.03289 0.00189607
1.03292 0.00189774
1.03294 0.0018992
1.03297 0.00190048
1.03299 0.0019016
1.03301 0.00190258
1.03304 0.00190344
1.03306 0.00190419
1.03309 0.00190484
1.03311 0.00190542
1.03314 0.00190592
1.03316 0.00190636
1.03319 0.00190674
1.03321 0.00190708
1.03323 0.00190737
1.03326 0.00190763
1.03328 0.00190786
1.03331 0.00191111
1.03333 0.00191396
1.03336 0.00191646
1.03338 0.00191864
1.03341 0.00192055
1.03343 0.00192222
1.03345 0.00192368
1.03348 0.00192496
1.0335 0.00192608
1.03353 0.00192706
1.03355 0.00192792
1.03358 0.00192867
1.0336 0.00192932
1.03363 0.0019299
1.03365 0.0019304
1.03367 0.00193084
1.0337 0.00193122
1.03372 0.00193156
1.03375 0.00193185
1.03377 0.00193211
1.0338 0.00193234
1.03382 0.0019356
1.03385 0.00193845
1.03387 0.00194094
1.0339 0.00194312
1.03392 0.00194503
1.03394 0.0019467
1.03397 0.00194816
1.03399 0.00194944
1.03402 0.00195056
1.03404 0.00195154
1.03407 0.0019524
1.03409 0.00195315
1.03412 0.0019538
1.03414 0.00195438
1.03416 0.00195488
1.03419 0.00195532
1.03421 0.0019557
1.03424 0.00195604
1.03426 0.00195634
1.03429 0.00195659
1.03431 0.00195682
1.03434 0.00196007
1.03436 0.00196292
1.03438 0.00196542
1.03441 0.0019676
1.03443 0.00196951
1.03446 0.00197118
1.03448 0.00197264
1.03451 0.00197392
1.03453 0.00197504
1.03456 0.00197602
1.03458 0.00197688
1.03461 0.00197763
1.03463 0.00197828
1.03465 0.00197886
1.03468 0.00197936
1.0347 0.0019798
1.03473 0.00198018
1.03475 0.00198052
1.03478 0.00198081
1.0348 0.00198107
1.03483 0.0019813
1.03485 0.00198455
1.03487 0.0019874
1.0349 0.0019899
1.03492 0.00199208
1.03495 0.00199399
1.03497 0.00199566
1.035 0.00199712
1.03502 0.0019984
1.03505 0.00199952
1.03507 0.0020005
1.03509 0.00200136
1.03512 0.00200211
1.03514 0.00200276
1.03517 0.00200334
1.03519 0.00200384
1.03522 0.00200428
1.03524 0.00200466
1.03527 0.002005
1.03529 0.00200529
1.03532 0.00200555
1.03534 0.00200578
1.03536 0.00200904
1.03539 0.00201189
1.03541 0.00201438
1.03544 0.00201656
1.03546 0.00201847
1.03549 0.00202014
1.03551 0.0020216
1.03554 0.00202288
1.03556 0.002024
1.03558 0.00202498
1.03561 0.00202584
1.03563 0.00202659
1.03566 0.00202724
1.03568 0.00202782
1.03571 0.00202832
1.03573 0.00202876
1.03576 0.00202914
1.03578 0.00202948
1.0358 0.00202978
1.03583 0.00203003
1.03585 0.00203026
1.03588 0.00203352
1.0359 0.00203637
1.03593 0.00203886
1.03595 0.00204104
1.03598 0.00204295
1.036 0.00204462
1.03603 0.00204608
1.03605 0.00204736
1.03607 0.00204848
1.0361 0.00204946
1.03612 0.00205032
1.03615 0.00205107
1.03617 0.00205172
1.0362 0.0020523
1.03622 0.0020528
1.03625 0.00205324
1.03627 0.00205362
1.03629 0.00205396
1.03632 0.00205426
1.03634 0.00205451
1.03637 0.00205474
1.03639 0.00205799
1.03642 0.00206084
1.03644 0.00206334
1.03647 0.00206552
1.03649 0.00206743
1.03651 0.0020691
1.03654 0.00207056
1.03656 0.00207184
1.03659 0.00207296
1.03661 0.00207394
1.03664 0.0020748
1.03666 0.00207555
1.03669 0.0020762
1.03671 0.00207678
1.03673 0.00207728
1.03676 0.00207772
1.03678 0.0020781
1.03681 0.00207844
1.03683 0.00207873
1.03686 0.00207899
1.03688 0.00207922
1.03691 0.00208247
1.03693 0.00208532
1.03696 0.00208782
1.03698 0.00209
1.037 0.00209191
1.03703 0.00209358
1.03705 0.00209504
1.03708 0.00209632
1.0371 0.00209744
1.03713 0.00209842
1.03715 0.00209928
1.03718 0.00210003
1.0372 0.00210068
1.03722 0.00210126
1.03725 0.00210176
1.03727 0.0021022
1.0373 0.00210258
1.03732 0.00210292
1.03735 0.00210321
1.03737 0.00210347
1.0374 0.0021037
1.03742 0.00210695
1.03744 0.00210981
1.03747 0.0021123
1.03749 0.00211448
1.03752 0.00211639
1.03754 0.00211806
1.03757 0.00211952
1.03759 0.0021208
1.03762 0.00212192
1.03764 0.0021229
1.03767 0.00212376
1.03769 0.00212451
1.03771 0.00212516
1.03774 0.00212574
1.03776 0.00212624
1.03779 0.00212668
1.03781 0.00212706
1.03784 0.0021274
1.03786 0.00212769
1.03789 0.00212795
1.03791 0.00212818
1.03793 0.00213144
1.03796 0.00213429
1.03798 0.00213678
1.03801 0.00213896
1.03803 0.00214087
1.03806 0.00214254
1.03808 0.002144
1.03811 0.00214528
1.03813 0.0021464
1.03815 0.00214738
1.03818 0.00214824
1.0382 0.00214899
1.03823 0.00214964
1.03825 0.00215022
1.03828 0.00215072
1.0383 0.00215116
1.03833 0.00215154
1.03835 0.00215188
1.03838 0.00215218
1.0384 0.00215243
1.03842 0.00215266
1.03845 0.00215592
1.03847 0.00215876
1.0385 0.00216126
1.03852 0.00216344
1.03855 0.00216535
1.03857 0.00216702
1.0386 0.00216848
1.03862 0.00216976
1.03864 0.00217088
1.03867 0.00217186
1.03869 0.00217272
1.03872 0.00217347
1.03874 0.00217412
1.03877 0.0021747
1.03879 0.0021752
1.03882 0.00217564
1.03884 0.00217602
1.03886 0.00217636
1.03889 0.00217665
1.03891 0.00217691
1.03894 0.00217714
1.03896 0.00217733
1.03899 0.00217751
1.03901 0.00217766
1.03904 0.00217779
1.03906 0.00217791
1.03909 0.00217801
1.03911 0.0021781
1.03913 0.00217817
1.03916 0.00217824
1.03918 0.0021783
1.03921 0.00217835
1.03923 0.0021784
1.03926 0.00217844
1.03928 0.00217847
1.03931 0.0021785
1.03933 0.00217853
1.03935 0.00217855
1.03938 0.00217857
1.0394 0.00217859
1.03943 0.00217861
1.03945 0.00217862
1.03948 0.00217863
1.0395 0.00217864
1.03953 0.00217865
1.03955 0.00217866
1.03957 0.00217867
1.0396 0.00217867
1.03962 0.00217868
1.03965 0.00217868
1.03967 0.00217869
1.0397 0.00217869
1.03972 0.00217869
1.03975 0.0021787
1.03977 0.0021787
1.03979 0.0021787
1.03982 0.0021787
1.03984 0.0021787
1.03987 0.00217871
1.03989 0.00217871
1.03992 0.00217871
1.03994 0.00217871
1.03997 0.00217871
1.03999 0.00217871
1.04002 0.00217871
1.04004 0.00217871
1.10218 0.00217997
1.10221 0.00218118
1.10223 0.00218224
1.10225 0.00218317
1.10228 0.00218398
1.1023 0.00218469
1.10233 0.00218531
1.10235 0.00218585
1.10238 0.00218633
1.1024 0.00218675
1.10243 0.00218711
1.10245 0.00218743
1.10247 0.00218771
1.1025 0.00218795
1.10252 0.00218817
1.10255 0.00218835
1.10257 0.00218852
1.1026 0.00218866
1.10262 0.00218878
1.10265 0.00218889
1.10267 0.00218899
1.1027 0.00218907
1.10272 0.00218915
1.10274 0.00218921
1.10277 0.00218927
1.10279 0.00218932
1.10282 0.00218936
1.10284 0.0021894
1.10287 0.00218943
1.10289 0.00218946
1.10292 0.00218948
1.10294 0.00218951
1.10296 0.00218952
1.10299 0.00218954
1.10301 0.00218956
1.10304 0.00218957
1.10306 0.00218958
1.10309 0.00218959
1.10311 0.0021896
1.10314 0.00218961
1.10316 0.00218961
1.10318 0.00218962
1.10321 0.00218963
1.10323 0.00218963
1.10326 0.00218963
1.10328 0.00218964
1.10331 0.00218964
1.10333 0.00218964
1.10336 0.00218965
1.10338 0.00218965
1.1034 0.00218965
1.10343 0.00218965
1.10345 0.00218965
1.10348 0.00218965
1.1035 0.00218965
1.10353 0.00218965
1.10355 0.00218965
1.10358 0.00218966
1.1036 0.00218966
1.10436 0.0021884
1.10438 0.00218719
1.10441 0.00218613
1.10443 0.00218521
1.10446 0.00218439
1.10448 0.00218368
1.10451 0.00218306
1.10453 0.00218252
1.10456 0.00218205
1.10458 0.00218163
1.1046 0.00218126
1.10463 0.00218095
1.10465 0.00218067
1.10468 0.00218042
1.1047 0.00218021
1.10473 0.00218002
1.10475 0.00217986
1.10478 0.00217972
1.1048 0.00217959
1.10482 0.00217948
1.10485 0.00217939
1.10487 0.0021793
1.1049 0.00217923
1.10492 0.00217917
1.10495 0.00217911
1.10497 0.00217906
1.105 0.00217902
1.10502 0.00217898
1.10505 0.00217895
1.10507 0.00217892
1.10509 0.00217889
1.10512 0.00217887
1.10514 0.00217885
1.10517 0.00217884
1.10519 0.00217882
1.10522 0.00217881
1.10524 0.0021788
1.10527 0.00217879
1.10529 0.00217878
1.10531 0.00217877
1.10534 0.00217876
1.10536 0.00217876
1.10539 0.00217875
1.10541 0.00217875
1.10544 0.00217874
1.10546 0.00217874
1.10549 0.00217874
1.10551 0.00217873
1.10553 0.00217873
1.10556 0.00217873
1.10558 0.00217873
1.10561 0.00217873
1.10563 0.00217873
1.10566 0.00217872
1.10568 0.00217872
1.10571 0.00217872
1.10573 0.00217872
1.10576 0.00217872
1.10578 0.00217872
1.30219 0.00218009
1.30222 0.00218128
1.30224 0.00218233
1.30227 0.00218325
1.30229 0.00218405
1.30232 0.00218475
1.30234 0.00218536
1.30236 0.0021859
1.30239 0.00218637
1.30241 0.00218678
1.30244 0.00218714
1.30246 0.00218746
1.30249 0.00218773
1.30251 0.00218797
1.30254 0.00218819
1.30256 0.00218837
1.30259 0.00218853
1.30261 0.00218867
1.30263 0.00218879
1.30266 0.0021889
1.30268 0.002189
1.30271 0.00218908
1.30273 0.00218915
1.30276 0.00218922
1.30278 0.00218927
1.30281 0.00218932
1.30283 0.00218936
1.30285 0.0021894
1.30288 0.00218943
1.3029 0.00218946
1.30293 0.00218949
1.30295 0.00218951
1.30298 0.00218953
1.303 0.00218954
1.30303 0.00218956
1.30305 0.00218957
1.30307 0.00218958
1.3031 0.00218959
1.30312 0.0021896
1.30315 0.00218961
1.30317 0.00218961
1.3032 0.00218962
1.30322 0.00218963
1.30325 0.00218963
1.30327 0.00218963
1.3033 0.00218964
1.30332 0.00218964
1.30334 0.00218964
1.30337 0.00218965
1.30339 0.00218965
1.30342 0.00218965
1.30344 0.00218965
1.30347 0.00218965
1.30349 0.00218965
1.30352 0.00218965
1.30354 0.00218965
1.30356 0.00218965
1.30359 0.00218966
1.30361 0.00218966
1.30437 0.00218829
1.3044 0.00218709
1.30442 0.00218605
1.30445 0.00218513
1.30447 0.00218433
1.30449 0.00218363
1.30452 0.00218301
1.30454 0.00218248
1.30457 0.002182
1.30459 0.00218159
1.30462 0.00218123
1.30464 0.00218092
1.30467 0.00218064
1.30469 0.0021804
1.30471 0.00218019
1.30474 0.00218001
1.30476 0.00217985
1.30479 0.00217971
1.30481 0.00217958
1.30484 0.00217947
1.30486 0.00217938
1.30489 0.0021793
1.30491 0.00217922
1.30494 0.00217916
1.30496 0.0021791
1.30498 0.00217906
1.30501 0.00217901
1.30503 0.00217898
1.30506 0.00217894
1.30508 0.00217892
1.30511 0.00217889
1.30513 0.00217887
1.30516 0.00217885
1.30518 0.00217883
1.3052 0.00217882
1.30523 0.0021788
1.30525 0.00217879
1.30528 0.00217878
1.3053 0.00217878
1.30533 0.00217877
1.30535 0.00217876
1.30538 0.00217876
1.3054 0.00217875
1.30542 0.00217875
1.30545 0.00217874
1.30547 0.00217874
1.3055 0.00217874
1.30552 0.00217873
1.30555 0.00217873
1.30557 0.00217873
1.3056 0.00217873
1.30562 0.00217873
1.30565 0.00217873
1.30567 0.00217872
1.30569 0.00217872
1.30572 0.00217872
1.30574 0.00217872
1.30577 0.00217872
1.30579 0.00217872
2.00218 0.0021795
2.00221 0.00218018
2.00223 0.00218078
2.00225 0.0021813
2.00228 0.00218176
2.0023 0.00218216
2.00233 0.00218251
2.00235 0.00218281
2.00238 0.00218308
2.0024 0.00218332
2.00243 0.00218352
2.00245 0.0021837
2.00247 0.00218386
2.0025 0.00218399
2.00252 0.00218411
2.00255 0.00218422
2.00257 0.00218431
2.0026 0.00218439
2.00262 0.00218446
2.00265 0.00218453
2.00267 0.00218458
2.00269 0.00218463
2.00272 0.00218467
2.00274 0.0021847
2.00277 0.00218474
2.00279 0.00218476
2.00282 0.00218479
2.00284 0.00218481
2.00287 0.00218483
2.00289 0.00218484
2.00292 0.00218486
2.00294 0.00218487
2.00296 0.00218488
2.00299 0.00218489
2.00301 0.0021849
2.00304 0.00218491
2.00306 0.00218491
2.00309 0.00218492
2.00311 0.00218492
2.00314 0.00218493
2.00316 0.00218493
2.00318 0.00218493
2.00321 0.00218494
2.00323 0.00218494
2.00326 0.00218494
2.00328 0.00218494
2.00331 0.00218494
2.00333 0.00218495
2.00336 0.00218495
2.00338 0.00218495
2.0034 0.00218495
2.00343 0.00218495
2.00345 0.00218495
2.00348 0.00218495
2.0035 0.00218495
2.00434 0.00218571
2.00461 0.0022162
2.00463 0.00224287
2.00466 0.00226621
2.00468 0.00228664
2.00471 0.00230451
2.00473 0.00232014
2.00476 0.00233382
2.00478 0.0023458
2.00481 0.00235627
2.00483 0.00236544
2.00486 0.00237346
2.00488 0.00238047
2.0049 0.00238661
2.00493 0.00239199
2.00495 0.00239669
2.00498 0.0024008
2.005 0.0024044
2.00503 0.00240755
2.00505 0.00241031
2.00508 0.00241272
2.0051 0.00241483
2.00512 0.00241667
2.00515 0.00241829
2.00517 0.0024197
2.0052 0.00242094
2.00522 0.00242202
2.00525 0.00242297
2.00527 0.0024238
2.0053 0.00242452
2.00532 0.00242516
2.00534 0.00242571
2.00537 0.0024262
2.00539 0.00242662
2.00542 0.00242699
2.00544 0.00242732
2.00547 0.0024276
2.00549 0.00242785
2.00552 0.00242807
2.00554 0.00242826
2.00557 0.00242843
2.00559 0.00242858
2.00561 0.0024287
2.00564 0.00242881
2.00566 0.00242891
2.00569 0.002429
2.00571 0.00242907
2.00574 0.00242914
2.00576 0.00242919
2.00579 0.00242925
2.00581 0.00242929
2.00583 0.00242933
2.00586 0.00242936
2.00588 0.00242939
2.00591 0.00242942
2.00593 0.00242944
2.00596 0.00242946
2.00598 0.00242948
2.00601 0.00242949
2.00603 0.0024295
2.00605 0.00242952
2.00608 0.00242953
2.0061 0.00242954
2.00613 0.00242954
2.00615 0.00242955
2.00618 0.00242956
2.0062 0.00242956
2.00623 0.00242956
2.00625 0.00242957
2.00628 0.00242957
2.0063 0.00242957
2.00632 0.00242958
2.00635 0.00242958
2.00637 0.00242958
2.0064 0.00242958
2.00642 0.00242959
2.00645 0.00242959
2.00647 0.00242959
2.0065 0.00242959
2.00652 0.00242959
2.00654 0.00242959
2.00657 0.00242959
2.00659 0.00242959
2.00676 0.00242883
2.00716 0.00244347
2.00718 0.00245627
2.00721 0.00246748
2.00723 0.00247728
2.00725 0.00248586
2.00728 0.00249337
2.0073 0.00249994
2.00733 0.00250569
2.00735 0.00251071
2.00738 0.00251511
2.0074 0.00251896
2.00743 0.00252233
2.00745 0.00252528
2.00747 0.00252786
2.0075 0.00253012
2.00752 0.00253209
2.00755 0.00253382
2.00757 0.00253533
2.0076 0.00253666
2.00762 0.00253781
2.00765 0.00253883
2.00767 0.00253971
2.00769 0.00254049
2.00772 0.00254117
2.00774 0.00254176
2.00777 0.00254228
2.00779 0.00254273
2.00782 0.00254313
2.00784 0.00254348
2.00787 0.00254378
2.00789 0.00254405
2.00792 0.00254428
2.00794 0.00254449
2.00796 0.00254467
2.00799 0.00254482
2.00801 0.00254496
2.00804 0.00254508
2.00806 0.00254519
2.00809 0.00254528
2.00811 0.00254536
2.00814 0.00254543
2.00816 0.00254549
2.00818 0.00254554
2.00821 0.00254559
2.00823 0.00254563
2.00826 0.00254566
2.00828 0.0025457
2.00831 0.00254572
2.00833 0.00254575
2.00836 0.00254577
2.00838 0.00254579
2.0084 0.0025458
2.00843 0.00254582
2.00845 0.00254583
2.00848 0.00254584
2.0085 0.00254585
2.00853 0.00254586
2.00855 0.00254587
2.00858 0.00254587
2.0086 0.00254588
2.00863 0.00254588
2.00865 0.00254589
2.00867 0.00254589
2.0087 0.00254589
2.00872 0.0025459
2.00875 0.0025459
2.00877 0.0025459
2.0088 0.0025459
2.00882 0.00254591
2.00885 0.00254591
2.00887 0.00254591
2.00889 0.00254591
2.00892 0.00254591
2.00894 0.00254591
2.00897 0.00254591
2.00899 0.00254591
2.00902 0.00254591
2.01224 0.00254438
2.01226 0.00254304
2.01228 0.00254187
2.01231 0.00254085
2.01233 0.00253995
2.01236 0.00253917
2.01238 0.00253848
2.01241 0.00253788
2.01243 0.00253735
2.01246 0.00253689
2.01248 0.00253649
2.01251 0.00253614
2.01253 0.00253583
2.01255 0.00253556
2.01258 0.00253533
2.0126 0.00253512
2.01263 0.00253494
2.01265 0.00253478
2.01268 0.00253464
2.0127 0.00253452
2.01273 0.00253442
2.01275 0.00253432
2.01277 0.00253424
2.0128 0.00253417
2.01282 0.00253411
2.01285 0.00253406
2.01287 0.00253401
2.0129 0.00253397
2.01292 0.00253393
2.01295 0.0025339
2.01297 0.00253387
2.01299 0.00253385
2.01302 0.00253383
2.01304 0.00253381
2.01307 0.00253379
2.01309 0.00253378
2.01312 0.00253376
2.01314 0.00253375
2.01317 0.00253374
2.01319 0.00253374
2.01322 0.00253373
2.01324 0.00253372
2.01326 0.00253372
2.01329 0.00253371
2.01331 0.00253371
2.01334 0.0025337
2.01336 0.0025337
2.01339 0.0025337
2.01341 0.00253369
2.01344 0.00253369
2.01346 0.00253369
2.01348 0.00253369
2.01351 0.00253369
2.01353 0.00253369
2.01356 0.00253368
2.01358 0.00253368
2.01361 0.00253368
2.01363 0.00253368
2.01366 0.00253368
2.01368 0.00253368
2.01466 0.00251991
2.01468 0.00250786
2.01471 0.00249732
2.01473 0.00248809
2.01476 0.00248002
2.01478 0.00247296
2.01481 0.00246678
2.01483 0.00246137
2.01486 0.00245664
2.01488 0.0024525
2.0149 0.00244888
2.01493 0.0024457
2.01495 0.00244293
2.01498 0.0024405
2.015 0.00243838
2.01503 0.00243652
2.01505 0.0024349
2.01508 0.00243347
2.0151 0.00243223
2.01512 0.00243114
2.01515 0.00243019
2.01517 0.00242935
2.0152 0.00242862
2.01522 0.00242799
2.01525 0.00242743
2.01527 0.00242694
2.0153 0.00242651
2.01532 0.00242613
2.01534 0.00242581
2.01537 0.00242552
2.01539 0.00242527
2.01542 0.00242505
2.01544 0.00242486
2.01547 0.00242469
2.01549 0.00242455
2.01552 0.00242442
2.01554 0.0024243
2.01557 0.00242421
2.01559 0.00242412
2.01561 0.00242405
2.01564 0.00242398
2.01566 0.00242392
2.01569 0.00242387
2.01571 0.00242383
2.01574 0.00242379
2.01576 0.00242375
2.01579 0.00242372
2.01581 0.0024237
2.01583 0.00242367
2.01586 0.00242365
2.01588 0.00242364
2.01591 0.00242362
2.01593 0.00242361
2.01596 0.0024236
2.01598 0.00242359
2.01601 0.00242358
2.01603 0.00242357
2.01605 0.00242356
2.01608 0.00242356
2.0161 0.00242355
2.01613 0.00242355
2.01615 0.00242354
2.01618 0.00242354
2.0162 0.00242354
2.01623 0.00242354
2.01625 0.00242353
2.01628 0.00242353
2.0163 0.00242353
2.01632 0.00242353
2.01635 0.00242353
2.01637 0.00242353
2.0164 0.00242352
2.01642 0.00242352
2.01645 0.00242352
2.01647 0.00242352
2.0165 0.00242352
2.01953 0.00242658
2.01956 0.00242926
2.01958 0.0024316
2.0196 0.00243365
2.01963 0.00243544
2.01965 0.00243701
2.01968 0.00243838
2.0197 0.00243959
2.01973 0.00244064
2.01975 0.00244156
2.01978 0.00244236
2.0198 0.00244307
2.01982 0.00244368
2.01985 0.00244422
2.01987 0.00244469
2.0199 0.00244511
2.01992 0.00244547
2.01995 0.00244578
2.01997 0.00244606
2.02 0.0024463
2.02002 0.00244651
2.02005 0.0024467
2.02007 0.00244686
2.02009 0.002447
2.02012 0.00244713
2.02014 0.00244724
2.02017 0.00244733
2.02019 0.00244741
2.02022 0.00244749
2.02024 0.00244755
2.02027 0.00244761
2.02029 0.00244766
2.02031 0.0024477
2.02034 0.00244774
2.02036 0.00244777
2.02039 0.0024478
2.02041 0.00244782
2.02044 0.00244784
2.02046 0.00244786
2.02049 0.00244788
2.02051 0.00244789
2.02053 0.00244791
2.02056 0.00244792
2.02058 0.00244793
2.02061 0.00244794
2.02063 0.00244794
2.02066 0.00244795
2.02068 0.00244796
2.02071 0.00244796
2.02073 0.00244797
2.02076 0.00244797
2.02078 0.00244797
2.0208 0.00244798
2.02083 0.00244798
2.02085 0.00244798
2.02088 0.00244798
2.0209 0.00244798
2.02093 0.00244799
2.02095 0.00244799
2.02098 0.00244799
2.021 0.00244799
2.02102 0.00244799
2.02105 0.00244799
2.02107 0.00244799
2.0211 0.00244799
2.02208 0.00246023
2.0221 0.00247094
2.02213 0.00248031
2.02215 0.00248852
2.02217 0.00249569
2.0222 0.00250197
2.02222 0.00250746
2.02225 0.00251227
2.02227 0.00251647
2.0223 0.00252016
2.02232 0.00252338
2.02235 0.00252619
2.02237 0.00252866
2.0224 0.00253082
2.02242 0.0025327
2.02244 0.00253435
2.02247 0.0025358
2.02249 0.00253706
2.02252 0.00253817
2.02254 0.00253914
2.02257 0.00253999
2.02259 0.00254073
2.02262 0.00254138
2.02264 0.00254194
2.02266 0.00254244
2.02269 0.00254287
2.02271 0.00254325
2.02274 0.00254359
2.02276 0.00254388
2.02279 0.00254413
2.02281 0.00254436
2.02284 0.00254455
2.02286 0.00254472
2.02288 0.00254487
2.02291 0.002545
2.02293 0.00254512
2.02296 0.00254522
2.02298 0.0025453
2.02301 0.00254538
2.02303 0.00254545
2.02306 0.00254551
2.02308 0.00254556
2.02311 0.0025456
2.02313 0.00254564
2.02315 0.00254568
2.02318 0.00254571
2.0232 0.00254573
2.02323 0.00254575
2.02325 0.00254578
2.02328 0.00254579
2.0233 0.00254581
2.02333 0.00254582
2.02335 0.00254583
2.02337 0.00254584
2.0234 0.00254585
2.02342 0.00254586
2.02345 0.00254587
2.02347 0.00254587
2.0235 0.00254588
2.02352 0.00254588
2.02355 0.00254589
2.02357 0.00254589
2.02359 0.00254589
2.02362 0.0025459
2.02364 0.0025459
2.02367 0.0025459
2.02369 0.0025459
2.02372 0.00254591
2.02374 0.00254591
2.02377 0.00254591
2.02379 0.00254591
2.02382 0.00254591
2.02384 0.00254591
2.02386 0.00254591
2.02389 0.00254591
2.02713 0.00254132
2.02716 0.00253731
2.02718 0.00253379
2.02721 0.00253072
2.02723 0.00252803
2.02725 0.00252567
2.02728 0.00252361
2.0273 0.00252181
2.02733 0.00252024
2.02735 0.00251885
2.02738 0.00251765
2.0274 0.00251659
2.02743 0.00251567
2.02745 0.00251486
2.02747 0.00251415
2.0275 0.00251353
2.02752 0.00251299
2.02755 0.00251252
2.02757 0.0025121
2.0276 0.00251174
2.02762 0.00251142
2.02765 0.00251114
2.02767 0.0025109
2.0277 0.00251069
2.02772 0.0025105
2.02774 0.00251034
2.02777 0.00251019
2.02779 0.00251007
2.02782 0.00250996
2.02784 0.00250987
2.02787 0.00250978
2.02789 0.00250971
2.02792 0.00250964
2.02794 0.00250959
2.02796 0.00250954
2.02799 0.0025095
2.02801 0.00250946
2.02804 0.00250943
2.02806 0.0025094
2.02809 0.00250937
2.02811 0.00250935
2.02814 0.00250933
2.02816 0.00250931
2.02818 0.0025093
2.02821 0.00250929
2.02823 0.00250928
2.02826 0.00250927
2.02828 0.00250926
2.02831 0.00250925
2.02833 0.00250924
2.02836 0.00250924
2.02838 0.00250923
2.02841 0.00250923
2.02843 0.00250922
2.02845 0.00250922
2.02848 0.00250922
2.0285 0.00250921
2.02853 0.00250921
2.02855 0.00250921
2.02858 0.00250921
2.0286 0.00250921
2.02863 0.00250921
2.02865 0.00250921
2.02867 0.0025092
2.0287 0.0025092
2.02872 0.0025092
2.02875 0.0025092
2.02877 0.0025092
2.02968 0.00251379
2.0297 0.00251781
2.02973 0.00252132
2.02975 0.0025244
2.02978 0.00252709
2.0298 0.00252944
2.02982 0.0025315
2.02985 0.0025333
2.02987 0.00253488
2.0299 0.00253626
2.02992 0.00253747
2.02995 0.00253852
2.02997 0.00253944
2.03 0.00254025
2.03002 0.00254096
2.03005 0.00254158
2.03007 0.00254212
2.03009 0.0025426
2.03012 0.00254301
2.03014 0.00254338
2.03017 0.00254369
2.03019 0.00254397
2.03022 0.00254421
2.03024 0.00254443
2.03027 0.00254461
2.03029 0.00254478
2.03031 0.00254492
2.03034 0.00254504
2.03036 0.00254515
2.03039 0.00254525
2.03041 0.00254533
2.03044 0.00254541
2.03046 0.00254547
2.03049 0.00254552
2.03051 0.00254557
2.03053 0.00254562
2.03056 0.00254565
2.03058 0.00254569
2.03061 0.00254572
2.03063 0.00254574
2.03066 0.00254576
2.03068 0.00254578
2.03071 0.0025458
2.03073 0.00254581
2.03076 0.00254583
2.03078 0.00254584
2.0308 0.00254585
2.03083 0.00254586
2.03085 0.00254586
2.03088 0.00254587
2.0309 0.00254588
2.03093 0.00254588
2.03095 0.00254589
2.03098 0.00254589
2.031 0.00254589
2.03102 0.0025459
2.03105 0.0025459
2.03107 0.0025459
2.0311 0.0025459
2.03112 0.00254591
2.03115 0.00254591
2.03117 0.00254591
2.0312 0.00254591
2.03122 0.00254591
2.03124 0.00254591
2.03127 0.00254591
2.03129 0.00254591
2.03132 0.00254591
2.2206 0.00254285
2.22062 0.00254018
2.22065 0.00253783
2.22067 0.00253578
2.2207 0.00253399
2.22072 0.00253242
2.22074 0.00253105
2.22077 0.00252985
2.22079 0.0025288
2.22082 0.00252788
2.22084 0.00252707
2.22087 0.00252637
2.22089 0.00252575
2.22092 0.00252521
2.22094 0.00252474
2.22096 0.00252433
2.22099 0.00252397
2.22101 0.00252365
2.22104 0.00252337
2.22106 0.00252313
2.22109 0.00252292
2.22111 0.00252273
2.22114 0.00252257
2.22116 0.00252243
2.22119 0.00252231
2.22121 0.0025222
2.22123 0.0025221
2.22126 0.00252202
2.22128 0.00252195
2.22131 0.00252188
2.22133 0.00252183
2.22136 0.00252178
2.22138 0.00252173
2.22141 0.0025217
2.22143 0.00252166
2.22145 0.00252164
2.22148 0.00252161
2.2215 0.00252159
2.22153 0.00252157
2.22155 0.00252155
2.22158 0.00252154
2.2216 0.00252153
2.22163 0.00252151
2.22165 0.0025215
2.22167 0.0025215
2.2217 0.00252149
2.22172 0.00252148
2.22175 0.00252148
2.22177 0.00252147
2.2218 0.00252147
2.22182 0.00252146
2.22185 0.00252146
2.22187 0.00252146
2.22189 0.00252145
2.22192 0.00252145
2.22194 0.00252145
2.22197 0.00252145
2.22199 0.00252145
2.22202 0.00252145
2.22204 0.00252144
2.22207 0.00252144
2.22209 0.00252144
2.22212 0.00252144
2.22214 0.00252144
2.22216 0.00252144
2.22311 0.00251991
2.22313 0.00251857
2.22316 0.0025174
2.22318 0.00251637
2.2232 0.00251548
2.22323 0.00251469
2.22325 0.00251401
2.22328 0.0025134
2.2233 0.00251288
2.22333 0.00251242
2.22335 0.00251201
2.22338 0.00251166
2.2234 0.00251135
2.22342 0.00251109
2.22345 0.00251085
2.22347 0.00251064
2.2235 0.00251046
2.22352 0.0025103
2.22355 0.00251016
2.22357 0.00251004
2.2236 0.00250994
2.22362 0.00250985
2.22365 0.00250976
2.22367 0.00250969
2.22369 0.00250963
2.22372 0.00250958
2.22374 0.00250953
2.22377 0.00250949
2.22379 0.00250945
2.22382 0.00250942
2.22384 0.00250939
2.22387 0.00250937
2.22389 0.00250935
2.22391 0.00250933
2.22394 0.00250931
2.22396 0.0025093
2.22399 0.00250928
2.22401 0.00250927
2.22404 0.00250926
2.22406 0.00250926
2.22409 0.00250925
2.22411 0.00250924
2.22413 0.00250924
2.22416 0.00250923
2.22418 0.00250923
2.22421 0.00250922
2.22423 0.00250922
2.22426 0.00250922
2.22428 0.00250921
2.22431 0.00250921
2.22433 0.00250921
2.22436 0.00250921
2.22438 0.00250921
2.2244 0.00250921
2.22443 0.00250921
2.22445 0.0025092
2.22448 0.0025092
2.2245 0.0025092
2.22453 0.0025092
2.22455 0.0025092
2.22565 0.00251379
2.22568 0.00251781
2.2257 0.00252132
2.22573 0.0025244
2.22575 0.00252709
2.22578 0.00252944
2.2258 0.0025315
2.22582 0.0025333
2.22585 0.00253488
2.22587 0.00253626
2.2259 0.00253747
2.22592 0.00253852
2.22595 0.00253944
2.22597 0.00254025
2.226 0.00254096
2.22602 0.00254158
2.22604 0.00254212
2.22607 0.0025426
2.22609 0.00254301
2.22612 0.00254338
2.22614 0.00254369
2.22617 0.00254397
2.22619 0.00254421
2.22622 0.00254443
2.22624 0.00254461
2.22626 0.00254478
2.22629 0.00254492
2.22631 0.00254504
2.22634 0.00254515
2.22636 0.00254525
2.22639 0.00254533
2.22641 0.00254541
2.22644 0.00254547
2.22646 0.00254552
2.22648 0.00254557
2.22651 0.00254562
2.22653 0.00254565
2.22656 0.00254569
2.22658 0.00254572
2.22661 0.00254574
2.22663 0.00254576
2.22666 0.00254578
2.22668 0.0025458
2.22671 0.00254581
2.22673 0.00254583
2.22675 0.00254584
2.22678 0.00254585
2.2268 0.00254586
2.22683 0.00254586
2.22685 0.00254587
2.22688 0.00254588
2.2269 0.00254588
2.22693 0.00254589
2.22695 0.00254589
2.22697 0.00254589
2.227 0.0025459
2.22702 0.0025459
2.22705 0.0025459
2.22707 0.0025459
2.2271 0.00254591
2.22712 0.00254591
2.22715 0.00254591
2.22717 0.00254591
2.22719 0.00254591
2.22722 0.00254591
2.22724 0.00254591
2.22727 0.00254591
2.22729 0.00254591
2.23328 0.00254438
2.2333 0.00254304
2.23333 0.00254187
2.23335 0.00254085
2.23338 0.00253995
2.2334 0.00253917
2.23343 0.00253848
2.23345 0.00253788
2.23347 0.00253735
2.2335 0.00253689
2.23352 0.00253649
2.23355 0.00253614
2.23357 0.00253583
2.2336 0.00253556
2.23362 0.00253533
2.23365 0.00253512
2.23367 0.00253494
2.23369 0.00253478
2.23372 0.00253464
2.23374 0.00253452
2.23377 0.00253442
2.23379 0.00253432
2.23382 0.00253424
2.23384 0.00253417
2.23387 0.00253411
2.23389 0.00253406
2.23391 0.00253401
2.23394 0.00253397
2.23396 0.00253393
2.23399 0.0025339
2.23401 0.00253387
2.23404 0.00253385
2.23406 0.00253383
2.23409 0.00253381
2.23411 0.00253379
2.23413 0.00253378
2.23416 0.00253376
2.23418 0.00253375
2.23421 0.00253374
2.23423 0.00253374
2.23426 0.00253373
2.23428 0.00253372
2.23431 0.00253372
2.23433 0.00253371
2.23436 0.00253371
2.23438 0.0025337
2.2344 0.0025337
2.23443 0.0025337
2.23445 0.00253369
2.23448 0.00253369
2.2345 0.00253369
2.23453 0.00253369
2.23455 0.00253369
2.23458 0.00253369
2.2346 0.00253368
2.23462 0.00253368
2.23465 0.00253368
2.23467 0.00253368
2.2347 0.00253368
2.23472 0.00253368
2.23578 0.00252909
2.23581 0.0025266
2.23584 0.00252443
2.23586 0.00252252
2.23589 0.00252086
2.23591 0.0025194
2.23593 0.00251812
2.23596 0.00251701
2.23598 0.00251603
2.23601 0.00251518
2.23603 0.00251443
2.23606 0.00251378
2.23608 0.0025132
2.23611 0.0025127
2.23613 0.00251227
2.23615 0.00251188
2.23618 0.00251155
2.2362 0.00251125
2.23623 0.00251099
2.23625 0.00251077
2.23628 0.00251057
2.2363 0.0025104
2.23633 0.00251025
2.23635 0.00251012
2.23637 0.00251
2.2364 0.0025099
2.23642 0.00250981
2.23645 0.00250974
2.23647 0.00250967
2.2365 0.00250961
2.23652 0.00250956
2.23655 0.00250951
2.23657 0.00250947
2.2366 0.00250944
2.23662 0.00250941
2.23664 0.00250938
2.23667 0.00250936
2.23669 0.00250934
2.23672 0.00250932
2.23674 0.0025093
2.23677 0.00250929
2.23679 0.00250928
2.23682 0.00250927
2.23684 0.00250926
2.23686 0.00250925
2.23689 0.00250924
2.23691 0.00250924
2.23694 0.00250923
2.23696 0.00250923
2.23699 0.00250922
2.23701 0.00250922
2.23704 0.00250922
2.23706 0.00250921
2.23708 0.00250921
2.23711 0.00250921
2.23713 0.00250921
2.23716 0.00250921
2.23718 0.00250921
2.23721 0.00250921
2.23723 0.0025092
2.23726 0.0025092
2.23728 0.0025092
2.23731 0.0025092
2.23733 0.0025092
2.23826 0.00250658
2.2383 0.00250428
2.23832 0.00250227
2.23835 0.00250051
2.23837 0.00249897
2.2384 0.00249763
2.23842 0.00249645
2.23845 0.00249542
2.23847 0.00249452
2.2385 0.00249373
2.23852 0.00249304
2.23854 0.00249243
2.23857 0.0024919
2.23859 0.00249144
2.23862 0.00249104
2.23864 0.00249068
2.23867 0.00249037
2.23869 0.0024901
2.23872 0.00248986
2.23874 0.00248966
2.23877 0.00248948
2.23879 0.00248932
2.23881 0.00248918
2.23884 0.00248906
2.23886 0.00248895
2.23889 0.00248886
2.23891 0.00248877
2.23894 0.0024887
2.23896 0.00248864
2.23899 0.00248859
2.23901 0.00248854
2.23903 0.0024885
2.23906 0.00248846
2.23908 0.00248843
2.23911 0.0024884
2.23913 0.00248838
2.23916 0.00248835
2.23918 0.00248834
2.23921 0.00248832
2.23923 0.00248831
2.23925 0.00248829
2.23928 0.00248828
2.2393 0.00248827
2.23933 0.00248826
2.23935 0.00248826
2.23938 0.00248825
2.2394 0.00248824
2.23943 0.00248824
2.23945 0.00248824
2.23948 0.00248823
2.2395 0.00248823
2.23952 0.00248823
2.23955 0.00248822
2.23957 0.00248822
2.2396 0.00248822
2.23962 0.00248822
2.23965 0.00248821
2.23967 0.00248821
2.2397 0.00248821
2.23972 0.00248821
2.23974 0.00248821
2.23977 0.00248821
2.23979 0.00248821
2.23982 0.00248821
2.24068 0.00247874
2.24071 0.00247046
2.24074 0.00246322
2.24076 0.00245688
2.24079 0.00245133
2.24081 0.00244647
2.24083 0.00244223
2.24086 0.00243851
2.24088 0.00243526
2.24091 0.00243241
2.24093 0.00242992
2.24096 0.00242774
2.24098 0.00242584
2.24101 0.00242417
2.24103 0.00242271
2.24106 0.00242143
2.24108 0.00242032
2.2411 0.00241934
2.24113 0.00241848
2.24115 0.00241773
2.24118 0.00241708
2.2412 0.0024165
2.24123 0.002416
2.24125 0.00241556
2.24128 0.00241518
2.2413 0.00241484
2.24132 0.00241455
2.24135 0.00241429
2.24137 0.00241407
2.2414 0.00241387
2.24142 0.0024137
2.24145 0.00241355
2.24147 0.00241342
2.2415 0.0024133
2.24152 0.0024132
2.24154 0.00241311
2.24157 0.00241304
2.24159 0.00241297
2.24162 0.00241291
2.24164 0.00241286
2.24167 0.00241281
2.24169 0.00241277
2.24172 0.00241274
2.24174 0.00241271
2.24177 0.00241268
2.24179 0.00241266
2.24181 0.00241264
2.24184 0.00241262
2.24186 0.0024126
2.24189 0.00241259
2.24191 0.00241258
2.24194 0.00241257
2.24196 0.00241256
2.24199 0.00241255
2.24201 0.00241254
2.24203 0.00241254
2.24206 0.00241253
2.24208 0.00241253
2.24211 0.00241252
2.24213 0.00241252
2.24216 0.00241252
2.24218 0.00241251
2.24221 0.00241251
2.24223 0.00241251
2.24225 0.00241251
2.24228 0.0024125
2.2423 0.0024125
2.24233 0.0024125
2.24235 0.0024125
2.24238 0.0024125
2.2424 0.0024125
2.24243 0.0024125
2.24245 0.0024125
2.24248 0.0024125
2.24309 0.00241234
2.24312 0.00241221
2.24315 0.00241209
2.24317 0.00241199
2.2432 0.0024119
2.24322 0.00241182
2.24325 0.00241176
2.24327 0.0024117
2.2433 0.00241164
2.24332 0.0024116
2.24334 0.00241156
2.24337 0.00241152
2.24339 0.00241149
2.24342 0.00241146
2.24344 0.00241144
2.24347 0.00241142
2.24349 0.0024114
2.24352 0.00241139
2.24354 0.00241137
2.24356 0.00241136
2.24359 0.00241135
2.24361 0.00241134
2.24364 0.00241133
2.24366 0.00241133
2.24369 0.00241132
2.24371 0.00241131
2.24374 0.00241131
2.24376 0.00241131
2.24378 0.0024113
2.24381 0.0024113
2.24383 0.0024113
2.24386 0.00241129
2.24388 0.00241129
2.24391 0.00241129
2.24393 0.00241129
2.24396 0.00241129
2.24398 0.00241129
2.24401 0.00241128
2.24403 0.00241128
2.24405 0.00241128
2.24408 0.00241128
2.2441 0.00241128
2.24413 0.00241128
2.25035 0.00241434
2.25038 0.00241702
2.25041 0.00241936
2.25043 0.00242141
2.25046 0.0024232
2.25048 0.00242477
2.2505 0.00242614
2.25053 0.00242735
2.25055 0.0024284
2.25058 0.00242932
2.2506 0.00243012
2.25063 0.00243083
2.25065 0.00243144
2.25068 0.00243198
2.2507 0.00243245
2.25072 0.00243287
2.25075 0.00243323
2.25077 0.00243354
2.2508 0.00243382
2.25082 0.00243406
2.25085 0.00243427
2.25087 0.00243446
2.2509 0.00243462
2.25092 0.00243476
2.25095 0.00243489
2.25097 0.002435
2.25099 0.00243509
2.25102 0.00243517
2.25104 0.00243525
2.25107 0.00243531
2.25109 0.00243537
2.25112 0.00243542
2.25114 0.00243546
2.25117 0.0024355
2.25119 0.00243553
2.25121 0.00243556
2.25124 0.00243558
2.25126 0.0024356
2.25129 0.00243562
2.25131 0.00243564
2.25134 0.00243566
2.25136 0.00243567
2.25139 0.00243568
2.25141 0.00243569
2.25143 0.0024357
2.25146 0.0024357
2.25148 0.00243571
2.25151 0.00243572
2.25153 0.00243572
2.25156 0.00243573
2.25158 0.00243573
2.25161 0.00243573
2.25163 0.00243574
2.25166 0.00243574
2.25168 0.00243574
2.2517 0.00243574
2.25173 0.00243575
2.25175 0.00243575
2.25178 0.00243575
2.2518 0.00243575
2.25183 0.00243575
2.25185 0.00243575
2.25188 0.00243575
2.2519 0.00243575
2.25192 0.00243575
2.2625 0.00243291
2.26254 0.00243042
2.26256 0.00242825
2.26259 0.00242634
2.26261 0.00242468
2.26264 0.00242322
2.26266 0.00242195
2.26269 0.00242083
2.26271 0.00241985
2.26273 0.002419
2.26276 0.00241825
2.26278 0.0024176
2.26281 0.00241703
2.26283 0.00241653
2.26286 0.00241609
2.26288 0.0024157
2.26291 0.00241537
2.26293 0.00241508
2.26295 0.00241482
2.26298 0.00241459
2.263 0.0024144
2.26303 0.00241422
2.26305 0.00241407
2.26308 0.00241394
2.2631 0.00241383
2.26313 0.00241373
2.26315 0.00241364
2.26317 0.00241356
2.2632 0.00241349
2.26322 0.00241343
2.26325 0.00241338
2.26327 0.00241334
2.2633 0.0024133
2.26332 0.00241326
2.26335 0.00241323
2.26337 0.00241321
2.26339 0.00241318
2.26342 0.00241316
2.26344 0.00241314
2.26347 0.00241313
2.26349 0.00241311
2.26352 0.0024131
2.26354 0.00241309
2.26357 0.00241308
2.26359 0.00241308
2.26362 0.00241307
2.26364 0.00241306
2.26366 0.00241306
2.26369 0.00241305
2.26371 0.00241305
2.26374 0.00241304
2.26376 0.00241304
2.26379 0.00241304
2.26381 0.00241304
2.26384 0.00241304
2.26386 0.00241303
2.26388 0.00241303
2.26391 0.00241303
2.26393 0.00241303
2.26396 0.00241303
2.26398 0.00241303
2.26401 0.00241303
2.26403 0.00241303
2.26406 0.00241302
2.2649 0.00241135
2.26494 0.00240989
2.26496 0.00240861
2.26499 0.00240749
2.26501 0.00240651
2.26504 0.00240565
2.26506 0.0024049
2.26508 0.00240424
2.26511 0.00240367
2.26513 0.00240316
2.26516 0.00240272
2.26518 0.00240234
2.26521 0.002402
2.26523 0.00240171
2.26526 0.00240145
2.26528 0.00240122
2.26531 0.00240103
2.26533 0.00240085
2.26535 0.0024007
2.26538 0.00240057
2.2654 0.00240045
2.26543 0.00240035
2.26545 0.00240026
2.26548 0.00240019
2.2655 0.00240012
2.26553 0.00240006
2.26555 0.00240001
2.26557 0.00239996
2.2656 0.00239992
2.26562 0.00239989
2.26565 0.00239986
2.26567 0.00239983
2.2657 0.00239981
2.26572 0.00239979
2.26575 0.00239977
2.26577 0.00239975
2.26579 0.00239974
2.26582 0.00239973
2.26584 0.00239972
2.26587 0.00239971
2.26589 0.0023997
2.26592 0.00239969
2.26594 0.00239969
2.26597 0.00239968
2.26599 0.00239968
2.26601 0.00239967
2.26604 0.00239967
2.26606 0.00239967
2.26609 0.00239966
2.26611 0.00239966
2.26614 0.00239966
2.26616 0.00239966
2.26619 0.00239966
2.26621 0.00239966
2.26624 0.00239965
2.26626 0.00239965
2.26628 0.00239965
2.26631 0.00239965
2.26633 0.00239965
2.26636 0.00239965
2.26638 0.00239965
2.2673 0.00239957
2.26734 0.00239951
2.26736 0.00239945
2.26739 0.00239939
2.26741 0.00239935
2.26743 0.00239931
2.26746 0.00239928
2.26748 0.00239925
2.26751 0.00239922
2.26753 0.0023992
2.26756 0.00239918
2.26758 0.00239916
2.26761 0.00239915
2.26763 0.00239913
2.26766 0.00239912
2.26768 0.00239911
2.2677 0.0023991
2.26773 0.00239909
2.26775 0.00239909
2.26778 0.00239908
2.2678 0.00239907
2.26783 0.00239907
2.26785 0.00239907
2.26788 0.00239906
2.2679 0.00239906
2.26792 0.00239905
2.26795 0.00239905
2.26797 0.00239905
2.268 0.00239905
2.26802 0.00239905
2.26805 0.00239905
2.26807 0.00239904
2.2681 0.00239904
2.26812 0.00239904
2.26814 0.00239904
2.26817 0.00239904
2.26819 0.00239904
2.27453 0.00240363
2.27457 0.00240765
2.2746 0.00241116
2.27462 0.00241423
2.27464 0.00241692
2.27467 0.00241928
2.27469 0.00242134
2.27472 0.00242314
2.27474 0.00242472
2.27477 0.0024261
2.27479 0.0024273
2.27482 0.00242836
2.27484 0.00242928
2.27486 0.00243009
2.27489 0.0024308
2.27491 0.00243142
2.27494 0.00243196
2.27496 0.00243244
2.27499 0.00243285
2.27501 0.00243321
2.27504 0.00243353
2.27506 0.00243381
2.27508 0.00243405
2.27511 0.00243427
2.27513 0.00243445
2.27516 0.00243462
2.27518 0.00243476
2.27521 0.00243488
2.27523 0.00243499
2.27526 0.00243509
2.27528 0.00243517
2.27531 0.00243524
2.27533 0.00243531
2.27535 0.00243537
2.27538 0.00243541
2.2754 0.00243546
2.27543 0.00243549
2.27545 0.00243553
2.27548 0.00243556
2.2755 0.00243558
2.27553 0.0024356
2.27555 0.00243562
2.27557 0.00243564
2.2756 0.00243565
2.27562 0.00243567
2.27565 0.00243568
2.27567 0.00243569
2.2757 0.0024357
2.27572 0.0024357
2.27575 0.00243571
2.27577 0.00243572
2.27579 0.00243572
2.27582 0.00243573
2.27584 0.00243573
2.27587 0.00243573
2.27589 0.00243574
2.27592 0.00243574
2.27594 0.00243574
2.27597 0.00243574
2.27599 0.00243575
2.27602 0.00243575
2.27604 0.00243575
2.27606 0.00243575
2.27609 0.00243575
2.27611 0.00243575
2.27614 0.00243575
2.27616 0.00243575
2.27619 0.00243575
2.29886 0.00243182
2.2989 0.00242837
2.29892 0.00242536
2.29895 0.00242272
2.29897 0.00242042
2.29899 0.0024184
2.29902 0.00241663
2.29904 0.00241509
2.29907 0.00241374
2.29909 0.00241255
2.29912 0.00241152
2.29914 0.00241061
2.29917 0.00240982
2.29919 0.00240912
2.29922 0.00240852
2.29924 0.00240799
2.29926 0.00240752
2.29929 0.00240711
2.29931 0.00240676
2.29934 0.00240645
2.29936 0.00240617
2.29939 0.00240594
2.29941 0.00240573
2.29944 0.00240555
2.29946 0.00240539
2.29948 0.00240525
2.29951 0.00240512
2.29953 0.00240502
2.29956 0.00240492
2.29958 0.00240484
2.29961 0.00240477
2.29963 0.00240471
2.29966 0.00240465
2.29968 0.0024046
2.2997 0.00240456
2.29973 0.00240452
2.29975 0.00240449
2.29978 0.00240446
2.2998 0.00240444
2.29983 0.00240442
2.29985 0.0024044
2.29988 0.00240438
2.2999 0.00240437
2.29992 0.00240436
2.29995 0.00240435
2.29997 0.00240434
2.3 0.00240433
2.30002 0.00240432
2.30005 0.00240431
2.30007 0.00240431
2.3001 0.0024043
2.30012 0.0024043
2.30015 0.00240429
2.30017 0.00240429
2.30019 0.00240429
2.30022 0.00240429
2.30024 0.00240428
2.30027 0.00240428
2.30029 0.00240428
2.30032 0.00240428
2.30034 0.00240428
2.30037 0.00240428
2.30039 0.00240428
2.30041 0.00240427
2.30044 0.00240427
2.30046 0.00240427
2.30049 0.00240427
2.30115 0.00239008
2.30119 0.00237765
2.30121 0.00236679
2.30124 0.00235727
2.30126 0.00234895
2.30129 0.00234167
2.30131 0.0023353
2.30133 0.00232972
2.30136 0.00232485
2.30138 0.00232058
2.30141 0.00231684
2.30143 0.00231358
2.30146 0.00231072
2.30148 0.00230821
2.30151 0.00230603
2.30153 0.00230411
2.30155 0.00230243
2.30158 0.00230097
2.3016 0.00229968
2.30163 0.00229856
2.30165 0.00229758
2.30168 0.00229672
2.3017 0.00229597
2.30173 0.00229531
2.30175 0.00229473
2.30178 0.00229423
2.3018 0.00229379
2.30182 0.0022934
2.30185 0.00229306
2.30187 0.00229277
2.3019 0.00229251
2.30192 0.00229228
2.30195 0.00229209
2.30197 0.00229191
2.302 0.00229176
2.30202 0.00229163
2.30204 0.00229151
2.30207 0.00229141
2.30209 0.00229132
2.30212 0.00229124
2.30214 0.00229118
2.30217 0.00229112
2.30219 0.00229107
2.30222 0.00229102
2.30224 0.00229098
2.30226 0.00229094
2.3023 0.00229217
2.30232 0.00229335
2.30235 0.00229439
2.30237 0.0022953
2.3024 0.00229609
2.30242 0.00229678
2.30245 0.00229739
2.30247 0.00229792
2.3025 0.00229839
2.30252 0.0022988
2.30254 0.00229915
2.30257 0.00229946
2.30259 0.00229974
2.30262 0.00229998
2.30264 0.00230018
2.30267 0.00230037
2.30269 0.00230053
2.30272 0.00230067
2.30274 0.00230079
2.30277 0.0023009
2.30279 0.00230099
2.30281 0.00230107
2.30284 0.00230114
2.30286 0.00230121
2.30289 0.00230126
2.30291 0.00230131
2.30294 0.00230135
2.30296 0.00230139
2.30299 0.00230142
2.30301 0.00230145
2.30303 0.00230147
2.30306 0.00230149
2.30308 0.00230151
2.30311 0.00230153
2.30313 0.00230154
2.30316 0.00230156
2.30318 0.00230157
2.30321 0.00230158
2.30323 0.00230159
2.30325 0.00230159
2.30328 0.0023016
2.3033 0.0023016
2.30333 0.00230161
2.30345 0.00230139
2.30349 0.00230119
2.30351 0.00230102
2.30354 0.00230087
2.30356 0.00230074
2.30359 0.00230062
2.30361 0.00230052
2.30363 0.00230043
2.30366 0.00230036
2.30368 0.00230029
2.30371 0.00230023
2.30373 0.00230018
2.30376 0.00230014
2.30378 0.0023001
2.30381 0.00230006
2.30383 0.00230003
2.30385 0.00230001
2.30388 0.00229998
2.3039 0.00229996
2.30393 0.00229994
2.30395 0.00229993
2.30398 0.00229992
2.304 0.0022999
2.30403 0.00229989
2.30405 0.00229988
2.30407 0.00229988
2.3041 0.00229987
2.30412 0.00229986
2.30415 0.00229986
2.30417 0.00229985
2.3042 0.00229985
2.30422 0.00229985
2.30425 0.00229984
2.30427 0.00229984
2.3043 0.00229984
2.30432 0.00229984
2.30434 0.00229983
2.30437 0.00229983
2.30439 0.00229983
2.30442 0.00229983
2.30444 0.00229983
2.30447 0.00229983
2.30449 0.00229983
2.30452 0.00229983
2.30454 0.00229982
2.30459 0.00229857
2.30461 0.00229736
2.30464 0.0022963
2.30466 0.00229537
2.30469 0.00229456
2.30471 0.00229385
2.30474 0.00229323
2.30476 0.00229268
2.30478 0.00229221
2.30481 0.00229179
2.30483 0.00229143
2.30486 0.00229111
2.30488 0.00229083
2.30491 0.00229058
2.30493 0.00229037
2.30496 0.00229018
2.30498 0.00229002
2.30501 0.00228988
2.30503 0.00228975
2.30505 0.00228964
2.30508 0.00228955
2.3051 0.00228946
2.30513 0.00228939
2.30515 0.00228933
2.30518 0.00228927
2.3052 0.00228922
2.30523 0.00228918
2.30525 0.00228914
2.30527 0.00228911
2.3053 0.00228908
2.30532 0.00228905
2.30535 0.00228903
2.30537 0.00228901
2.3054 0.00228899
2.30542 0.00228898
2.30545 0.00228897
2.30547 0.00228896
2.30549 0.00228895
2.30552 0.00228894
2.30554 0.00228893
2.30557 0.00228892
2.30559 0.00228892
2.30562 0.00228891
2.30574 0.00228891
2.30578 0.0022889
2.3058 0.0022889
2.30583 0.0022889
2.30585 0.00228889
2.30587 0.00228889
2.3059 0.00228889
2.30592 0.00228889
2.30595 0.00228889
2.30597 0.00228889
2.306 0.00228889
2.30602 0.00228888
2.30605 0.00228888
2.30607 0.00228888
2.30609 0.00228888
2.30612 0.00228888
2.37206 0.00228167
2.37208 0.00227382
2.37211 0.00226696
2.37213 0.00226096
2.37216 0.0022557
2.37218 0.0022511
2.37221 0.00224708
2.37223 0.00224356
2.37226 0.00224048
2.37228 0.00223779
2.3723 0.00223543
2.37233 0.00223337
2.37235 0.00223156
2.37238 0.00222998
2.3724 0.0022286
2.37243 0.00222739
2.37245 0.00222633
2.37248 0.00222541
2.3725 0.0022246
2.37252 0.00222389
2.37255 0.00222327
2.37257 0.00222272
2.3726 0.00222225
2.37262 0.00222183
2.37265 0.00222147
2.37267 0.00222115
2.3727 0.00222087
2.37272 0.00222063
2.37274 0.00222042
2.37277 0.00222023
2.37279 0.00222007
2.37282 0.00221992
2.37284 0.0022198
2.37287 0.00221969
2.37289 0.00221959
2.37292 0.00221951
2.37294 0.00221944
2.37297 0.00221937
2.37299 0.00221932
2.37301 0.00221927
2.37304 0.00221923
2.37306 0.00221919
2.37309 0.00221915
2.37311 0.00221912
2.37314 0.0022191
2.37316 0.00221908
2.37319 0.00221906
2.37321 0.00221904
2.37323 0.00221903
2.37326 0.00221901
2.37328 0.002219
2.37331 0.00221899
2.37333 0.00221898
2.37336 0.00221898
2.37338 0.00221897
2.37341 0.00221896
2.37343 0.00221896
2.37345 0.00221895
2.37348 0.00221895
2.3735 0.00221895
2.37353 0.00221894
2.37355 0.00221894
2.37358 0.00221894
2.3736 0.00221894
2.37363 0.00221894
2.37365 0.00221894
2.37367 0.00221893
2.3737 0.00221893
2.37372 0.00221893
2.37375 0.00221893
2.37377 0.00221893
2.3738 0.00221893
2.37382 0.00221893
2.37428 0.00221864
2.3743 0.00221839
2.37432 0.00221818
2.37435 0.00221799
2.37437 0.00221782
2.3744 0.00221767
2.37442 0.00221755
2.37445 0.00221743
2.37447 0.00221733
2.3745 0.00221725
2.37452 0.00221718
2.37455 0.00221711
2.37457 0.00221705
2.37459 0.002217
2.37462 0.00221696
2.37464 0.00221692
2.37467 0.00221689
2.37469 0.00221686
2.37472 0.00221683
2.37474 0.00221681
2.37477 0.00221679
2.37479 0.00221677
2.37481 0.00221676
2.37484 0.00221675
2.37486 0.00221673
2.37489 0.00221672
2.37491 0.00221671
2.37494 0.00221671
2.37496 0.0022167
2.37499 0.00221669
2.37501 0.00221669
2.37503 0.00221668
2.37506 0.00221668
2.37508 0.00221668
2.37511 0.00221667
2.37513 0.00221667
2.37516 0.00221667
2.37518 0.00221667
2.37521 0.00221667
2.37523 0.00221666
2.37526 0.00221666
2.37528 0.00221666
2.3753 0.00221666
2.37533 0.00221666
2.37535 0.00221666
2.37538 0.00221666
2.3754 0.00221666
2.37649 0.0022165
2.37652 0.00221637
2.37654 0.00221625
2.37656 0.00221615
2.37659 0.00221606
2.37661 0.00221599
2.37664 0.00221592
2.37666 0.00221586
2.37669 0.0022158
2.37671 0.00221576
2.37674 0.00221572
2.37676 0.00221568
2.37679 0.00221565
2.37681 0.00221563
2.37683 0.0022156
2.37686 0.00221558
2.37688 0.00221556
2.37691 0.00221555
2.37693 0.00221553
2.37696 0.00221552
2.37698 0.00221551
2.37701 0.0022155
2.37703 0.00221549
2.37705 0.00221549
2.37708 0.00221548
2.3771 0.00221547
2.37713 0.00221547
2.37715 0.00221547
2.37718 0.00221546
2.3772 0.00221546
2.37723 0.00221546
2.37725 0.00221545
2.37727 0.00221545
2.3773 0.00221545
2.37732 0.00221545
2.37735 0.00221545
2.37737 0.00221545
2.3774 0.00221544
2.37742 0.00221544
2.37745 0.00221544
2.37747 0.00221544
2.3775 0.00221544
2.37752 0.00221544
2.42744 0.00221413
2.42746 0.00221298
2.42748 0.00221198
2.42751 0.0022111
2.42753 0.00221033
2.42756 0.00220965
2.42758 0.00220907
2.42761 0.00220855
2.42763 0.0022081
2.42766 0.0022077
2.42768 0.00220736
2.42771 0.00220706
2.42773 0.00220679
2.42775 0.00220656
2.42778 0.00220636
2.4278 0.00220618
2.42783 0.00220603
2.42785 0.00220589
2.42788 0.00220577
2.4279 0.00220567
2.42793 0.00220558
2.42795 0.0022055
2.42797 0.00220543
2.428 0.00220537
2.42802 0.00220531
2.42805 0.00220527
2.42807 0.00220522
2.4281 0.00220519
2.42812 0.00220516
2.42815 0.00220513
2.42817 0.00220511
2.42819 0.00220509
2.42822 0.00220507
2.42824 0.00220505
2.42827 0.00220504
2.42829 0.00220503
2.42832 0.00220501
2.42834 0.00220501
2.42837 0.002205
2.42839 0.00220499
2.42842 0.00220499
2.42844 0.00220498
2.42846 0.00220497
2.42849 0.00220497
2.42851 0.00220497
2.42854 0.00220496
2.42856 0.00220496
2.42859 0.00220496
2.42861 0.00220496
2.42864 0.00220495
2.42866 0.00220495
2.42868 0.00220495
2.42871 0.00220495
2.42873 0.00220495
2.42876 0.00220495
2.42878 0.00220495
2.42881 0.00220495
2.42883 0.00220494
2.42886 0.00220494
2.42962 0.00220174
2.42964 0.00219894
2.42966 0.00219649
2.42969 0.00219434
2.42971 0.00219247
2.42974 0.00219082
2.42976 0.00218939
2.42979 0.00218813
2.42981 0.00218703
2.42984 0.00218607
2.42986 0.00218522
2.42988 0.00218448
2.42991 0.00218384
2.42993 0.00218328
2.42996 0.00218278
2.42998 0.00218235
2.43001 0.00218197
2.43003 0.00218164
2.43006 0.00218135
2.43008 0.0021811
2.4301 0.00218088
2.43013 0.00218068
2.43015 0.00218051
2.43018 0.00218036
2.4302 0.00218023
2.43023 0.00218012
2.43025 0.00218002
2.43028 0.00217993
2.4303 0.00217986
2.43033 0.00217979
2.43035 0.00217973
2.43037 0.00217968
2.4304 0.00217964
2.43042 0.0021796
2.43045 0.00217956
2.43047 0.00217953
2.4305 0.00217951
2.43052 0.00217949
2.43055 0.00217946
2.43057 0.00217945
2.43059 0.00217943
2.43062 0.00217942
2.43064 0.00217941
2.43067 0.0021794
2.43069 0.00217939
2.43072 0.00217938
2.43074 0.00217937
2.43077 0.00217937
2.43079 0.00217936
2.43081 0.00217936
2.43084 0.00217935
2.43086 0.00217935
2.43089 0.00217935
2.43091 0.00217934
2.43094 0.00217934
2.43096 0.00217934
2.43099 0.00217934
2.43101 0.00217934
2.43104 0.00217933
2.43106 0.00217933
2.43108 0.00217933
2.43111 0.00217933
2.43113 0.00217933
2.43116 0.00217933
2.43118 0.00217933
2.43179 0.00217925
2.43182 0.00217919
2.43184 0.00217913
2.43187 0.00217907
2.43189 0.00217903
2.43192 0.00217899
2.43194 0.00217896
2.43197 0.00217893
2.43199 0.0021789
2.43201 0.00217888
2.43204 0.00217886
2.43206 0.00217884
2.43209 0.00217883
2.43211 0.00217881
2.43214 0.0021788
2.43216 0.00217879
2.43219 0.00217878
2.43221 0.00217877
2.43223 0.00217877
2.43226 0.00217876
2.43228 0.00217875
2.43231 0.00217875
2.43233 0.00217875
2.43236 0.00217874
2.43238 0.00217874
2.43241 0.00217873
2.43243 0.00217873
2.43246 0.00217873
2.43248 0.00217873
2.4325 0.00217873
2.43253 0.00217873
2.43255 0.00217872
2.43258 0.00217872
2.4326 0.00217872
2.43263 0.00217872
2.43265 0.00217872
2.43268 0.00217872
2.43517 0.00217894
2.4352 0.00217913
2.43522 0.00217929
2.43525 0.00217944
2.43527 0.00217957
2.4353 0.00217968
2.43532 0.00217978
2.43535 0.00217986
2.43537 0.00217994
2.43539 0.00218
2.43542 0.00218006
2.43544 0.00218011
2.43547 0.00218015
2.43549 0.00218019
2.43552 0.00218023
2.43554 0.00218025
2.43557 0.00218028
2.43559 0.0021803
2.43561 0.00218032
2.43564 0.00218034
2.43566 0.00218036
2.43569 0.00218037
2.43571 0.00218038
2.43574 0.00218039
2.43576 0.0021804
2.43579 0.00218041
2.43581 0.00218041
2.43584 0.00218042
2.43586 0.00218043
2.43588 0.00218043
2.43591 0.00218043
2.43593 0.00218044
2.43596 0.00218044
2.43598 0.00218044
2.43601 0.00218044
2.43603 0.00218045
2.43606 0.00218045
2.43608 0.00218045
2.4361 0.00218045
2.43613 0.00218045
2.43615 0.00218045
2.43618 0.00218045
2.4362 0.00218045
2.43623 0.00218046
2.43625 0.00218046
2.43733 0.00218053
2.43735 0.00218038
2.43738 0.00218025
2.4374 0.00218013
2.43743 0.00218003
2.43745 0.00217994
2.43748 0.00217987
2.4375 0.0021798
2.43752 0.00217974
2.43755 0.00217969
2.43757 0.00217964
2.4376 0.0021796
2.43762 0.00217957
2.43765 0.00217954
2.43767 0.00217951
2.4377 0.00217949
2.43772 0.00217947
2.43775 0.00217945
2.43777 0.00217943
2.43779 0.00217942
2.43782 0.00217941
2.43784 0.0021794
2.43787 0.00217939
2.43789 0.00217938
2.43792 0.00217937
2.43794 0.00217937
2.43797 0.00217936
2.43799 0.00217936
2.43801 0.00217935
2.43804 0.00217935
2.43806 0.00217935
2.43809 0.00217934
2.43811 0.00217934
2.43814 0.00217934
2.43816 0.00217934
2.43819 0.00217934
2.43821 0.00217934
2.43823 0.00217933
2.43826 0.00217933
2.43828 0.00217933
2.43831 0.00217933
2.43833 0.00217933
2.43836 0.00217933
2.43838 0.00217933
2.43951 0.00217925
2.43953 0.00217919
2.43956 0.00217913
2.43958 0.00217907
2.43961 0.00217903
2.43963 0.00217899
2.43965 0.00217896
2.43968 0.00217893
2.4397 0.0021789
2.43973 0.00217888
2.43975 0.00217886
2.43978 0.00217884
2.4398 0.00217883
2.43983 0.00217881
2.43985 0.0021788
2.43987 0.00217879
2.4399 0.00217878
2.43992 0.00217877
2.43995 0.00217877
2.43997 0.00217876
2.44 0.00217875
2.44002 0.00217875
2.44005 0.00217875
2.44007 0.00217874
2.4401 0.00217874
2.44012 0.00217873
2.44014 0.00217873
2.44017 0.00217873
2.44019 0.00217873
2.44022 0.00217873
2.44024 0.00217873
2.44027 0.00217872
2.44029 0.00217872
2.44032 0.00217872
2.44034 0.00217872
2.44036 0.00217872
2.44039 0.00217872
