0.0 0
1.00047 0.000467321
1.00097 0.000471227
1.00099 0.000477705
1.00146 0.000480237
1.00149 0.000485513
1.00151 0.000490129
1.00154 0.000497228
1.00196 0.00049732
1.00199 0.000500461
1.00201 0.000503209
1.00204 0.000508673
1.00206 0.000513454
1.00208 0.000520698
1.00211 0.000527036
1.00213 0.000535642
1.00246 0.000530932
1.00248 0.000529871
1.00251 0.000528943
1.00253 0.000531191
1.00256 0.000533158
1.00258 0.000537939
1.00261 0.000542122
1.00263 0.000548842
1.00266 0.000554722
1.00268 0.000562927
1.0027 0.000570107
1.00273 0.000579449
1.00275 0.000587623
1.00278 0.000597836
1.0028 0.000606772
1.00283 0.000617651
1.00296 0.00060269
1.00298 0.000589599
1.00301 0.000578145
1.00303 0.000568122
1.00306 0.000559352
1.00308 0.000551679
1.0031 0.000544965
1.00313 0.00053909
1.00315 0.000533949
1.00318 0.000529451
1.0032 0.000525515
1.00323 0.000522071
1.00325 0.000519058
1.00328 0.000516421
1.0033 0.000514114
1.00332 0.000512095
1.00346 0.000510329
1.00348 0.000508783
1.0035 0.000507431
1.00353 0.000506248
1.00355 0.000508273
1.00358 0.000510044
1.0036 0.000511594
1.00363 0.00051295
1.00365 0.000514137
1.00368 0.000515175
1.0037 0.000516084
1.00373 0.000516879
1.00375 0.000517575
1.00377 0.000518184
1.0038 0.000518717
1.00382 0.000519183
1.00385 0.000519591
1.00395 0.000516888
1.00398 0.000514523
1.004 0.000512453
1.00403 0.000510642
1.00405 0.000509057
1.00408 0.00050767
1.0041 0.000506457
1.00413 0.000505395
1.00415 0.000507526
1.00417 0.000509391
1.0042 0.000511023
1.00422 0.000512451
1.00425 0.0005137
1.00427 0.000514793
1.0043 0.000515749
1.00432 0.000516586
1.00435 0.000517318
1.00437 0.000517959
1.00445 0.00051546
1.00448 0.000513273
1.0045 0.000511359
1.00453 0.000509685
1.00455 0.00050822
1.00457 0.000506938
1.0046 0.000505816
1.00462 0.000504835
1.00465 0.000503976
1.00467 0.000503225
1.0047 0.000502567
1.00472 0.000505052
1.00475 0.000507226
1.00477 0.000509128
1.00479 0.000510793
1.00482 0.000512249
1.00484 0.000513523
1.00487 0.000514638
1.00489 0.000515614
1.00495 0.000513408
1.00497 0.000511478
1.005 0.000509789
1.00502 0.000508311
1.00505 0.000507018
1.00507 0.000505886
1.0051 0.000504896
1.00512 0.00050403
1.00515 0.000503272
1.00517 0.000502609
1.00519 0.000502028
1.00522 0.00050152
1.00524 0.000501076
1.00527 0.000503747
1.00529 0.000506084
1.00532 0.000508129
1.00534 0.000509918
1.00537 0.000511484
1.00539 0.000512854
1.00541 0.000514053
1.00545 0.000512042
1.00547 0.000510282
1.0055 0.000508742
1.00552 0.000507395
1.00555 0.000506216
1.00557 0.000505185
1.00559 0.000504282
1.00562 0.000503492
1.00564 0.000502801
1.00567 0.000502196
1.00569 0.000501667
1.00572 0.000501204
1.00574 0.000500799
1.00577 0.000500445
1.00579 0.000503195
1.00581 0.000505601
1.00584 0.000507706
1.00586 0.000509548
1.00589 0.00051116
1.00591 0.000512571
1.00594 0.000513805
1.00596 0.000513839
1.00599 0.000513869
1.00601 0.000513895
1.00604 0.000513918
1.00606 0.000513938
1.00608 0.000513955
1.00611 0.00051397
1.00613 0.000513983
1.00616 0.000513995
1.00618 0.000514005
1.00621 0.000514014
1.00623 0.000514022
1.00626 0.000514029
1.00628 0.000514035
1.0063 0.0005171
1.00633 0.000519782
1.00635 0.000522129
1.00638 0.000524182
1.0064 0.000525979
1.00643 0.000527551
1.00645 0.000528927
1.00648 0.000530131
1.0065 0.000531184
1.00652 0.000532106
1.00655 0.000532912
1.00657 0.000533618
1.0066 0.000534235
1.00662 0.000534775
1.00665 0.000535248
1.00667 0.000535662
1.0067 0.000536024
1.00672 0.000536341
1.00675 0.000536618
1.00677 0.00053686
1.00679 0.000537072
1.00682 0.000540318
1.00684 0.000543158
1.00687 0.000545643
1.00689 0.000547817
1.00692 0.000549719
1.00694 0.000551384
1.00697 0.000552841
1.00699 0.000554115
1.00701 0.00055523
1.00704 0.000556206
1.00706 0.00055706
1.00709 0.000557807
1.00711 0.000558461
1.00714 0.000559033
1.00716 0.000559533
1.00719 0.000559971
1.00721 0.000560354
1.00723 0.000560689
1.00726 0.000560982
1.00728 0.000561239
1.00731 0.000561464
1.00733 0.000564721
1.00736 0.00056757
1.00738 0.000570063
1.00741 0.000572245
1.00743 0.000574154
1.00745 0.000575824
1.00748 0.000577286
1.0075 0.000578565
1.00753 0.000579684
1.00755 0.000580663
1.00758 0.00058152
1.0076 0.00058227
1.00763 0.000582926
1.00765 0.0005835
1.00768 0.000584002
1.0077 0.000584441
1.00772 0.000584825
1.00775 0.000585161
1.00777 0.000585455
1.0078 0.000585713
1.00782 0.000585938
1.00785 0.000589195
1.00787 0.000592045
1.0079 0.000594539
1.00792 0.000596721
1.00794 0.00059863
1.00797 0.000600301
1.00799 0.000601763
1.00802 0.000603042
1.00804 0.000604161
1.00807 0.00060514
1.00809 0.000605997
1.00812 0.000606747
1.00814 0.000607403
1.00816 0.000607977
1.00819 0.000608479
1.00821 0.000608919
1.00824 0.000609304
1.00826 0.000609641
1.00829 0.000609935
1.00831 0.000610193
1.00834 0.000610418
1.00836 0.000613675
1.00839 0.000616525
1.00841 0.000619019
1.00843 0.000621201
1.00846 0.00062311
1.00848 0.000624781
1.00851 0.000626243
1.00853 0.000627522
1.00856 0.000628641
1.00858 0.00062962
1.00861 0.000630477
1.00863 0.000631227
1.00865 0.000631883
1.00868 0.000632457
1.0087 0.000632959
1.00873 0.000633399
1.00875 0.000633784
1.00878 0.000634121
1.0088 0.000634415
1.00883 0.000634673
1.00885 0.000634898
1.00887 0.000638155
1.0089 0.000641005
1.00892 0.000643499
1.00895 0.000645681
1.00897 0.00064759
1.009 0.000649261
1.00902 0.000650723
1.00905 0.000652002
1.00907 0.000653121
1.0091 0.0006541
1.00912 0.000654957
1.00914 0.000655707
1.00917 0.000656363
1.00919 0.000656937
1.00922 0.000657439
1.00924 0.000657879
1.00927 0.000658264
1.00929 0.000658601
1.00932 0.000658895
1.00934 0.000659153
1.00936 0.000659378
1.00939 0.000662635
1.00941 0.000665485
1.00944 0.000667979
1.00946 0.000670161
1.00949 0.00067207
1.00951 0.000673741
1.00954 0.000675203
1.00956 0.000676482
1.00958 0.000677601
1.00961 0.00067858
1.00963 0.000679437
1.00966 0.000680187
1.00968 0.000680843
1.00971 0.000681417
1.00973 0.000681919
1.00976 0.000682359
1.00978 0.000682744
1.00981 0.000683081
1.00983 0.000683375
1.00985 0.000683633
1.00988 0.000683858
1.0099 0.000687115
1.00993 0.000689965
1.00995 0.000692459
1.00998 0.000694641
1.01 0.00069655
1.01003 0.000698221
1.01005 0.000699683
1.01007 0.000700962
1.0101 0.000702081
1.01012 0.00070306
1.01015 0.000703917
1.01017 0.000704667
1.0102 0.000705323
1.01022 0.000705897
1.01025 0.000706399
1.01027 0.000706839
1.01029 0.000707224
1.01032 0.000707561
1.01034 0.000707855
1.01037 0.000708113
1.01039 0.000708338
1.01042 0.000711595
1.01044 0.000714445
1.01047 0.000716939
1.01049 0.000719121
1.01051 0.00072103
1.01054 0.000722701
1.01056 0.000724163
1.01059 0.000725442
1.01061 0.000726561
1.01064 0.00072754
1.01066 0.000728397
1.01069 0.000729147
1.01071 0.000729803
1.01074 0.000730377
1.01076 0.000730879
1.01078 0.000731319
1.01081 0.000731704
1.01083 0.000732041
1.01086 0.000732335
1.01088 0.000732593
1.01091 0.000732818
1.01093 0.000736075
1.01096 0.000738925
1.01098 0.000741419
1.011 0.000743601
1.01103 0.00074551
1.01105 0.000747181
1.01108 0.000748643
1.0111 0.000749922
1.01113 0.000751041
1.01115 0.00075202
1.01118 0.000752877
1.0112 0.000753627
1.01122 0.000754283
1.01125 0.000754857
1.01127 0.000755359
1.0113 0.000755799
1.01132 0.000756184
1.01135 0.000756521
1.01137 0.000756815
1.0114 0.000757073
1.01142 0.000757298
1.01145 0.000760555
1.01147 0.000763405
1.01149 0.000765899
1.01152 0.000768081
1.01154 0.00076999
1.01157 0.000771661
1.01159 0.000773123
1.01162 0.000774402
1.01164 0.000775521
1.01167 0.0007765
1.01169 0.000777357
1.01171 0.000778107
1.01174 0.000778763
1.01176 0.000779337
1.01179 0.000779839
1.01181 0.000780279
1.01184 0.000780664
1.01186 0.000781001
1.01189 0.000781295
1.01191 0.000781553
1.01193 0.000781778
1.01196 0.000785035
1.01198 0.000787885
1.01201 0.000790379
1.01203 0.000792561
1.01206 0.00079447
1.01208 0.000796141
1.01211 0.000797603
1.01213 0.000798882
1.01216 0.000800001
1.01218 0.00080098
1.0122 0.000801837
1.01223 0.000802587
1.01225 0.000803243
1.01228 0.000803817
1.0123 0.000804319
1.01233 0.000804759
1.01235 0.000805144
1.01238 0.000805481
1.0124 0.000805775
1.01242 0.000806033
1.01245 0.000806258
1.01247 0.000809515
1.0125 0.000812365
1.01252 0.000814859
1.01255 0.000817041
1.01257 0.00081895
1.0126 0.000820621
1.01262 0.000822083
1.01264 0.000823362
1.01267 0.000824481
1.01269 0.00082546
1.01272 0.000826317
1.01274 0.000827067
1.01277 0.000827723
1.01279 0.000828297
1.01282 0.000828799
1.01284 0.000829239
1.01287 0.000829624
1.01289 0.000829961
1.01291 0.000830255
1.01294 0.000830513
1.01296 0.000830738
1.01299 0.000833995
1.01301 0.000836845
1.01304 0.000839339
1.01306 0.000841521
1.01309 0.00084343
1.01311 0.000845101
1.01313 0.000846563
1.01316 0.000847842
1.01318 0.000848961
1.01321 0.00084994
1.01323 0.000850797
1.01326 0.000851547
1.01328 0.000852203
1.01331 0.000852777
1.01333 0.000853279
1.01335 0.000853719
1.01338 0.000854104
1.0134 0.000854441
1.01343 0.000854735
1.01345 0.000854993
1.01348 0.000855218
1.0135 0.000858475
1.01353 0.000861325
1.01355 0.000863819
1.01357 0.000866001
1.0136 0.00086791
1.01362 0.000869581
1.01365 0.000871043
1.01367 0.000872322
1.0137 0.000873441
1.01372 0.00087442
1.01375 0.000875277
1.01377 0.000876027
1.0138 0.000876683
1.01382 0.000877257
1.01384 0.000877759
1.01387 0.000878199
1.01389 0.000878584
1.01392 0.000878921
1.01394 0.000879215
1.01397 0.000879473
1.01399 0.000879698
1.01402 0.000882955
1.01404 0.000885805
1.01406 0.000888299
1.01409 0.000890481
1.01411 0.00089239
1.01414 0.000894061
1.01416 0.000895523
1.01419 0.000896802
1.01421 0.000897921
1.01424 0.0008989
1.01426 0.000899757
1.01428 0.000900507
1.01431 0.000901163
1.01433 0.000901737
1.01436 0.000902239
1.01438 0.000902679
1.01441 0.000903064
1.01443 0.000903401
1.01446 0.000903695
1.01448 0.000903953
1.01451 0.000904178
1.01453 0.000907435
1.01455 0.000910285
1.01458 0.000912779
1.0146 0.000914961
1.01463 0.00091687
1.01465 0.000918541
1.01468 0.000920003
1.0147 0.000921282
1.01473 0.000922401
1.01475 0.00092338
1.01477 0.000924237
1.0148 0.000924987
1.01482 0.000925643
1.01485 0.000926217
1.01487 0.000926719
1.0149 0.000927159
1.01492 0.000927544
1.01495 0.000927881
1.01497 0.000928175
1.01499 0.000928433
1.01502 0.000928658
1.01504 0.000931915
1.01507 0.000934765
1.01509 0.000937259
1.01512 0.000939441
1.01514 0.00094135
1.01517 0.000943021
1.01519 0.000944483
1.01522 0.000945762
1.01524 0.000946881
1.01526 0.00094786
1.01529 0.000948717
1.01531 0.000949467
1.01534 0.000950123
1.01536 0.000950697
1.01539 0.000951199
1.01541 0.000951639
1.01544 0.000952024
1.01546 0.000952361
1.01548 0.000952655
1.01551 0.000952913
1.01553 0.000953138
1.01556 0.000956395
1.01558 0.000959245
1.01561 0.000961739
1.01563 0.000963921
1.01566 0.00096583
1.01568 0.000967501
1.0157 0.000968963
1.01573 0.000970242
1.01575 0.000971361
1.01578 0.00097234
1.0158 0.000973197
1.01583 0.000973947
1.01585 0.000974603
1.01588 0.000975177
1.0159 0.000975679
1.01593 0.000976119
1.01595 0.000976504
1.01597 0.000976841
1.016 0.000977135
1.01602 0.000977393
1.01605 0.000977618
1.01607 0.000980875
1.0161 0.000983725
1.01612 0.000986219
1.01615 0.000988401
1.01617 0.00099031
1.01619 0.000991981
1.01622 0.000993443
1.01624 0.000994722
1.01627 0.000995841
1.01629 0.00099682
1.01632 0.000997677
1.01634 0.000998427
1.01637 0.000999083
1.01639 0.000999657
1.01641 0.00100016
1.01644 0.0010006
1.01646 0.00100098
1.01649 0.00100132
1.01651 0.00100161
1.01654 0.00100187
1.01656 0.0010021
1.01659 0.00100535
1.01661 0.0010082
1.01663 0.0010107
1.01666 0.00101288
1.01668 0.00101479
1.01671 0.00101646
1.01673 0.00101792
1.01676 0.0010192
1.01678 0.00102032
1.01681 0.0010213
1.01683 0.00102216
1.01686 0.00102291
1.01688 0.00102356
1.0169 0.00102414
1.01693 0.00102464
1.01695 0.00102508
1.01698 0.00102546
1.017 0.0010258
1.01703 0.00102609
1.01705 0.00102635
1.01708 0.00102658
1.0171 0.00102983
1.01712 0.00103268
1.01715 0.00103518
1.01717 0.00103736
1.0172 0.00103927
1.01722 0.00104094
1.01725 0.0010424
1.01727 0.00104368
1.0173 0.0010448
1.01732 0.00104578
1.01734 0.00104664
1.01737 0.00104739
1.01739 0.00104804
1.01742 0.00104862
1.01744 0.00104912
1.01747 0.00104956
1.01749 0.00104994
1.01752 0.00105028
1.01754 0.00105057
1.01757 0.00105083
1.01759 0.00105106
1.01761 0.00105431
1.01764 0.00105717
1.01766 0.00105966
1.01769 0.00106184
1.01771 0.00106375
1.01774 0.00106542
1.01776 0.00106688
1.01779 0.00106816
1.01781 0.00106928
1.01783 0.00107026
1.01786 0.00107112
1.01788 0.00107187
1.01791 0.00107252
1.01793 0.0010731
1.01796 0.0010736
1.01798 0.00107404
1.01801 0.00107442
1.01803 0.00107476
1.01805 0.00107506
1.01808 0.00107531
1.0181 0.00107554
1.01813 0.0010788
1.01815 0.00108165
1.01818 0.00108414
1.0182 0.00108632
1.01823 0.00108823
1.01825 0.0010899
1.01828 0.00109136
1.0183 0.00109264
1.01832 0.00109376
1.01835 0.00109474
1.01837 0.0010956
1.0184 0.00109635
1.01842 0.001097
1.01845 0.00109758
1.01847 0.00109808
1.0185 0.00109852
1.01852 0.0010989
1.01854 0.00109924
1.01857 0.00109954
1.01859 0.00109979
1.01862 0.00110002
1.01864 0.00110327
1.01867 0.00110612
1.01869 0.00110862
1.01872 0.0011108
1.01874 0.00111271
1.01876 0.00111438
1.01879 0.00111584
1.01881 0.00111712
1.01884 0.00111824
1.01886 0.00111922
1.01889 0.00112008
1.01891 0.00112083
1.01894 0.00112148
1.01896 0.00112206
1.01899 0.00112256
1.01901 0.001123
1.01903 0.00112338
1.01906 0.00112372
1.01908 0.00112401
1.01911 0.00112427
1.01913 0.0011245
1.01916 0.00112776
1.01918 0.00113061
1.01921 0.0011331
1.01923 0.00113528
1.01925 0.00113719
1.01928 0.00113886
1.0193 0.00114032
1.01933 0.0011416
1.01935 0.00114272
1.01938 0.0011437
1.0194 0.00114456
1.01943 0.00114531
1.01945 0.00114596
1.01947 0.00114654
1.0195 0.00114704
1.01952 0.00114748
1.01955 0.00114786
1.01957 0.0011482
1.0196 0.0011485
1.01962 0.00114875
1.01965 0.00114898
1.01967 0.00115223
1.01969 0.00115508
1.01972 0.00115758
1.01974 0.00115976
1.01977 0.00116167
1.01979 0.00116334
1.01982 0.0011648
1.01984 0.00116608
1.01987 0.0011672
1.01989 0.00116818
1.01992 0.00116904
1.01994 0.00116979
1.01996 0.00117044
1.01999 0.00117102
1.02001 0.00117152
1.02004 0.00117196
1.02006 0.00117234
1.02009 0.00117268
1.02011 0.00117297
1.02014 0.00117323
1.02016 0.00117346
1.02018 0.00117672
1.02021 0.00117957
1.02023 0.00118206
1.02026 0.00118424
1.02028 0.00118615
1.02031 0.00118782
1.02033 0.00118928
1.02036 0.00119056
1.02038 0.00119168
1.0204 0.00119266
1.02043 0.00119352
1.02045 0.00119427
1.02048 0.00119492
1.0205 0.0011955
1.02053 0.001196
1.02055 0.00119644
1.02058 0.00119682
1.0206 0.00119716
1.02063 0.00119746
1.02065 0.00119771
1.02067 0.00119794
1.0207 0.00120119
1.02072 0.00120404
1.02075 0.00120654
1.02077 0.00120872
1.0208 0.00121063
1.02082 0.0012123
1.02085 0.00121376
1.02087 0.00121504
1.02089 0.00121616
1.02092 0.00121714
1.02094 0.001218
1.02097 0.00121875
1.02099 0.0012194
1.02102 0.00121998
1.02104 0.00122048
1.02107 0.00122092
1.02109 0.0012213
1.02111 0.00122164
1.02114 0.00122193
1.02116 0.00122219
1.02119 0.00122242
1.02121 0.00122567
1.02124 0.00122852
1.02126 0.00123102
1.02129 0.0012332
1.02131 0.00123511
1.02134 0.00123678
1.02136 0.00123824
1.02138 0.00123952
1.02141 0.00124064
1.02143 0.00124162
1.02146 0.00124248
1.02148 0.00124323
1.02151 0.00124388
1.02153 0.00124446
1.02156 0.00124496
1.02158 0.0012454
1.0216 0.00124578
1.02163 0.00124612
1.02165 0.00124641
1.02168 0.00124667
1.0217 0.0012469
1.02173 0.00125015
1.02175 0.001253
1.02178 0.0012555
1.0218 0.00125768
1.02182 0.00125959
1.02185 0.00126126
1.02187 0.00126272
1.0219 0.001264
1.02192 0.00126512
1.02195 0.0012661
1.02197 0.00126696
1.022 0.00126771
1.02202 0.00126836
1.02205 0.00126894
1.02207 0.00126944
1.02209 0.00126988
1.02212 0.00127026
1.02214 0.0012706
1.02217 0.00127089
1.02219 0.00127115
1.02222 0.00127138
1.02224 0.00127464
1.02227 0.00127749
1.02229 0.00127998
1.02231 0.00128216
1.02234 0.00128407
1.02236 0.00128574
1.02239 0.0012872
1.02241 0.00128848
1.02244 0.0012896
1.02246 0.00129058
1.02249 0.00129144
1.02251 0.00129219
1.02253 0.00129284
1.02256 0.00129342
1.02258 0.00129392
1.02261 0.00129436
1.02263 0.00129474
1.02266 0.00129508
1.02268 0.00129538
1.02271 0.00129563
1.02273 0.00129586
1.02275 0.00129911
1.02278 0.00130196
1.0228 0.00130446
1.02283 0.00130664
1.02285 0.00130855
1.02288 0.00131022
1.0229 0.00131168
1.02293 0.00131296
1.02295 0.00131408
1.02298 0.00131506
1.023 0.00131592
1.02302 0.00131667
1.02305 0.00131732
1.02307 0.0013179
1.0231 0.0013184
1.02312 0.00131884
1.02315 0.00131922
1.02317 0.00131956
1.0232 0.00131985
1.02322 0.00132011
1.02324 0.00132034
1.02327 0.00132359
1.02329 0.00132644
1.02332 0.00132894
1.02334 0.00133112
1.02337 0.00133303
1.02339 0.0013347
1.02342 0.00133616
1.02344 0.00133744
1.02346 0.00133856
1.02349 0.00133954
1.02351 0.0013404
1.02354 0.00134115
1.02356 0.0013418
1.02359 0.00134238
1.02361 0.00134288
1.02364 0.00134332
1.02366 0.0013437
1.02369 0.00134404
1.02371 0.00134433
1.02373 0.00134459
1.02376 0.00134482
1.02378 0.00134808
1.02381 0.00135092
1.02383 0.00135342
1.02386 0.0013556
1.02388 0.00135751
1.02391 0.00135918
1.02393 0.00136064
1.02395 0.00136192
1.02398 0.00136304
1.024 0.00136402
1.02403 0.00136488
1.02405 0.00136563
1.02408 0.00136628
1.0241 0.00136686
1.02413 0.00136736
1.02415 0.0013678
1.02417 0.00136818
1.0242 0.00136852
1.02422 0.00136882
1.02425 0.00136907
1.02427 0.0013693
1.0243 0.00137255
1.02432 0.0013754
1.02435 0.0013779
1.02437 0.00138008
1.0244 0.00138199
1.02442 0.00138366
1.02444 0.00138512
1.02447 0.0013864
1.02449 0.00138752
1.02452 0.0013885
1.02454 0.00138936
1.02457 0.00139011
1.02459 0.00139076
1.02462 0.00139134
1.02464 0.00139184
1.02466 0.00139228
1.02469 0.00139266
1.02471 0.001393
1.02474 0.00139329
1.02476 0.00139355
1.02479 0.00139378
1.02481 0.00139704
1.02484 0.00139989
1.02486 0.00140238
1.02488 0.00140456
1.02491 0.00140647
1.02493 0.00140814
1.02496 0.0014096
1.02498 0.00141088
1.02501 0.001412
1.02503 0.00141298
1.02506 0.00141384
1.02508 0.00141459
1.02511 0.00141524
1.02513 0.00141582
1.02515 0.00141632
1.02518 0.00141676
1.0252 0.00141714
1.02523 0.00141748
1.02525 0.00141778
1.02528 0.00141803
1.0253 0.00141826
1.02533 0.00142151
1.02535 0.00142436
1.02537 0.00142686
1.0254 0.00142904
1.02542 0.00143095
1.02545 0.00143262
1.02547 0.00143408
1.0255 0.00143536
1.02552 0.00143648
1.02555 0.00143746
1.02557 0.00143832
1.02559 0.00143907
1.02562 0.00143972
1.02564 0.0014403
1.02567 0.0014408
1.02569 0.00144124
1.02572 0.00144162
1.02574 0.00144196
1.02577 0.00144225
1.02579 0.00144251
1.02581 0.00144274
1.02584 0.001446
1.02586 0.00144885
1.02589 0.00145134
1.02591 0.00145352
1.02594 0.00145543
1.02596 0.0014571
1.02599 0.00145856
1.02601 0.00145984
1.02604 0.00146096
1.02606 0.00146194
1.02608 0.0014628
1.02611 0.00146355
1.02613 0.0014642
1.02616 0.00146478
1.02618 0.00146528
1.02621 0.00146572
1.02623 0.0014661
1.02626 0.00146644
1.02628 0.00146674
1.0263 0.00146699
1.02633 0.00146722
1.02635 0.00147047
1.02638 0.00147332
1.0264 0.00147582
1.02643 0.001478
1.02645 0.00147991
1.02648 0.00148158
1.0265 0.00148304
1.02652 0.00148432
1.02655 0.00148544
1.02657 0.00148642
1.0266 0.00148728
1.02662 0.00148803
1.02665 0.00148868
1.02667 0.00148926
1.0267 0.00148976
1.02672 0.0014902
1.02675 0.00149058
1.02677 0.00149092
1.02679 0.00149121
1.02682 0.00149147
1.02684 0.0014917
1.02687 0.00149496
1.02689 0.00149781
1.02692 0.0015003
1.02694 0.00150248
1.02697 0.00150439
1.02699 0.00150606
1.02701 0.00150752
1.02704 0.0015088
1.02706 0.00150992
1.02709 0.0015109
1.02711 0.00151176
1.02714 0.00151251
1.02716 0.00151316
1.02719 0.00151374
1.02721 0.00151424
1.02723 0.00151468
1.02726 0.00151506
1.02728 0.0015154
1.02731 0.0015157
1.02733 0.00151595
1.02736 0.00151618
1.02738 0.00151943
1.02741 0.00152228
1.02743 0.00152478
1.02746 0.00152696
1.02748 0.00152887
1.0275 0.00153054
1.02753 0.001532
1.02755 0.00153328
1.02758 0.0015344
1.0276 0.00153538
1.02763 0.00153624
1.02765 0.00153699
1.02768 0.00153764
1.0277 0.00153822
1.02772 0.00153872
1.02775 0.00153916
1.02777 0.00153954
1.0278 0.00153988
1.02782 0.00154017
1.02785 0.00154043
1.02787 0.00154066
1.0279 0.00154391
1.02792 0.00154676
1.02794 0.00154926
1.02797 0.00155144
1.02799 0.00155335
1.02802 0.00155502
1.02804 0.00155648
1.02807 0.00155776
1.02809 0.00155888
1.02812 0.00155986
1.02814 0.00156072
1.02817 0.00156147
1.02819 0.00156212
1.02821 0.0015627
1.02824 0.0015632
1.02826 0.00156364
1.02829 0.00156402
1.02831 0.00156436
1.02834 0.00156465
1.02836 0.00156491
1.02839 0.00156514
1.02841 0.00156839
1.02843 0.00157124
1.02846 0.00157374
1.02848 0.00157592
1.02851 0.00157783
1.02853 0.0015795
1.02856 0.00158096
1.02858 0.00158224
1.02861 0.00158336
1.02863 0.00158434
1.02865 0.0015852
1.02868 0.00158595
1.0287 0.0015866
1.02873 0.00158718
1.02875 0.00158768
1.02878 0.00158812
1.0288 0.0015885
1.02883 0.00158884
1.02885 0.00158913
1.02887 0.00158939
1.0289 0.00158962
1.02892 0.00159288
1.02895 0.00159573
1.02897 0.00159822
1.029 0.0016004
1.02902 0.00160231
1.02905 0.00160398
1.02907 0.00160544
1.0291 0.00160672
1.02912 0.00160784
1.02914 0.00160882
1.02917 0.00160968
1.02919 0.00161043
1.02922 0.00161108
1.02924 0.00161166
1.02927 0.00161216
1.02929 0.0016126
1.02932 0.00161298
1.02934 0.00161332
1.02936 0.00161362
1.02939 0.00161387
1.02941 0.0016141
1.02944 0.00161736
1.02946 0.0016202
1.02949 0.0016227
1.02951 0.00162488
1.02954 0.00162679
1.02956 0.00162846
1.02958 0.00162992
1.02961 0.0016312
1.02963 0.00163232
1.02966 0.0016333
1.02968 0.00163416
1.02971 0.00163491
1.02973 0.00163556
1.02976 0.00163614
1.02978 0.00163664
1.02981 0.00163708
1.02983 0.00163746
1.02985 0.0016378
1.02988 0.0016381
1.0299 0.00163835
1.02993 0.00163858
1.02995 0.00164183
1.02998 0.00164468
1.03 0.00164718
1.03003 0.00164936
1.03005 0.00165127
1.03007 0.00165294
1.0301 0.0016544
1.03012 0.00165568
1.03015 0.0016568
1.03017 0.00165778
1.0302 0.00165864
1.03022 0.00165939
1.03025 0.00166004
1.03027 0.00166062
1.03029 0.00166112
1.03032 0.00166156
1.03034 0.00166194
1.03037 0.00166228
1.03039 0.00166257
1.03042 0.00166283
1.03044 0.00166306
1.03047 0.00166632
1.03049 0.00166917
1.03052 0.00167166
1.03054 0.00167384
1.03056 0.00167575
1.03059 0.00167742
1.03061 0.00167888
1.03064 0.00168016
1.03066 0.00168128
1.03069 0.00168226
1.03071 0.00168312
1.03074 0.00168387
1.03076 0.00168452
1.03078 0.0016851
1.03081 0.0016856
1.03083 0.00168604
1.03086 0.00168642
1.03088 0.00168676
1.03091 0.00168706
1.03093 0.00168731
1.03096 0.00168754
1.03098 0.00169079
1.031 0.00169364
1.03103 0.00169614
1.03105 0.00169832
1.03108 0.00170023
1.0311 0.0017019
1.03113 0.00170336
1.03115 0.00170464
1.03118 0.00170576
1.0312 0.00170674
1.03123 0.0017076
1.03125 0.00170835
1.03127 0.001709
1.0313 0.00170958
1.03132 0.00171008
1.03135 0.00171052
1.03137 0.0017109
1.0314 0.00171124
1.03142 0.00171153
1.03145 0.00171179
1.03147 0.00171202
1.03481 0.00168918
1.03488 0.00167227
1.03491 0.00165748
1.03496 0.00164454
1.03498 0.00163322
1.03502 0.00162331
1.03504 0.00161464
1.03509 0.00160858
1.03512 0.00160328
1.03515 0.00159865
1.03522 0.00159459
1.03524 0.00159104
1.03528 0.00158793
1.0353 0.00158524
1.03533 0.00158594
1.03535 0.00158962
1.03536 0.00159436
1.03539 0.00160157
1.03541 0.00161094
1.03542 0.00161608
1.03545 0.00161905
1.03547 0.00162012
1.03561 0.00161493
1.03567 0.00161042
1.03569 0.00160953
1.0357 0.00161028
1.03573 0.00161399
1.03575 0.00162031
1.03577 0.00162736
1.03579 0.00163659
1.03582 0.00164773
1.03584 0.00166053
1.03586 0.0016748
1.03589 0.00169034
1.03591 0.001707
1.03605 0.00169251
1.0361 0.00167984
1.03612 0.00167182
1.03613 0.00166633
1.03616 0.00166459
1.03617 0.0016646
1.03619 0.00166766
1.03621 0.00167187
1.03623 0.00167862
1.03624 0.00168605
1.03627 0.00169561
1.03629 0.00170704
1.0363 0.00171857
1.03633 0.00173172
1.03644 0.00171875
1.03649 0.00170433
1.03651 0.00169172
1.03656 0.00168068
1.03659 0.00167103
1.03662 0.00166258
1.03665 0.00165519
1.0367 0.00164872
1.03673 0.00164459
1.03677 0.00164097
1.03683 0.00163781
1.03686 0.00163504
1.03689 0.00163262
1.03692 0.0016305
1.03694 0.00163171
1.03695 0.00163124
1.03698 0.00163082
1.03699 0.00163046
1.03701 0.00163014
1.03704 0.00162986
1.03705 0.00162962
1.03708 0.00162941
1.0371 0.00162922
1.03723 0.00162906
1.03731 0.00163044
1.03733 0.00163166
1.03735 0.00163272
1.03737 0.00163365
1.03739 0.00163446
1.03741 0.00163517
1.03743 0.0016358
1.03746 0.00163634
1.03748 0.00163682
1.0375 0.00163724
1.03753 0.0016376
1.03755 0.00163792
1.0377 0.00163973
1.03775 0.00164131
1.03777 0.0016427
1.03779 0.00164391
1.03781 0.00164497
1.03782 0.0016459
1.03785 0.00164671
1.03786 0.00164742
1.03788 0.00164804
1.0379 0.00164859
1.03792 0.00164906
1.03794 0.00164948
1.03796 0.00164985
1.03798 0.00165016
1.0381 0.00165197
1.03815 0.00165356
1.03818 0.00165494
1.03823 0.00165615
1.03825 0.00165721
1.03829 0.00165814
1.03831 0.00165895
1.03836 0.00165966
1.03841 0.00166182
1.03845 0.0016637
1.03851 0.00166534
1.03853 0.00166679
1.03857 0.00166805
1.03859 0.00166915
1.03862 0.00167012
1.03863 0.00167096
1.03865 0.0016717
1.03867 0.00167235
1.03869 0.00167291
1.03872 0.00167341
1.03873 0.00167384
1.03875 0.00167422
1.03878 0.00167455
1.03892 0.00167637
1.039 0.00167797
1.03902 0.00167936
1.03903 0.00168058
1.03906 0.00168165
1.03908 0.00168258
1.0391 0.0016834
1.03912 0.00168411
1.03914 0.00168474
1.03918 0.00168681
1.03921 0.00168863
1.03923 0.00169022
1.03925 0.00169162
1.0394 0.00169283
1.03945 0.0016939
1.03947 0.00169483
1.03949 0.00169565
1.03951 0.00169636
1.03952 0.00169699
1.03955 0.00169753
1.03956 0.00169801
1.03958 0.00169843
1.0396 0.00169879
1.03962 0.00169911
1.03965 0.00169939
1.03966 0.00169964
1.03968 0.00169985
1.03981 0.00170004
1.03985 0.0017002
1.03988 0.00170035
1.03993 0.00170047
1.03995 0.00170058
1.03999 0.00170068
1.04001 0.00170076
1.04006 0.00170084
1.04011 0.0017009
1.04015 0.00170096
1.04021 0.00170101
1.04023 0.00170105
1.04027 0.00170109
1.04029 0.00170112
1.04032 0.00170115
1.04033 0.00170118
1.04036 0.0017012
1.04037 0.00170122
1.04039 0.00170124
1.04042 0.00170125
1.04043 0.00170126
1.04045 0.00170128
1.04048 0.00170129
1.04063 0.0017013
1.0407 0.0017013
1.04072 0.00170131
1.04074 0.00170132
1.04076 0.00170132
1.04078 0.00170133
1.0408 0.00170133
1.04082 0.00170133
1.04085 0.00170134
1.04088 0.00170134
1.04091 0.00170134
1.04093 0.00170134
1.04096 0.00170134
1.0411 0.00170135
1.04115 0.00170135
1.04118 0.00170135
1.04119 0.00170135
1.04121 0.00170135
1.04123 0.00170135
1.04125 0.00170135
1.04126 0.00170135
1.08943 0.00170441
1.08946 0.00170556
1.0895 0.00170656
1.08956 0.00170744
1.08959 0.00170821
1.08962 0.00170889
1.08965 0.00170948
1.08967 0.00170999
1.08968 0.00171044
1.08971 0.00171083
1.08972 0.00171118
1.08974 0.00171148
1.08977 0.00171175
1.08978 0.00171198
1.08981 0.00171218
1.08983 0.00171236
1.08998 0.00171251
1.09005 0.00171265
1.09007 0.00171277
1.09009 0.00171287
1.09011 0.00171296
1.09014 0.00171304
1.09015 0.00171311
1.09017 0.00171317
1.0902 0.00171322
1.09023 0.00171327
1.09026 0.00171331
1.09028 0.00171335
1.09031 0.00171338
1.09045 0.00171341
1.0905 0.00171343
1.09053 0.00171345
1.09054 0.00171347
1.09056 0.00171349
1.09058 0.0017135
1.0906 0.00171351
1.09061 0.00171352
1.09064 0.00171353
1.09065 0.00171354
1.09067 0.00171355
1.0907 0.00171355
1.09071 0.00171356
1.09074 0.00171356
1.09086 0.00171357
1.09091 0.00171357
1.09093 0.00171357
1.09098 0.00171358
1.09101 0.00171358
1.09104 0.00171358
1.09107 0.00171358
1.09112 0.00171359
1.09114 0.00171359
1.09118 0.00171359
1.09121 0.00171359
1.09127 0.00171359
1.0913 0.00171359
1.09134 0.00171359
1.09136 0.00171359
1.09138 0.00171359
1.10349 0.00170899
1.10364 0.00170495
1.10372 0.00169989
1.10374 0.00169547
1.10377 0.00169007
1.10378 0.00168534
1.10382 0.00167968
1.10387 0.00167319
1.10389 0.00166751
1.10405 0.00166101
1.1041 0.00165533
1.10413 0.00164882
1.10415 0.00164313
1.10418 0.00163662
1.10419 0.00163093
1.10421 0.00162441
1.10425 0.00161718
1.10426 0.00161086
1.1044 0.00160379
1.10445 0.00159761
1.10451 0.00159067
1.10453 0.0015846
1.10458 0.00157775
1.10463 0.00157177
1.1047 0.00156347
1.10476 0.0015562
1.10479 0.00154985
1.10483 0.00154429
1.10485 0.00153943
1.10487 0.00153517
1.10489 0.00153144
1.10491 0.00152819
1.10494 0.00152533
1.10496 0.00152286
1.10498 0.00152375
1.10501 0.001523
1.10516 0.00152235
1.10524 0.00152177
1.10525 0.00152127
1.10529 0.00152083
1.1053 0.00152045
1.10534 0.00152011
1.10539 0.00151982
1.10541 0.00151956
1.10557 0.00151933
1.10562 0.00151914
1.10565 0.00151896
1.10567 0.00151881
1.10569 0.00151868
1.10571 0.00151856
1.10573 0.00151846
1.10577 0.00151838
1.10578 0.0015183
1.10591 0.00151823
1.10596 0.00151817
1.10602 0.00151812
1.10605 0.00151808
1.1061 0.00151804
1.10615 0.001518
1.10622 0.00151797
1.10628 0.00151794
1.10631 0.00151792
1.10634 0.0015179
1.10637 0.00151788
1.10639 0.00151787
1.1064 0.00151785
1.10643 0.00151784
1.10645 0.00151783
1.10648 0.00151782
1.1065 0.00151781
1.10653 0.00151781
1.10667 0.0015178
1.10676 0.00151779
1.10677 0.00151779
1.10681 0.00151779
1.10682 0.00151778
1.10686 0.00151778
1.10691 0.00151778
1.10693 0.00151777
1.10709 0.00151777
1.10714 0.00151777
1.10716 0.00151777
1.10719 0.00151777
1.10721 0.00151777
1.10722 0.00151776
1.10725 0.00151776
1.10729 0.00151776
1.1073 0.00151776
1.10743 0.00151776
1.10748 0.00151776
1.17323 0.00152082
1.17325 0.00152197
1.17327 0.00152297
1.1733 0.00152385
1.17332 0.00152462
1.17347 0.00152529
1.17355 0.00152588
1.17356 0.00152639
1.1736 0.00152684
1.17361 0.00152724
1.17365 0.00152758
1.1737 0.00152788
1.17372 0.00152815
1.17388 0.00152838
1.17393 0.00152858
1.17396 0.00152876
1.17398 0.00152891
1.17401 0.00152905
1.17402 0.00152917
1.17404 0.00152927
1.17408 0.00152936
1.17409 0.00152944
1.17423 0.00152951
1.17427 0.00152957
1.17434 0.00152962
1.17436 0.00152967
1.17441 0.00152971
1.17446 0.00152975
1.17453 0.00152978
1.17459 0.00152981
1.17462 0.00152983
1.17465 0.00152985
1.17468 0.00152987
1.1747 0.00152988
1.17472 0.0015299
1.17474 0.00152991
1.17476 0.00152992
1.17478 0.00152993
1.1748 0.00152994
1.17483 0.00152995
1.17485 0.00152995
1.175 0.00152996
1.17508 0.00152996
1.17509 0.00152997
1.17513 0.00152997
1.17514 0.00152997
1.17518 0.00152998
1.17523 0.00152998
1.17525 0.00152998
1.17541 0.00152998
1.17546 0.00152998
1.17549 0.00152999
1.17551 0.00152999
1.17554 0.00152999
1.17555 0.00152999
1.17557 0.00152999
1.17561 0.00152999
1.17562 0.00152999
1.17576 0.00152999
1.3032 0.00152538
1.30323 0.00152135
1.30325 0.00151629
1.30329 0.00151034
1.30331 0.00150513
1.30353 0.00149904
1.30357 0.00149218
1.30358 0.00148618
1.30365 0.0014794
1.30383 0.00147194
1.30387 0.00146541
1.30391 0.00145816
1.30394 0.00145029
1.30396 0.00144341
1.30412 0.00143432
1.30417 0.00142637
1.30423 0.00141942
1.30425 0.00141333
1.3043 0.00140801
1.30435 0.00140335
1.30447 0.00139927
1.3045 0.0013957
1.30454 0.0013926
1.30456 0.00139295
1.30458 0.00139172
1.30461 0.0013937
1.30462 0.00139391
1.30465 0.00139409
1.30468 0.00139425
1.30471 0.00139439
1.30493 0.00139451
1.30496 0.00139461
1.30498 0.00139471
1.30505 0.00139479
1.30522 0.00139486
1.30527 0.00139492
1.30531 0.00139497
1.30533 0.00139502
1.30536 0.00139507
1.30551 0.0013951
1.30556 0.00139513
1.30562 0.00139516
1.30565 0.00139518
1.3057 0.00139521
1.30575 0.00139522
1.30587 0.00139524
1.30589 0.00139525
1.30593 0.00139527
1.30596 0.00139528
1.30598 0.00139529
1.306 0.0013953
1.30602 0.0013953
1.30604 0.00139531
1.30608 0.00139532
1.3061 0.00139532
1.30632 0.00139533
1.30636 0.00139533
1.30637 0.00139533
1.30644 0.00139534
1.30662 0.00139534
1.30667 0.00139534
1.3067 0.00139534
1.30673 0.00139535
1.30675 0.00139535
1.30691 0.00139535
1.30696 0.00139535
1.30702 0.00139535
1.30704 0.00139535
1.30709 0.00139535
1.30714 0.00139535
1.30726 0.00139535
1.40694 0.00139841
1.40709 0.00139956
1.40714 0.00140056
1.40718 0.00140144
1.4072 0.00140221
1.40723 0.00140289
1.40739 0.00140347
1.40744 0.00140399
1.4075 0.00140444
1.40752 0.00140483
1.40757 0.00140518
1.40762 0.00140548
1.40774 0.00140575
1.40777 0.00140598
1.4078 0.00140618
1.40783 0.00140636
1.40785 0.00140651
1.40788 0.00140665
1.40789 0.00140677
1.40791 0.00140687
1.40795 0.00140696
1.40798 0.00140704
1.4082 0.00140711
1.40823 0.00140717
1.40824 0.00140722
1.40832 0.00140727
1.40834 0.00140731
1.4085 0.00140735
1.40855 0.00140738
1.40859 0.00140741
1.40861 0.00140743
1.40864 0.00140745
1.4088 0.00140747
1.40884 0.00140748
1.40891 0.0014075
1.40893 0.00140751
1.40898 0.00140752
1.40903 0.00140753
1.40915 0.00140754
1.40918 0.00140755
1.40921 0.00140755
1.40924 0.00140756
1.40926 0.00140756
1.40929 0.00140757
1.4093 0.00140757
1.40932 0.00140757
1.40936 0.00140758
1.40938 0.00140758
1.4096 0.00140758
1.40964 0.00140758
1.40965 0.00140759
1.40973 0.00140759
1.40975 0.00140759
1.40991 0.00140759
1.40996 0.00140759
1.41 0.00140759
1.41002 0.00140759
1.41004 0.00140759
1.4102 0.00140759
1.50155 0.00138923
1.50156 0.00136858
1.50157 0.00134439
1.50159 0.00132169
1.5016 0.00129723
1.50161 0.00127125
1.50162 0.00123474
1.50164 0.00120127
1.50165 0.00116892
1.50166 0.00113908
1.50167 0.00111145
1.50168 0.00108574
1.5017 0.00106324
1.50171 0.00104202
1.50172 0.0010204
1.50173 0.00099995
1.50192 0.000977466
1.50195 0.000957792
1.50197 0.000940578
1.50204 0.000925515
1.50206 0.000912335
1.50222 0.000900803
1.50227 0.000890712
1.50231 0.000881883
1.50233 0.000874157
1.50236 0.000867397
1.50237 0.000861482
1.50238 0.000856306
1.50239 0.000851777
1.50241 0.000847814
1.50242 0.000844347
1.50243 0.000841313
1.50244 0.000838658
1.50246 0.000836335
1.50247 0.000834303
1.50248 0.000832525
1.50249 0.000830969
1.50251 0.000829607
1.50252 0.000828416
1.50253 0.000827374
1.50254 0.000826462
1.50255 0.000825664
1.50274 0.000824966
1.50277 0.000824355
1.50279 0.00082382
1.50286 0.000823352
1.50288 0.000822943
1.50304 0.000822585
1.50309 0.000822271
1.50313 0.000821997
1.50315 0.000821757
1.50318 0.000821547
1.50319 0.000821363
1.5032 0.000821202
1.50321 0.000821061
1.50323 0.000820938
1.50324 0.00082083
1.50325 0.000820736
1.50326 0.000820654
1.50328 0.000820582
1.50329 0.000820519
1.5033 0.000820464
1.50331 0.000820416
1.50333 0.000820374
1.50334 0.000820337
1.50335 0.000820304
1.50336 0.000820276
1.50337 0.000820251
1.50356 0.000820229
1.50359 0.00082021
1.50361 0.000820193
1.50368 0.000820178
1.5037 0.000820165
1.50386 0.000820154
1.50391 0.000820144
1.50395 0.000820136
1.50397 0.000820129
1.504 0.000820122
1.50401 0.000820116
1.50402 0.000820111
1.50404 0.000820107
1.50405 0.000820103
1.50406 0.0008201
1.50407 0.000820097
1.50408 0.000820094
1.5041 0.000820092
1.50411 0.00082009
1.50412 0.000820088
1.50413 0.000820087
1.50415 0.000820086
1.50416 0.000820085
1.50417 0.000820084
1.50418 0.000820083
1.50419 0.000820082
1.50438 0.000820081
1.50441 0.00082008
1.52833 0.00082314
1.52848 0.000824287
1.52853 0.000825291
1.52856 0.000826169
1.52859 0.000826937
1.52861 0.000827609
1.52863 0.000828197
1.52864 0.000828712
1.52865 0.000829163
1.52866 0.000829557
1.52867 0.000829902
1.52869 0.000830204
1.5287 0.000830468
1.52871 0.000830699
1.52872 0.000830901
1.52874 0.000831078
1.52875 0.000831233
1.52876 0.000831368
1.52877 0.000831487
1.52878 0.000831591
1.5288 0.000831682
1.52881 0.000831761
1.52899 0.00083183
1.52903 0.000831891
1.52904 0.000831944
1.52911 0.000831991
1.52914 0.000832032
1.52916 0.000832068
1.52931 0.000832099
1.52936 0.000832126
1.5294 0.00083215
1.52942 0.000832171
1.52945 0.000832189
1.52946 0.000832205
1.52947 0.000832219
1.52948 0.000832231
1.52949 0.000832242
1.52951 0.000832251
1.52952 0.000832259
1.52953 0.000832266
1.52954 0.000832272
1.52956 0.000832278
1.52957 0.000832283
1.52958 0.000832287
1.52959 0.000832291
1.5296 0.000832294
1.52962 0.000832297
1.52963 0.000832299
1.52964 0.000832301
1.52982 0.000832303
1.52986 0.000832305
1.52987 0.000832306
1.52995 0.000832307
1.52997 0.000832308
1.53 0.000832309
1.53014 0.00083231
1.53019 0.000832311
1.53023 0.000832312
1.53025 0.000832313
1.61159 0.000835373
1.61172 0.000836521
1.61177 0.000837525
1.61181 0.000838404
1.61183 0.000839173
1.61186 0.000839846
1.61187 0.000840435
1.61188 0.00084095
1.61189 0.000841401
1.61191 0.000841795
1.61192 0.00084214
1.61193 0.000842442
1.61194 0.000842706
1.61196 0.000842937
1.61197 0.000843139
1.61198 0.000843316
1.61199 0.000843471
1.612 0.000843607
1.61202 0.000843726
1.61203 0.00084383
1.61204 0.000843921
1.61205 0.000844
1.61224 0.00084407
1.61227 0.000844131
1.61229 0.000844184
1.61236 0.000844231
1.61238 0.000844272
1.61241 0.000844308
1.61243 0.000844339
1.61257 0.000844366
1.61262 0.00084439
1.61265 0.000844411
1.61268 0.000844429
1.6127 0.000844445
1.61271 0.000844459
1.61273 0.000844471
1.61274 0.000844482
1.61275 0.000844491
1.61276 0.000844499
1.61278 0.000844506
1.61279 0.000844512
1.6128 0.000844518
1.61281 0.000844523
1.61282 0.000844527
1.61284 0.000844531
1.61285 0.000844534
1.61286 0.000844537
1.61287 0.000844539
1.61289 0.000844541
1.6129 0.000844543
1.61308 0.000844545
1.61312 0.000844546
1.61313 0.000844547
1.6132 0.000844548
1.61323 0.000844549
1.61325 0.00084455
1.61328 0.000844551
1.61341 0.000844552
1.61346 0.000844553
1.61779 0.000846083
1.61781 0.000847422
1.61782 0.000848594
1.61783 0.000849619
1.61784 0.000850516
1.61785 0.000851301
1.61787 0.000851988
1.61788 0.000852589
1.61789 0.000853115
1.6179 0.000853575
1.61792 0.000853978
1.61793 0.00085433
1.61794 0.000854638
1.61795 0.000854908
1.61796 0.000855144
1.61798 0.000855351
1.61816 0.000855532
1.6182 0.00085569
1.61821 0.000855828
1.61828 0.000855949
1.61831 0.000856055
1.61833 0.000856148
1.61836 0.000856229
1.61849 0.0008563
1.61854 0.000856362
1.61858 0.000856416
1.6186 0.000856464
1.61863 0.000856506
1.61865 0.000856542
1.61866 0.000856574
1.61867 0.000856602
1.61869 0.000856626
1.6187 0.000856647
1.61871 0.000856666
1.61872 0.000856682
1.61874 0.000856696
1.61875 0.000856709
1.61876 0.00085672
1.61877 0.00085673
1.61879 0.000856738
1.6188 0.000856745
1.61881 0.000856751
1.61882 0.000856757
1.61883 0.000856762
1.61902 0.000856766
1.61905 0.00085677
1.61907 0.000856773
1.61914 0.000856776
1.61916 0.000856779
1.61919 0.000856781
1.61921 0.000856783
1.61935 0.000856785
1.6194 0.000856786
1.61943 0.000856787
1.61946 0.000856788
1.61948 0.000856789
1.61951 0.00085679
1.61952 0.000856791
1.61953 0.000856792
1.61954 0.000856793
1.69721 0.000859853
1.69733 0.000861001
1.69738 0.000862005
1.69741 0.000862884
1.69744 0.000863653
1.69746 0.000864326
1.69749 0.000864915
1.6975 0.00086543
1.69751 0.000865881
1.69752 0.000866275
1.69754 0.00086662
1.69755 0.000866922
1.69756 0.000867186
1.69757 0.000867417
1.69759 0.000867619
1.6976 0.000867796
1.69761 0.000867951
1.69762 0.000868087
1.69764 0.000868206
1.69765 0.00086831
1.69766 0.000868401
1.69767 0.00086848
1.69786 0.00086855
1.69789 0.000868611
1.6979 0.000868664
1.69798 0.000868711
1.698 0.000868752
1.69803 0.000868788
1.69805 0.000868819
1.69808 0.000868846
1.6982 0.00086887
1.69825 0.000868891
1.69828 0.000868909
1.69831 0.000868925
1.69833 0.000868939
1.69836 0.000868951
1.69837 0.000868962
1.69838 0.000868971
1.69839 0.000868979
1.69841 0.000868986
1.69842 0.000868992
1.69843 0.000868998
1.69844 0.000869003
1.69846 0.000869007
1.69847 0.000869011
1.69848 0.000869014
1.69849 0.000869017
1.6985 0.000869019
1.69852 0.000869021
1.69853 0.000869023
1.69854 0.000869025
1.69872 0.000869026
1.69876 0.000869027
1.69877 0.000869028
1.69885 0.000869029
1.69887 0.00086903
1.6989 0.000869031
1.69892 0.000869032
1.69894 0.000869033
1.78414 0.000872093
1.78425 0.000873241
1.78429 0.000874245
1.78433 0.000875124
1.78436 0.000875893
1.78438 0.000876566
1.7844 0.000877155
1.78442 0.00087767
1.78443 0.000878121
1.78444 0.000878515
1.78445 0.00087886
1.78447 0.000879162
1.78448 0.000879426
1.78449 0.000879657
1.7845 0.000879859
1.78451 0.000880036
1.78453 0.000880191
1.78454 0.000880327
1.78455 0.000880446
1.78456 0.00088055
1.78458 0.000880641
1.78459 0.00088072
1.78477 0.00088079
1.78481 0.000880851
1.78482 0.000880904
1.78489 0.000880951
1.78492 0.000880992
1.78494 0.000881028
1.78497 0.000881059
1.78499 0.000881086
1.78502 0.00088111
1.78513 0.000881131
1.78518 0.000881149
1.78521 0.000881165
1.78524 0.000881179
1.78526 0.000881191
1.78529 0.000881202
1.7853 0.000881211
1.78531 0.000881219
1.78532 0.000881226
1.78533 0.000881232
1.78535 0.000881238
1.78536 0.000881243
1.78537 0.000881247
1.78538 0.000881251
1.7854 0.000881254
1.78541 0.000881257
1.78542 0.000881259
1.78543 0.000881261
1.78544 0.000881263
1.78546 0.000881265
1.78547 0.000881266
1.78565 0.000881267
1.78569 0.000881268
1.7857 0.000881269
1.78578 0.00088127
1.7858 0.000881271
1.78582 0.000881272
1.78585 0.000881273
1.81039 0.000882803
1.81045 0.000882612
1.81048 0.000882445
1.8105 0.000882299
1.81052 0.000882171
1.81055 0.000882059
1.81057 0.000881961
1.81068 0.000881875
1.81073 0.0008818
1.81077 0.000881735
1.81079 0.000881678
1.81082 0.000881628
1.81084 0.000881584
1.81086 0.000881546
1.81087 0.000881512
1.81088 0.000881483
1.81089 0.000881457
1.8109 0.000881434
1.81092 0.000881414
1.81093 0.000881397
1.81094 0.000881382
1.81095 0.000881369
1.81097 0.000881357
1.81098 0.000881347
1.81099 0.000881338
1.811 0.00088133
1.81101 0.000881323
1.81103 0.000881317
1.81121 0.000881312
1.81125 0.000881308
1.81127 0.000881304
1.81133 0.000881301
1.81136 0.000881298
1.81138 0.000881295
1.81141 0.000881293
1.81143 0.000881291
1.81145 0.000881289
1.81157 0.000881287
1.81161 0.000881286
1.81165 0.000881285
1.81168 0.000881284
1.8117 0.000881283
1.81172 0.000881282
1.81174 0.000881281
1.81175 0.00088128
1.82585 0.00088281
1.82586 0.000884148
1.82587 0.000885319
1.82589 0.000886344
1.8259 0.000887241
1.82591 0.000888025
1.82592 0.000888711
1.82593 0.000889312
1.82595 0.000889838
1.82596 0.000890298
1.82597 0.0008907
1.82598 0.000891052
1.826 0.00089136
1.82601 0.00089163
1.82602 0.000891866
1.8262 0.000892072
1.82624 0.000892253
1.82627 0.000892411
1.82633 0.000892549
1.82635 0.00089267
1.82638 0.000892776
1.8264 0.000892869
1.82642 0.00089295
1.82645 0.000893021
1.82656 0.000893083
1.82661 0.000893137
1.82664 0.000893184
1.82667 0.000893226
1.82669 0.000893262
1.82672 0.000893294
1.82674 0.000893322
1.82675 0.000893346
1.82677 0.000893367
1.82678 0.000893386
1.82679 0.000893402
1.8268 0.000893416
1.82682 0.000893429
1.82683 0.00089344
1.82684 0.00089345
1.82685 0.000893458
1.82687 0.000893465
1.82688 0.000893471
1.82689 0.000893477
1.8269 0.000893482
1.82691 0.000893486
1.8271 0.00089349
1.82713 0.000893493
1.82716 0.000893496
1.82722 0.000893499
1.82724 0.000893501
1.82727 0.000893503
1.82729 0.000893505
1.82732 0.000893506
1.82734 0.000893507
1.82745 0.000893508
1.8275 0.000893509
1.82754 0.00089351
1.82756 0.000893511
1.82759 0.000893512
1.82761 0.000893513
1.87294 0.000896573
1.87303 0.000897721
1.87308 0.000898725
1.87312 0.000899604
1.87314 0.000900373
1.87317 0.000901046
1.87319 0.000901635
1.87322 0.00090215
1.87323 0.000902601
1.87324 0.000902995
1.87325 0.00090334
1.87327 0.000903642
1.87328 0.000903906
1.87329 0.000904137
1.8733 0.000904339
1.87332 0.000904516
1.87333 0.000904671
1.87334 0.000904807
1.87335 0.000904926
1.87336 0.00090503
1.87338 0.000905121
1.87339 0.0009052
1.87357 0.00090527
1.87361 0.000905331
1.87363 0.000905384
1.8737 0.000905431
1.87372 0.000905472
1.87374 0.000905508
1.87377 0.000905539
1.87379 0.000905566
1.87382 0.00090559
1.87384 0.000905611
1.87394 0.000905629
1.87399 0.000905645
1.87403 0.000905659
1.87405 0.000905671
1.87407 0.000905682
1.8741 0.000905691
1.87412 0.000905699
1.87414 0.000905706
1.87415 0.000905712
1.87416 0.000905718
1.87417 0.000905723
1.87418 0.000905727
1.8742 0.000905731
1.87421 0.000905734
1.87422 0.000905737
1.87423 0.000905739
1.87425 0.000905741
1.87426 0.000905743
1.87427 0.000905745
1.87428 0.000905746
1.8743 0.000905747
1.87448 0.000905748
1.87452 0.000905749
1.87454 0.00090575
1.8746 0.000905751
1.87463 0.000905752
1.87465 0.000905753
1.96354 0.000908813
1.96362 0.000909961
1.96367 0.000910965
1.96371 0.000911844
1.96373 0.000912613
1.96376 0.000913286
1.96378 0.000913875
1.96381 0.00091439
1.96382 0.000914841
1.96383 0.000915235
1.96384 0.00091558
1.96386 0.000915882
1.96387 0.000916146
1.96388 0.000916377
1.96389 0.000916579
1.9639 0.000916756
1.96392 0.000916911
1.96393 0.000917047
1.96394 0.000917166
1.96395 0.00091727
1.96397 0.000917361
1.96398 0.00091744
1.96416 0.00091751
1.9642 0.000917571
1.96422 0.000917624
1.96428 0.000917671
1.96431 0.000917712
1.96433 0.000917748
1.96436 0.000917779
1.96438 0.000917806
1.96441 0.00091783
1.96443 0.000917851
1.96445 0.000917869
1.96454 0.000917885
1.96459 0.000917899
1.96463 0.000917911
1.96465 0.000917922
1.96468 0.000917931
1.9647 0.000917939
1.96472 0.000917946
1.96474 0.000917952
1.96475 0.000917958
1.96476 0.000917963
1.96477 0.000917967
1.96479 0.000917971
1.9648 0.000917974
1.96481 0.000917977
1.96482 0.000917979
1.96483 0.000917981
1.96485 0.000917983
1.96486 0.000917985
1.96487 0.000917986
1.96488 0.000917987
1.9649 0.000917988
1.96508 0.000917989
1.96512 0.00091799
1.96514 0.000917991
1.9652 0.000917992
1.96523 0.000917993
1.97026 0.000919523
1.97027 0.000920862
1.97028 0.000922034
1.97029 0.000923059
1.97031 0.000923956
1.97032 0.000924741
1.97033 0.000925428
1.97034 0.000926029
1.97035 0.000926555
1.97037 0.000927015
1.97038 0.000927418
1.97039 0.00092777
1.9704 0.000928078
1.97042 0.000928348
1.9706 0.000928584
1.97064 0.000928791
1.97066 0.000928972
1.97072 0.00092913
1.97075 0.000929268
1.97077 0.000929389
1.9708 0.000929495
1.97082 0.000929588
1.97084 0.000929669
1.97087 0.00092974
1.97089 0.000929802
1.97098 0.000929856
1.97103 0.000929904
1.97106 0.000929946
1.97109 0.000929982
1.97111 0.000930014
1.97114 0.000930042
1.97116 0.000930066
1.97119 0.000930087
1.9712 0.000930106
1.97121 0.000930122
1.97122 0.000930136
1.97124 0.000930149
1.97125 0.00093016
1.97126 0.00093017
1.97127 0.000930178
1.97128 0.000930185
1.9713 0.000930191
1.97131 0.000930197
1.97132 0.000930202
1.97133 0.000930206
1.97135 0.00093021
1.97153 0.000930213
1.97157 0.000930216
1.97159 0.000930219
1.97165 0.000930221
1.97168 0.000930223
1.9717 0.000930225
1.97173 0.000930226
1.97175 0.000930227
1.97177 0.000930228
1.9718 0.000930229
1.97182 0.00093023
1.97191 0.000930231
1.97196 0.000930232
1.97199 0.000930233
2.00094 0.000931793
2.00097 0.000933158
2.00098 0.000934353
2.00099 0.000935398
2.001 0.000936313
2.00102 0.000937113
2.00103 0.000937813
2.00104 0.000938426
2.00105 0.000938962
2.00106 0.000939431
2.00141 0.000884932
2.00155 0.000854911
2.00195 0.000874513
2.00198 0.000894724
2.00199 0.000910879
2.002 0.000926545
2.00202 0.000940252
2.00203 0.000953776
2.00204 0.00096561
2.00205 0.000977494
2.00206 0.000987893
2.00208 0.000998522
2.00209 0.00100782
2.0021 0.00101749
2.00211 0.00102595
2.00213 0.00103488
2.00214 0.0010427
2.00215 0.00105106
2.00319 0.00105432
2.0032 0.00105717
2.00322 0.00105966
2.00323 0.00106185
2.0049 0.00114025
2.00492 0.00120886
2.00657 0.00126548
2.00658 0.00131502
2.00735 0.00124831
2.00736 0.00119147
2.00738 0.00114326
2.00833 0.00112309
2.00835 0.0011085
2.00838 0.00109726
2.00839 0.0010859
2.00946 0.00109196
2.00949 0.00109726
2.0095 0.00110037
2.00951 0.00110309
2.01038 0.00108018
2.01041 0.00106014
2.01042 0.0010426
2.01043 0.00102725
2.0113 0.00101359
2.01133 0.00100164
2.01134 0.000991188
2.01135 0.000982039
2.01222 0.000974034
2.01224 0.000967029
2.01226 0.0009609
2.01227 0.000955537
2.01305 0.000939796
2.01307 0.000926023
2.01309 0.000913972
2.0131 0.000903427
2.01355 0.000852744
2.01356 0.000809927
2.01357 0.000770932
2.01358 0.000738341
2.0136 0.000709824
2.01361 0.000686402
2.01362 0.000665907
2.01363 0.00064958
2.01404 0.000630628
2.01406 0.000615575
2.01407 0.000602404
2.01408 0.000592409
2.01409 0.000583663
2.01411 0.000577541
2.01412 0.000572184
2.01413 0.000569027
2.01414 0.000566264
2.01416 0.000565377
2.01417 0.0005646
2.01418 0.000565451
2.01419 0.000566195
2.0142 0.000568376
2.01422 0.000570209
2.01424 0.000574872
2.01454 0.000565259
2.01456 0.000558377
2.01457 0.000552355
2.01458 0.000548616
2.01459 0.000545345
2.0146 0.000544012
2.01462 0.000542846
2.01463 0.000543356
2.01464 0.000543802
2.01465 0.000545722
2.01467 0.000547402
2.01468 0.000550402
2.01469 0.000553027
2.0147 0.000556854
2.01471 0.000560203
2.01474 0.000566193
2.01476 0.000572964
2.01479 0.000581949
2.01481 0.000591341
2.01484 0.000602619
2.01486 0.000614017
2.01489 0.00062705
2.01491 0.000639984
2.01493 0.000654362
2.01496 0.000668472
2.01498 0.000682349
2.01501 0.000696021
2.01503 0.000707984
2.0151 0.000688578
2.01511 0.000671597
2.01512 0.000656739
2.01513 0.000643738
2.01514 0.000632362
2.01516 0.000622408
2.01517 0.000613699
2.01518 0.000606078
2.01519 0.00059941
2.01521 0.000593575
2.01522 0.00058847
2.01523 0.000584003
2.01524 0.000580094
2.01525 0.000576674
2.01527 0.000573681
2.01529 0.000571062
2.01532 0.000568771
2.01534 0.000566766
2.01536 0.000565012
2.01539 0.000563477
2.01543 0.000563664
2.01545 0.000563828
2.01548 0.000563971
2.0155 0.000564096
2.01552 0.000564206
2.01555 0.000564302
2.01557 0.000564386
2.0156 0.000564459
2.01566 0.000564357
2.01567 0.000564268
2.01568 0.00056419
2.0157 0.000564122
2.01571 0.000564062
2.01572 0.00056401
2.01573 0.000563964
2.01574 0.000563924
2.01576 0.000563889
2.01577 0.000563858
2.01578 0.000563831
2.01579 0.000563808
2.01581 0.000563788
2.01582 0.00056377
2.01583 0.000563754
2.01586 0.00056374
2.01588 0.000563728
2.0159 0.000563718
2.01593 0.000563709
2.01595 0.000563701
2.01599 0.000563694
2.01601 0.000563688
2.01605 0.000565213
2.01608 0.000566547
2.0161 0.000567714
2.01612 0.000568735
2.01615 0.000569629
2.01617 0.000570411
2.01623 0.000571019
2.01625 0.000571551
2.01626 0.000572017
2.01627 0.000572424
2.01628 0.000572781
2.0163 0.000573093
2.01631 0.000573366
2.01632 0.000573605
2.01633 0.000573814
2.01634 0.000573997
2.01636 0.000574157
2.01637 0.000574297
2.01638 0.000574419
2.01639 0.000574526
2.01641 0.00057462
2.01643 0.000574702
2.01645 0.000574774
2.01648 0.000574837
2.0165 0.000574892
2.01653 0.00057494
2.01657 0.000574982
2.01659 0.000575019
2.01663 0.000575051
2.01666 0.000576609
2.01669 0.000577972
2.01671 0.000579165
2.01674 0.000580209
2.01676 0.000581122
2.01682 0.000581921
2.01683 0.00058262
2.01685 0.000583232
2.01686 0.000583768
2.01687 0.000584237
2.01688 0.000584647
2.0169 0.000585006
2.01691 0.00058532
2.01692 0.000585595
2.01693 0.000585835
2.01694 0.000586045
2.01696 0.000586229
2.01697 0.00058639
2.01698 0.000586531
2.01699 0.000586654
2.01702 0.000586762
2.01704 0.000586856
2.01707 0.000586939
2.01709 0.000587011
2.01712 0.000587074
2.01715 0.000587129
2.01718 0.000587177
2.01721 0.000587219
2.01725 0.000587256
2.01729 0.000588819
2.01731 0.000590186
2.01734 0.000591382
2.01736 0.000592429
2.01742 0.000593345
2.01743 0.000594146
2.01745 0.000594847
2.01746 0.000595461
2.01747 0.000595998
2.01748 0.000596468
2.0175 0.000596879
2.01751 0.000597239
2.01752 0.000597554
2.01753 0.000597829
2.01754 0.00059807
2.01756 0.000598281
2.01757 0.000598465
2.01758 0.000598626
2.01759 0.000598767
2.01762 0.000598891
2.01764 0.000598999
2.01767 0.000599094
2.01769 0.000599177
2.01772 0.000599249
2.01775 0.000599312
2.01778 0.000599368
2.01781 0.000599417
2.01785 0.000599459
2.0179 0.000601026
2.01792 0.000602397
2.01795 0.000603597
2.01797 0.000604647
2.01803 0.000605566
2.01805 0.00060637
2.01806 0.000607073
2.01807 0.000607688
2.01808 0.000608227
2.0181 0.000608698
2.01811 0.00060911
2.01812 0.000609471
2.01813 0.000609787
2.01814 0.000610063
2.01816 0.000610305
2.01817 0.000610516
2.01818 0.000610701
2.01819 0.000610863
2.01821 0.000611005
2.01823 0.000611129
2.01825 0.000611237
2.01828 0.000611332
2.0183 0.000611415
2.01833 0.000611488
2.01836 0.000611552
2.01839 0.000611608
2.01843 0.000611657
2.01847 0.000613229
2.01852 0.000614605
2.01855 0.000615809
2.01857 0.000616862
2.0186 0.000617784
2.01866 0.000618591
2.01867 0.000619297
2.01868 0.000619914
2.01869 0.000620454
2.01871 0.000620927
2.01872 0.000621341
2.01873 0.000621703
2.01874 0.00062202
2.01876 0.000622297
2.01877 0.000622539
2.01878 0.000622751
2.01879 0.000622937
2.0188 0.000623099
2.01882 0.000623241
2.01883 0.000623365
2.01885 0.000623474
2.01888 0.000623569
2.0189 0.000623652
2.01893 0.000623725
2.01895 0.000623789
2.01899 0.000623845
2.01901 0.000623894
2.01906 0.000625467
2.01911 0.000626843
2.01916 0.000628047
2.01918 0.000629101
2.01921 0.000630023
2.01923 0.00063083
2.01929 0.000631536
2.01931 0.000632154
2.01932 0.000632694
2.01933 0.000633167
2.01934 0.000633581
2.01936 0.000633943
2.01937 0.00063426
2.01938 0.000634537
2.01939 0.000634779
2.0194 0.000634991
2.01942 0.000635177
2.01943 0.000635339
2.01944 0.000635481
2.01945 0.000635605
2.01947 0.000635714
2.01949 0.000635809
2.01951 0.000635892
2.01954 0.000635965
2.01956 0.000636029
2.01959 0.000636085
2.01964 0.000637664
2.01966 0.000639046
2.01971 0.000640255
2.01976 0.000641313
2.01981 0.000642238
2.01983 0.000643048
2.01986 0.000643757
2.01988 0.000644377
2.01994 0.000644919
2.01996 0.000645394
2.01997 0.000645809
2.01998 0.000646172
2.01999 0.00064649
2.02 0.000646768
2.02002 0.000647012
2.02003 0.000647225
2.02004 0.000647411
2.02005 0.000647574
2.02007 0.000647717
2.02008 0.000647842
2.02009 0.000647951
2.0201 0.000648047
2.02011 0.000648131
2.02014 0.000648204
2.02018 0.000649798
2.0202 0.000651193
2.02022 0.000652413
2.02025 0.000653481
2.0203 0.000654415
2.02032 0.000655233
2.02037 0.000655948
2.02042 0.000656574
2.02047 0.000657122
2.02049 0.000657601
2.02052 0.00065802
2.02054 0.000658387
2.02062 0.000660238
2.02063 0.000661858
2.02064 0.000663275
2.02065 0.000664515
2.02067 0.0006656
2.02068 0.00066655
2.02069 0.000667381
2.0207 0.000668108
2.02071 0.000668744
2.02073 0.000669301
2.02074 0.000669788
2.02075 0.000670214
2.02076 0.000670587
2.02078 0.000670913
2.02079 0.000671198
2.02081 0.000671448
2.02085 0.000671667
2.02087 0.000671858
2.0209 0.000672025
2.02092 0.000672171
2.02097 0.000672299
2.021 0.000672411
2.02104 0.000672509
2.02109 0.000672595
2.02116 0.0006742
2.02118 0.000675605
2.0212 0.000676834
2.02123 0.000677909
2.0213 0.00067885
2.02131 0.000679673
2.02133 0.000680393
2.02134 0.000681023
2.02135 0.000681575
2.02136 0.000682058
2.02138 0.00068248
2.02139 0.00068285
2.0214 0.000683173
2.02141 0.000683456
2.02142 0.000683704
2.02144 0.000683921
2.02145 0.00068411
2.02146 0.000684276
2.02147 0.000684421
2.0215 0.000684548
2.02153 0.000684659
2.02156 0.000684756
2.02158 0.000684841
2.02161 0.000684915
2.02166 0.00068498
2.02169 0.000686567
2.02174 0.000687956
2.02179 0.000689171
2.02185 0.000690234
2.02188 0.000691164
2.0219 0.000691978
2.02193 0.00069269
2.022 0.000693313
2.02201 0.000693858
2.02202 0.000694335
2.02204 0.000694753
2.02205 0.000695118
2.02206 0.000695438
2.02207 0.000695718
2.02209 0.000695963
2.0221 0.000696177
2.02211 0.000696364
2.02212 0.000696528
2.02213 0.000696672
2.02215 0.000696798
2.02216 0.000696908
2.02217 0.000697004
2.0222 0.000697088
2.02224 0.000698692
2.02227 0.000700095
2.02229 0.000701323
2.02232 0.000702397
2.02237 0.000703337
2.0224 0.000704159
2.02245 0.000704879
2.0225 0.000705509
2.02256 0.00070606
2.0226 0.000708072
2.02262 0.000709833
2.02265 0.000711373
2.02272 0.000712721
2.02273 0.0007139
2.02275 0.000714932
2.02276 0.000715835
2.02277 0.000716625
2.02278 0.000717316
2.0228 0.000717921
2.02281 0.00071845
2.02282 0.000718913
2.02283 0.000719318
2.02284 0.000719673
2.02286 0.000719983
2.02287 0.000720255
2.02288 0.000720493
2.02289 0.000720701
2.02292 0.000720883
2.02297 0.000721042
2.02299 0.000721181
2.02302 0.000721303
2.02304 0.00072141
2.02309 0.000721503
2.02313 0.000721585
2.02319 0.000723186
2.02324 0.000724587
2.0233 0.000725813
2.02333 0.000726886
2.02336 0.000727825
2.02338 0.000728646
2.02346 0.000729365
2.02347 0.000729994
2.02348 0.000730544
2.02349 0.000731026
2.02351 0.000731447
2.02352 0.000731816
2.02353 0.000732139
2.02354 0.000732421
2.02355 0.000732668
2.02357 0.000732884
2.02358 0.000733073
2.02359 0.000733238
2.0236 0.000733383
2.02362 0.00073351
2.02363 0.000733621
2.02365 0.000733718
2.02371 0.000735333
2.02374 0.000736746
2.02376 0.000737982
2.02379 0.000739064
2.02384 0.000740011
2.02387 0.000740839
2.02393 0.000741564
2.02398 0.000742198
2.02404 0.000742753
2.02409 0.000744768
2.02412 0.000746532
2.02414 0.000748075
2.02422 0.000749425
2.02423 0.000750606
2.02424 0.00075164
2.02425 0.000752545
2.02426 0.000753336
2.02428 0.000754029
2.02429 0.000754635
2.0243 0.000755165
2.02431 0.000755629
2.02433 0.000756035
2.02434 0.00075639
2.02435 0.000756701
2.02436 0.000756973
2.02437 0.000757211
2.02439 0.000757419
2.02441 0.000757601
2.02447 0.00075776
2.0245 0.0007579
2.02452 0.000758022
2.02455 0.000758129
2.02459 0.000758222
2.02464 0.000759834
2.0247 0.000761244
2.02475 0.000762478
2.02481 0.000763558
2.02486 0.000764503
2.02489 0.00076533
2.02491 0.000766053
2.025 0.000768216
2.02501 0.000770109
2.02502 0.000771765
2.02504 0.000773214
2.02505 0.000774482
2.02506 0.000775591
2.02507 0.000776562
2.02508 0.000777411
2.0251 0.000778154
2.02511 0.000778804
2.02512 0.000779373
2.02513 0.000779871
2.02515 0.000780307
2.02516 0.000780688
2.02517 0.000781022
2.02519 0.000781314
2.02526 0.000781569
2.02528 0.000781792
2.0253 0.000781988
2.02533 0.000782159
2.02538 0.000782309
2.02543 0.00078244
2.02549 0.000782555
2.02555 0.000784185
2.02561 0.000785611
2.02566 0.000786859
2.02568 0.000787951
2.02571 0.000788907
2.02579 0.000789743
2.02582 0.000792005
2.02583 0.000793984
2.02584 0.000795716
2.02586 0.000797231
2.02587 0.000798557
2.02588 0.000799717
2.02589 0.000800732
2.0259 0.00080162
2.02592 0.000802397
2.02593 0.000803077
2.02594 0.000803672
2.02595 0.000804193
2.02597 0.000804648
2.02598 0.000805047
2.026 0.000805396
2.02606 0.000805701
2.02609 0.000805968
2.02611 0.000806202
2.02614 0.000806406
2.02619 0.000806585
2.02623 0.000806741
2.0263 0.000806878
2.02636 0.000806998
2.02643 0.000808633
2.02648 0.000810063
2.0265 0.000811315
2.02653 0.00081241
2.02661 0.000813368
2.02664 0.000814207
2.02665 0.000814941
2.02666 0.000815583
2.02668 0.000816145
2.02669 0.000816636
2.0267 0.000817066
2.02671 0.000817442
2.02672 0.000817771
2.02674 0.000818059
2.02675 0.000818311
2.02676 0.000818532
2.02677 0.000818725
2.02679 0.000818894
2.0268 0.000819042
2.02682 0.000819171
2.0269 0.000820814
2.02692 0.000822252
2.02694 0.00082351
2.02697 0.000824611
2.02702 0.000825574
2.02707 0.000826417
2.02713 0.000827154
2.02719 0.000827799
2.02728 0.000829894
2.02732 0.000831727
2.02735 0.000833331
2.02737 0.000834734
2.02746 0.000835962
2.02748 0.000837036
2.0275 0.000837976
2.02751 0.000838799
2.02752 0.000839519
2.02753 0.000840149
2.02754 0.0008407
2.02756 0.000841182
2.02757 0.000841604
2.02758 0.000841973
2.02759 0.000842296
2.02761 0.000842579
2.02762 0.000842826
2.02763 0.000843042
2.02764 0.000843231
2.02767 0.000843397
2.02774 0.000843542
2.02776 0.000843669
2.02779 0.00084378
2.02781 0.000843877
2.02786 0.000843962
2.02791 0.000844036
2.02797 0.000844101
2.02803 0.000844158
2.02812 0.000844208
2.02817 0.000844252
2.02819 0.00084429
2.02822 0.000844323
2.0283 0.000844352
2.02833 0.000844378
2.02834 0.0008444
2.02835 0.00084442
2.02836 0.000844437
2.02838 0.000844452
2.02839 0.000844465
2.0284 0.000844476
2.02841 0.000844486
2.02843 0.000844495
2.02844 0.000844503
2.02845 0.00084451
2.02846 0.000844516
2.02847 0.000844521
2.02849 0.000844525
2.02851 0.000844529
2.02858 0.000844532
2.02861 0.000844535
2.02863 0.000844538
2.02866 0.00084454
2.02871 0.000844542
2.02876 0.000844544
2.02882 0.000844546
2.02888 0.000844547
2.02896 0.000844548
2.02901 0.000844549
2.02904 0.00084455
2.02906 0.000844551
2.02915 0.000844552
2.02917 0.000844553
2.05887 0.000846083
2.05888 0.000847422
2.05889 0.000848594
2.05892 0.000851149
2.05893 0.000851855
2.059 0.000852473
2.05903 0.000853013
2.05905 0.000853486
2.05907 0.0008539
2.05912 0.000854262
2.05917 0.000854579
2.05923 0.000854856
2.05929 0.000855099
2.05938 0.000855311
2.05944 0.000857027
2.05947 0.000858528
2.05949 0.000859842
2.05958 0.000860991
2.0596 0.000861997
2.05961 0.000862877
2.05963 0.000863647
2.05964 0.000864321
2.05965 0.00086491
2.05966 0.000865426
2.05967 0.000865877
2.05969 0.000866272
2.0597 0.000866618
2.05971 0.00086692
2.05972 0.000867185
2.05974 0.000867416
2.05975 0.000867619
2.05976 0.000867796
2.05978 0.000867951
2.0598 0.000868087
2.05987 0.000868206
2.05989 0.00086831
2.05992 0.000868401
2.05994 0.00086848
2.05999 0.00086855
2.06004 0.000868611
2.0601 0.000868664
2.06016 0.000868711
2.06025 0.000868752
2.06031 0.000868788
2.06034 0.000868819
2.06036 0.000868846
2.06045 0.00086887
2.06047 0.000868891
2.06048 0.000868909
2.06049 0.000868925
2.06051 0.000868939
2.06052 0.000868951
2.06053 0.000868962
2.06054 0.000868971
2.06056 0.000868979
2.06057 0.000868986
2.06058 0.000868992
2.06059 0.000868998
2.0606 0.000869003
2.06062 0.000869007
2.06063 0.000869011
2.06065 0.000869014
2.06067 0.000869017
2.06074 0.000869019
2.06076 0.000869021
2.06079 0.000869023
2.06081 0.000869025
2.06086 0.000869026
2.06091 0.000869027
2.06097 0.000869028
2.06103 0.000869029
2.06112 0.00086903
2.06118 0.000869031
2.0612 0.000869032
2.06123 0.000869033
2.10016 0.000871533
2.10025 0.000873721
2.10031 0.000875635
2.10033 0.00087731
2.10036 0.000878776
2.10044 0.000880059
2.10047 0.000881181
2.10048 0.000882163
2.10049 0.000883022
2.1005 0.000883774
2.10051 0.000884432
2.10053 0.000885008
2.10054 0.000885512
2.10055 0.000885953
2.10056 0.000886338
2.10058 0.000886675
2.10059 0.00088697
2.1006 0.000887228
2.10061 0.000887454
2.10062 0.000887652
2.10065 0.000887825
2.10066 0.000887976
2.10074 0.000888109
2.10076 0.000888225
2.10078 0.000888326
2.10081 0.000888415
2.10086 0.000888493
2.10093 0.000891069
2.10099 0.000893323
2.10104 0.000891265
2.10112 0.000889464
2.10118 0.000887889
2.10122 0.00088804
2.10124 0.000888173
2.10133 0.000888289
2.10135 0.00088839
2.10137 0.000888479
2.10138 0.000888557
2.10139 0.000888625
2.1014 0.000888684
2.10142 0.000888736
2.10143 0.000888782
2.10144 0.000888822
2.10145 0.000888857
2.10147 0.000888887
2.10148 0.000888914
2.10149 0.000888937
2.1015 0.000888957
2.10151 0.000888975
2.10153 0.000887461
2.10154 0.000886136
2.10161 0.000884977
2.10164 0.000883962
2.10166 0.000883074
2.10169 0.000882297
2.10173 0.000881617
2.10178 0.000878514
2.10184 0.000875799
2.10189 0.000873424
2.10198 0.000871346
2.10204 0.000869527
2.10208 0.000867936
2.1021 0.000866544
2.10219 0.000865326
2.10221 0.00086426
2.10222 0.000863327
2.10224 0.000862511
2.10225 0.000861797
2.10226 0.000861172
2.10227 0.000860625
2.10229 0.000860146
2.1023 0.000859727
2.10231 0.000859361
2.10232 0.00085904
2.10233 0.00085876
2.10235 0.000858515
2.10236 0.0008583
2.10237 0.000858112
2.10238 0.000857948
2.1024 0.000857804
2.10247 0.000857678
2.10249 0.000857568
2.10252 0.000857472
2.10254 0.000857388
2.10259 0.000857314
2.10264 0.000857249
2.1027 0.000857192
2.10275 0.000857143
2.10284 0.0008571
2.1029 0.000857062
2.10293 0.000857029
2.10296 0.000857
2.10304 0.000856975
2.10307 0.000856953
2.10308 0.000856933
2.10309 0.000856916
2.10311 0.000856901
2.10312 0.000856888
2.10313 0.000856877
2.10314 0.000856867
2.10315 0.000856858
2.10317 0.00085685
2.10318 0.000856843
2.10319 0.000856837
2.1032 0.000856832
2.10322 0.000856828
2.10323 0.000856824
2.10324 0.000856821
2.10325 0.000856818
2.10333 0.000856815
2.10335 0.000856813
2.10337 0.000856811
2.1034 0.000856809
2.10345 0.000856807
2.1035 0.000856806
2.10356 0.000856805
2.10361 0.000856804
2.10369 0.000856803
2.10375 0.000856802
2.10379 0.000856801
2.10382 0.0008568
2.1452 0.00085833
2.14521 0.000859668
2.14522 0.000860839
2.14524 0.000861864
2.14526 0.000864291
2.14532 0.000864884
2.14535 0.000865403
2.14537 0.000865857
2.14539 0.000866254
2.14544 0.000866602
2.14549 0.000866906
2.14555 0.000867172
2.1456 0.000867405
2.14569 0.000867609
2.14575 0.000867787
2.14579 0.000867943
2.14581 0.00086808
2.1459 0.0008682
2.14592 0.000868305
2.14593 0.000868396
2.14595 0.000868476
2.14596 0.000868546
2.14597 0.000868607
2.14598 0.000868661
2.14599 0.000868708
2.14601 0.000868749
2.14602 0.000868785
2.14603 0.000868816
2.14604 0.000868844
2.14606 0.000868868
2.14607 0.000868889
2.14608 0.000868907
2.14609 0.000868923
2.1461 0.000868937
2.14613 0.000868949
2.14619 0.00086896
2.14621 0.00086897
2.14624 0.000868978
2.14626 0.000868985
2.14631 0.000868991
2.14636 0.000868997
2.14642 0.000869002
2.14647 0.000869006
2.14656 0.00086901
2.14662 0.000869013
2.14666 0.000869016
2.14668 0.000869019
2.14677 0.000869021
2.14679 0.000869023
2.1468 0.000869025
2.14681 0.000869026
2.14683 0.000869027
2.14684 0.000869028
2.14685 0.000869029
2.14686 0.00086903
2.14688 0.000869031
2.14689 0.000869032
2.1469 0.000869033
2.23211 0.000870563
2.23213 0.000871902
2.23214 0.000873074
2.23216 0.000875629
2.23218 0.000876335
2.23224 0.000876953
2.23226 0.000877493
2.23229 0.000877966
2.23231 0.00087838
2.23236 0.000878742
2.23241 0.000879059
2.23247 0.000879336
2.23252 0.000879579
2.2326 0.000879791
2.23267 0.000879977
2.2327 0.000880139
2.23273 0.000880281
2.23281 0.000880405
2.23284 0.000880514
2.23285 0.000880609
2.23286 0.000880692
2.23287 0.000880765
2.23289 0.000880829
2.2329 0.000880885
2.23291 0.000880934
2.23292 0.000880977
2.23293 0.000881014
2.23295 0.000881047
2.23296 0.000881076
2.23297 0.000881101
2.23298 0.000881123
2.233 0.000881142
2.23301 0.000881159
2.23302 0.000881174
2.23305 0.000881187
2.23306 0.000881198
2.23312 0.000881208
2.23314 0.000881217
2.23317 0.000881224
2.23319 0.000881231
2.23324 0.000881237
2.23329 0.000881242
2.23335 0.000881246
2.2334 0.00088125
2.23349 0.000881253
2.23355 0.000881256
2.23358 0.000881259
2.23361 0.000881261
2.23369 0.000881263
2.23372 0.000881265
2.23373 0.000881266
2.23374 0.000881267
2.23375 0.000881268
2.23377 0.000881269
2.23378 0.00088127
2.23379 0.000881271
2.2338 0.000881272
2.23382 0.000881273
2.3009 0.000883667
2.30092 0.000885876
2.30094 0.000887809
2.301 0.0008895
2.30102 0.00089098
2.30105 0.000892275
2.30107 0.000893408
2.30112 0.0008944
2.30117 0.000895268
2.30123 0.000896027
2.30129 0.000898221
2.30138 0.000900141
2.30144 0.000901821
2.30147 0.000903291
2.3015 0.000904577
2.30158 0.000905702
2.30161 0.000906687
2.30162 0.000907549
2.30163 0.000908303
2.30165 0.000908963
2.30166 0.00090954
2.30167 0.000910045
2.30168 0.000910487
2.30169 0.000910874
2.30171 0.000911212
2.30172 0.000911508
2.30173 0.000911767
2.30174 0.000911994
2.30176 0.000912192
2.30177 0.000912366
2.30178 0.000912518
2.30179 0.000910257
2.30182 0.000908164
2.30183 0.000906333
2.30189 0.000904731
2.30192 0.000903329
2.30194 0.000902102
2.30196 0.000901029
2.30201 0.00090009
2.30206 0.000899268
2.30212 0.000898549
2.30218 0.00089792
2.30227 0.00089737
2.30233 0.000896888
2.30237 0.000896467
2.30239 0.000896098
2.30248 0.000895775
2.3025 0.000895493
2.30251 0.000895246
2.30253 0.00089503
2.30254 0.000894841
2.30255 0.000894675
2.30256 0.00089453
2.30258 0.000894403
2.30259 0.000894292
2.3026 0.000894195
2.30261 0.00089411
2.30262 0.000894036
2.30264 0.000893971
2.30265 0.000893914
2.30266 0.000893864
2.30267 0.000893821
2.30269 0.000893783
2.30271 0.00089375
2.30272 0.000893721
2.30278 0.000893695
2.30281 0.000893673
2.30283 0.000893653
2.30286 0.000893636
2.30291 0.000893621
2.30296 0.000893608
2.30302 0.000893597
2.30308 0.000893587
2.30316 0.000893578
2.30322 0.00089357
2.30326 0.000893563
2.30329 0.000893557
2.30337 0.000893552
2.3034 0.000893548
2.30341 0.000893544
2.30342 0.000893541
2.30343 0.000893538
2.30345 0.000893535
2.30346 0.000893533
2.30347 0.000893531
2.30348 0.000893529
2.30349 0.000893527
2.30351 0.000893526
2.30352 0.000893525
2.30353 0.000893524
2.30354 0.000893523
2.30356 0.000893522
2.30357 0.000893521
2.30358 0.00089352
2.32054 0.00089505
2.32056 0.000896388
2.32058 0.000899089
2.32059 0.000899922
2.32061 0.000900651
2.32067 0.000901289
2.32069 0.000901847
2.32072 0.000902336
2.32074 0.000902764
2.32079 0.000903138
2.32084 0.000903465
2.3209 0.000903751
2.32096 0.000904002
2.32105 0.000904221
2.32111 0.000904413
2.32114 0.000904581
2.32117 0.000904728
2.32125 0.000904857
2.32128 0.000904969
2.32129 0.000905067
2.3213 0.000905153
2.32132 0.000905228
2.32133 0.000905294
2.32134 0.000905352
2.32135 0.000905403
2.32136 0.000905447
2.32138 0.000905486
2.32139 0.00090552
2.3214 0.00090555
2.32141 0.000905576
2.32143 0.000905599
2.32144 0.000905619
2.32145 0.000905636
2.32146 0.000905651
2.32149 0.000905664
2.3215 0.000905676
2.32151 0.000905686
2.32157 0.000905695
2.3216 0.000905703
2.32162 0.00090571
2.32165 0.000905716
2.32169 0.000905721
2.32174 0.000905725
2.32181 0.000905729
2.32187 0.000905732
2.32195 0.000905735
2.32201 0.000905738
2.32205 0.00090574
2.32207 0.000905742
2.32216 0.000905744
2.32218 0.000905746
2.3222 0.000905747
2.32221 0.000905748
2.32222 0.000905749
2.32223 0.00090575
2.32225 0.000905751
2.32226 0.000905752
2.32227 0.000905753
2.41113 0.000907283
2.41116 0.000910152
2.41117 0.000911133
2.41118 0.000911991
2.41119 0.000912742
2.41125 0.000913399
2.41128 0.000913974
2.4113 0.000914477
2.41133 0.000914917
2.41138 0.000915302
2.41143 0.000915639
2.41149 0.000915934
2.41155 0.000916192
2.41163 0.000916418
2.4117 0.000916615
2.41173 0.000916788
2.41176 0.000916939
2.41184 0.000917071
2.41187 0.000917187
2.41188 0.000917288
2.41189 0.000917377
2.4119 0.000917454
2.41192 0.000917522
2.41193 0.000917581
2.41194 0.000917633
2.41195 0.000917678
2.41196 0.000917718
2.41198 0.000917753
2.41199 0.000917783
2.412 0.00091781
2.41201 0.000917833
2.41203 0.000917853
2.41204 0.000917871
2.41205 0.000917887
2.41208 0.000917901
2.41209 0.000917913
2.4121 0.000917923
2.41211 0.000917932
2.41217 0.00091794
2.4122 0.000917947
2.41222 0.000917953
2.41225 0.000917958
2.4123 0.000917963
2.41234 0.000917967
2.41241 0.000917971
2.41247 0.000917974
2.41255 0.000917977
2.41261 0.000917979
2.41265 0.000917981
2.41267 0.000917983
2.41276 0.000917985
2.41278 0.000917986
2.4128 0.000917987
2.41281 0.000917988
2.41282 0.000917989
2.41283 0.00091799
2.41285 0.000917991
2.41286 0.000917992
2.41287 0.000917993
