1.00055 2920
1.00113 4380
1.00115 5840
1.0017 7300
1.00173 8760
1.00175 10220
1.00178 11680
1.00228 13140
1.00231 14600
1.00233 16060
1.00236 17520
1.00238 18980
1.0024 20440
1.00243 21900
1.00245 23360
1.00351 24820
1.00419 26280
1.00484 27740
1.00547 29200
1.00607 30660
1.00665 32120
1.0072 33580
1.00773 35040
1.00823 36500
1.00872 37960
1.00921 39420
1.0097 40880
1.01019 42340
1.01068 43800
1.01117 45260
1.01166 46720
1.01215 48180
1.01264 49640
1.01313 51100
1.01362 52560
1.01411 54020
1.0146 55480
1.01509 56940
1.01558 58400
1.01607 59860
1.01656 61320
1.01705 62780
1.01754 64240
1.01802 65700
1.01851 67160
1.019 68620
1.01949 70080
1.01998 71540
1.02047 73000
1.02096 74460
1.02145 75920
1.02194 77380
1.02243 78840
1.02292 80300
1.02341 81760
1.0239 83220
1.02439 84680
1.02488 86140
1.02537 87600
1.02586 89060
1.02635 90520
1.02684 91980
1.02733 93440
1.02752 60924
1.02755 60172
1.02782 61632
1.02782 60172
1.02831 61632
1.02831 60172
1.0288 61632
1.0288 60172
1.02929 61632
1.02929 60172
1.02978 61632
1.02978 60172
1.03026 61632
1.03026 60172
1.03075 61632
1.03075 60172
1.03124 61632
1.03124 60172
1.03173 61632
1.03173 60172
1.03222 61632
1.03222 60172
1.03271 61632
1.03271 60172
1.0332 61632
1.0332 60172
1.03369 61632
1.03369 60172
1.03418 61632
1.03418 60172
1.03467 61632
1.03467 60172
1.03516 61632
1.03516 60172
1.03565 61632
1.03565 60172
1.03614 61632
1.03614 60172
1.03663 61632
1.03663 60172
1.03712 61632
1.03712 60172
1.03761 61632
1.03761 60172
1.0381 61632
1.0381 60172
1.03859 61632
1.03859 60172
1.03908 61632
1.03908 60172
1.03957 61632
1.03957 60172
1.04006 61632
1.04006 60172
1.04055 61632
1.04055 60172
1.04104 61632
1.04104 60172
1.04153 61632
1.04153 60172
1.04202 61632
1.04202 60172
1.0425 61632
1.0425 60172
1.04299 61632
1.04299 60172
1.04348 61632
1.04348 60172
1.04397 61632
1.04397 60172
1.04446 61632
1.04446 60172
1.04495 61632
1.04495 60172
1.04544 61632
1.04544 60172
1.04593 61632
1.04593 60172
1.04642 61632
1.04642 60172
1.04691 61632
1.04691 60172
1.0474 61632
1.0474 60172
1.04789 61632
1.04789 60172
1.04838 61632
1.04838 60172
1.04887 61632
1.04887 60172
1.04936 61632
1.04936 60172
1.04985 61632
1.04985 60172
1.05034 61632
1.05034 60172
1.05083 61632
1.05083 60172
1.05132 61632
1.05132 60172
1.05181 61632
1.05181 60172
1.0523 61632
1.0523 60172
1.05279 61632
1.05279 60172
1.05328 61632
1.05328 60172
1.05377 61632
1.05377 60172
1.05426 61632
1.05426 60172
1.05474 61632
1.05474 60172
1.05523 61632
1.05523 60172
1.05572 61632
1.05572 60172
1.05621 61632
1.05621 60172
1.0567 61632
1.0567 60172
1.05719 61632
1.05719 60172
1.05768 61632
1.05768 60172
1.05817 61632
1.05817 60172
1.05866 61632
1.05866 60172
1.05915 61632
1.05915 60172
1.05964 61632
1.05964 60172
1.06013 61632
1.06013 60172
1.06062 61632
1.06062 60172
1.06111 61632
1.06111 60172
1.0616 61632
1.0616 60172
1.06209 61632
1.06209 60172
1.06258 61632
1.06258 60172
1.06307 61632
1.06307 60172
1.06356 61632
1.06356 60172
1.06405 61632
1.06405 60172
1.06454 61632
1.06454 60172
1.06503 61632
1.06503 60172
1.06552 61632
1.06552 60172
1.06601 61632
1.06601 60172
1.0665 61632
1.0665 60172
1.06698 61632
1.06698 60172
1.06747 61632
1.06747 60172
1.06796 61632
1.06796 60172
1.06845 61632
1.06845 60172
1.06894 61632
1.06894 60172
1.06943 61632
1.06943 60172
1.06992 61632
1.06992 60172
1.07041 61632
1.07041 60172
1.0709 61632
1.0709 60172
1.07139 61632
1.07139 60172
1.07188 61632
1.07188 60172
1.07237 61632
1.07237 60172
1.07286 61632
1.07286 60172
1.07335 61632
1.07335 60172
1.07384 61632
1.07384 60172
1.07433 61632
1.07433 60172
1.07482 61632
1.07482 60172
1.07531 61632
1.07531 60172
1.0758 61632
1.0758 60172
1.07629 61632
1.07629 60172
1.07678 61632
1.07678 60172
1.07727 61632
1.07727 60172
1.07776 61632
1.07776 60172
1.07825 61632
1.07825 60172
1.07874 61632
1.07874 60172
1.07922 61632
1.07922 60172
1.07971 61632
1.07971 60172
1.0802 61632
1.0802 60172
1.08069 61632
1.08069 60172
1.08118 61632
1.08118 60172
1.08167 61632
1.08167 60172
1.08216 61632
1.08216 60172
1.08265 61632
1.08265 60172
1.08314 61632
1.08314 60172
1.08363 61632
1.08363 60172
1.08412 61632
1.08412 60172
1.08461 61632
1.08461 60172
1.0851 61632
1.0851 60172
1.08559 61632
1.08559 60172
1.08608 61632
1.08608 60172
1.08657 61632
1.08657 60172
1.08706 61632
1.08706 60172
1.08755 61632
1.08755 60172
1.08804 61632
1.08804 60172
1.08852 61632
1.08852 60172
1.08902 61632
1.08902 60172
1.08949 61632
1.08949 60172
1.09 61632
1.09 60172
1.09049 61632
1.09049 60172
1.09098 61632
1.09098 60172
1.09146 61632
1.09146 60172
1.09195 61632
1.09195 60172
1.09244 61632
1.09244 60172
1.09293 61632
1.09293 60172
1.09342 61632
1.09342 60172
1.09391 61632
1.09391 60172
1.0944 61632
1.0944 60172
1.09489 61632
1.09489 60172
1.09538 61632
1.09538 60172
1.09587 61632
1.09587 60172
1.09636 61632
1.09636 60172
1.09685 61632
1.09685 60172
1.09734 61632
1.09734 60172
1.09783 61632
1.09783 60172
1.09832 61632
1.09832 60172
1.09881 61632
1.09881 60172
1.0993 61632
1.0993 60172
1.09979 61632
1.09979 60172
1.10028 61632
1.10028 60172
1.10077 61632
1.10077 60172
1.1013 61632
1.1013 60172
1.10178 61632
1.10178 60172
1.10227 61632
1.10227 60172
1.10276 61632
1.10276 60172
1.10325 61632
1.10325 60172
1.10374 61632
1.10374 60172
1.10423 61632
1.10423 60172
1.10472 61632
1.10472 60172
1.10521 61632
1.10521 60172
1.1057 61632
1.1057 60172
1.10619 61632
1.10619 60172
1.10668 61632
1.10668 60172
1.10717 61632
1.10717 60172
1.10766 61632
1.10766 60172
1.10815 61632
1.10815 60172
1.10863 61632
1.10863 60172
1.10913 61632
1.10913 60172
1.10961 61632
1.10961 60172
1.11011 61632
1.11011 60172
1.1106 61632
1.1106 60172
1.11109 61632
1.11109 60172
1.11158 61632
1.11158 60172
1.11207 61632
1.11207 60172
1.11256 61632
1.11256 60172
1.11305 61632
1.11305 60172
1.11354 61632
1.11354 60172
1.11402 61632
1.11402 60172
1.11451 61632
1.11451 60172
1.115 61632
1.115 60172
1.11549 61632
1.11549 60172
1.11598 61632
1.11598 60172
1.11647 61632
1.11647 60172
1.11696 61632
1.11696 60172
1.11745 61632
1.11745 60172
1.11794 61632
1.11794 60172
1.11843 61632
1.11843 60172
1.11892 61632
1.11892 60172
1.11941 61632
1.11941 60172
1.1199 61632
1.1199 60172
1.12039 61632
1.12039 60172
1.12088 61632
1.12088 60172
1.12137 61632
1.12137 60172
1.12186 61632
1.12186 60172
1.12235 61632
1.12235 60172
1.12284 61632
1.12284 60172
1.12333 61632
1.12333 60172
1.12382 61632
1.12382 60172
1.12431 61632
1.12431 60172
1.1248 61632
1.1248 60172
1.12529 61632
1.12529 60172
1.12578 61632
1.12578 60172
1.12626 61632
1.12626 60172
1.12675 61632
1.12675 60172
1.12724 61632
1.12724 60172
1.12773 61632
1.12773 60172
1.12822 61632
1.12822 60172
1.1287 61632
1.1287 60172
1.1292 61632
1.1292 60172
1.12968 61632
1.12968 60172
1.13018 61632
1.13018 60172
1.13067 61632
1.13067 60172
1.13116 61632
1.13116 60172
1.13165 61632
1.13165 60172
1.13214 61632
1.13214 60172
1.13263 61632
1.13263 60172
1.13312 61632
1.13312 60172
1.13361 61632
1.13361 60172
1.1341 61632
1.1341 60172
1.13459 61632
1.13459 60172
1.13508 61632
1.13508 60172
1.13557 61632
1.13557 60172
1.13606 61632
1.13606 60172
1.13655 61632
1.13655 60172
1.13704 61632
1.13704 60172
1.13753 61632
1.13753 60172
1.13802 61632
1.13802 60172
1.1385 61632
1.1385 60172
1.13899 61632
1.13899 60172
1.13948 61632
1.13948 60172
1.13997 61632
1.13997 60172
1.14046 61632
1.14046 60172
1.14095 61632
1.14095 60172
1.14144 61632
1.14144 60172
1.14193 61632
1.14193 60172
1.14242 61632
1.14242 60172
1.14291 61632
1.14291 60172
1.1434 61632
1.1434 60172
1.14389 61632
1.14389 60172
1.14438 61632
1.14438 60172
1.14487 61632
1.14487 60172
1.14536 61632
1.14536 60172
1.14585 61632
1.14585 60172
1.14634 61632
1.14634 60172
1.14683 61632
1.14683 60172
1.14732 61632
1.14732 60172
1.14781 61632
1.14781 60172
1.1483 61632
1.1483 60172
1.14877 61632
1.14877 60172
1.14928 61632
1.14928 60172
1.14975 61632
1.14975 60172
1.15026 61632
1.15026 60172
1.15074 61632
1.15074 60172
1.15123 61632
1.15123 60172
1.15172 61632
1.15172 60172
1.15221 61632
1.15221 60172
1.1527 61632
1.1527 60172
1.15319 61632
1.15319 60172
1.15368 61632
1.15368 60172
1.15417 61632
1.15417 60172
1.15466 61632
1.15466 60172
1.15515 61632
1.15515 60172
1.15564 61632
1.15564 60172
1.15613 61632
1.15613 60172
1.15662 61632
1.15662 60172
1.15711 61632
1.15711 60172
1.1576 61632
1.1576 60172
1.15809 61632
1.15809 60172
1.15858 61632
1.15858 60172
1.15907 61632
1.15907 60172
1.15956 61632
1.15956 60172
1.16005 61632
1.16005 60172
1.16054 61632
1.16054 60172
1.16103 61632
1.16103 60172
1.16152 61632
1.16152 60172
1.16201 61632
1.16201 60172
1.1625 61632
1.1625 60172
1.16298 61632
1.16298 60172
1.16347 61632
1.16347 60172
1.16396 61632
1.16396 60172
1.16445 61632
1.16445 60172
1.16494 61632
1.16494 60172
1.16543 61632
1.16543 60172
1.16592 61632
1.16592 60172
1.16641 61632
1.16641 60172
1.1669 61632
1.1669 60172
1.16739 61632
1.16739 60172
1.16788 61632
1.16788 60172
1.16837 61632
1.16837 60172
1.16885 61632
1.16885 60172
1.16935 61632
1.16935 60172
1.16983 61632
1.16983 60172
1.17033 61632
1.17033 60172
1.17082 61632
1.17082 60172
1.17131 61632
1.17131 60172
1.1718 61632
1.1718 60172
1.17229 61632
1.17229 60172
1.17278 61632
1.17278 60172
1.17327 61632
1.17327 60172
1.17376 61632
1.17376 60172
1.17425 61632
1.17425 60172
1.17474 61632
1.17474 60172
1.17522 61632
1.17522 60172
1.17571 61632
1.17571 60172
1.1762 61632
1.1762 60172
1.17669 61632
1.17669 60172
1.17718 61632
1.17718 60172
1.17767 61632
1.17767 60172
1.17816 61632
1.17816 60172
1.17865 61632
1.17865 60172
1.17914 61632
1.17914 60172
1.17963 61632
1.17963 60172
1.18012 61632
1.18012 60172
1.18061 61632
1.18061 60172
1.1811 61632
1.1811 60172
1.18159 61632
1.18159 60172
1.18208 61632
1.18208 60172
1.18257 61632
1.18257 60172
1.18306 61632
1.18306 60172
1.18355 61632
1.18355 60172
1.18404 61632
1.18404 60172
1.18453 61632
1.18453 60172
1.18502 61632
1.18502 60172
1.18551 61632
1.18551 60172
1.186 61632
1.186 60172
1.18649 61632
1.18649 60172
1.18698 61632
1.18698 60172
1.18746 61632
1.18746 60172
1.18795 61632
1.18795 60172
1.18844 61632
1.18844 60172
1.18892 61632
1.18892 60172
1.18942 61632
1.18942 60172
1.1899 61632
1.1899 60172
1.1904 61632
1.1904 60172
1.19089 61632
1.19089 60172
1.19138 61632
1.19138 60172
1.19187 61632
1.19187 60172
1.19236 61632
1.19236 60172
1.19285 61632
1.19285 60172
1.19334 61632
1.19334 60172
1.19383 61632
1.19383 60172
1.19432 61632
1.19432 60172
1.19481 61632
1.19481 60172
1.1953 61632
1.1953 60172
1.19579 61632
1.19579 60172
1.19628 61632
1.19628 60172
1.19677 61632
1.19677 60172
1.19726 61632
1.19726 60172
1.19775 61632
1.19775 60172
1.19824 61632
1.19824 60172
1.19873 61632
1.19873 60172
1.19922 61632
1.19922 60172
1.1997 61632
1.1997 60172
1.20019 61632
1.20019 60172
1.20068 61632
1.20068 60172
1.20117 61632
1.20117 60172
1.20166 61632
1.20166 60172
1.20215 61632
1.20215 60172
1.20264 61632
1.20264 60172
1.20313 61632
1.20313 60172
1.20362 61632
1.20362 60172
1.20411 61632
1.20411 60172
1.2046 61632
1.2046 60172
1.20509 61632
1.20509 60172
1.20558 61632
1.20558 60172
1.20607 61632
1.20607 60172
1.20656 61632
1.20656 60172
1.20705 61632
1.20705 60172
1.20754 61632
1.20754 60172
1.20803 61632
1.20803 60172
1.20852 61632
1.20852 60172
1.20899 61632
1.20899 60172
1.2095 61632
1.2095 60172
1.20997 61632
1.20997 60172
1.21048 61632
1.21048 60172
1.21097 61632
1.21097 60172
1.21146 61632
1.21146 60172
1.21194 61632
1.21194 60172
1.21243 61632
1.21243 60172
1.21292 61632
1.21292 60172
1.21341 61632
1.21341 60172
1.2139 61632
1.2139 60172
1.21439 61632
1.21439 60172
1.21488 61632
1.21488 60172
1.21537 61632
1.21537 60172
1.21586 61632
1.21586 60172
1.21635 61632
1.21635 60172
1.21684 61632
1.21684 60172
1.21733 61632
1.21733 60172
1.21782 61632
1.21782 60172
1.21831 61632
1.21831 60172
1.2188 61632
1.2188 60172
1.21929 61632
1.21929 60172
1.21978 61632
1.21978 60172
1.22027 61632
1.22027 60172
1.22076 61632
1.22076 60172
1.22125 61632
1.22125 60172
1.22174 61632
1.22174 60172
1.22223 61632
1.22223 60172
1.22272 61632
1.22272 60172
1.22321 61632
1.22321 60172
1.2237 61632
1.2237 60172
1.22418 61632
1.22418 60172
1.22467 61632
1.22467 60172
1.22516 61632
1.22516 60172
1.22565 61632
1.22565 60172
1.22614 61632
1.22614 60172
1.22663 61632
1.22663 60172
1.22712 61632
1.22712 60172
1.22761 61632
1.22761 60172
1.2281 61632
1.2281 60172
1.22859 61632
1.22859 60172
1.22907 61632
1.22907 60172
1.22957 61632
1.22957 60172
1.23005 61632
1.23005 60172
1.23055 61632
1.23055 60172
1.23104 61632
1.23104 60172
1.23153 61632
1.23153 60172
1.23202 61632
1.23202 60172
1.23251 61632
1.23251 60172
1.233 61632
1.233 60172
1.23349 61632
1.23349 60172
1.23398 61632
1.23398 60172
1.23447 61632
1.23447 60172
1.23496 61632
1.23496 60172
1.23545 61632
1.23545 60172
1.23594 61632
1.23594 60172
1.23642 61632
1.23642 60172
1.23691 61632
1.23691 60172
1.2374 61632
1.2374 60172
1.23789 61632
1.23789 60172
1.23838 61632
1.23838 60172
1.23887 61632
1.23887 60172
1.23936 61632
1.23936 60172
1.23985 61632
1.23985 60172
1.24034 61632
1.24034 60172
1.24083 61632
1.24083 60172
1.24132 61632
1.24132 60172
1.24181 61632
1.24181 60172
1.2423 61632
1.2423 60172
1.24279 61632
1.24279 60172
1.24328 61632
1.24328 60172
1.24377 61632
1.24377 60172
1.24426 61632
1.24426 60172
1.24475 61632
1.24475 60172
1.24524 61632
1.24524 60172
1.24573 61632
1.24573 60172
1.24622 61632
1.24622 60172
1.24671 61632
1.24671 60172
1.2472 61632
1.2472 60172
1.24769 61632
1.24769 60172
1.24818 61632
1.24818 60172
1.24866 61632
1.24866 60172
1.24914 61632
1.24914 60172
1.24964 61632
1.24964 60172
1.25012 61632
1.25012 60172
1.25062 61632
1.25062 60172
1.25111 61632
1.25111 60172
1.2516 61632
1.2516 60172
1.25209 61632
1.25209 60172
1.25258 61632
1.25258 60172
1.25307 61632
1.25307 60172
1.25356 61632
1.25356 60172
1.25405 61632
1.25405 60172
1.25454 61632
1.25454 60172
1.25503 61632
1.25503 60172
1.25552 61632
1.25552 60172
1.25601 61632
1.25601 60172
1.2565 61632
1.2565 60172
1.25699 61632
1.25699 60172
1.25748 61632
1.25748 60172
1.25797 61632
1.25797 60172
1.25846 61632
1.25846 60172
1.25895 61632
1.25895 60172
1.25944 61632
1.25944 60172
1.25993 61632
1.25993 60172
1.26042 61632
1.26042 60172
1.2609 61632
1.2609 60172
1.26139 61632
1.26139 60172
1.26188 61632
1.26188 60172
1.26237 61632
1.26237 60172
1.26286 61632
1.26286 60172
1.26335 61632
1.26335 60172
1.26384 61632
1.26384 60172
1.26433 61632
1.26433 60172
1.26482 61632
1.26482 60172
1.26531 61632
1.26531 60172
1.2658 61632
1.2658 60172
1.26629 61632
1.26629 60172
1.26678 61632
1.26678 60172
1.26727 61632
1.26727 60172
1.26776 61632
1.26776 60172
1.26825 61632
1.26825 60172
1.26874 61632
1.26874 60172
1.26922 61632
1.26922 60172
1.26972 61632
1.26972 60172
1.27019 61632
1.27019 60172
1.2707 61632
1.2707 60172
1.27119 61632
1.27119 60172
1.27168 61632
1.27168 60172
1.27217 61632
1.27217 60172
1.27266 61632
1.27266 60172
1.27314 61632
1.27314 60172
1.27363 61632
1.27363 60172
1.27412 61632
1.27412 60172
1.27461 61632
1.27461 60172
1.2751 61632
1.2751 60172
1.27559 61632
1.27559 60172
1.27608 61632
1.27608 60172
1.27657 61632
1.27657 60172
1.27706 61632
1.27706 60172
1.27755 61632
1.27755 60172
1.27804 61632
1.27804 60172
1.27853 61632
1.27853 60172
1.27902 61632
1.27902 60172
1.27951 61632
1.27951 60172
1.28 61632
1.28 60172
1.28049 61632
1.28049 60172
1.28098 61632
1.28098 60172
1.28147 61632
1.28147 60172
1.28196 61632
1.28196 60172
1.28245 61632
1.28245 60172
1.28294 61632
1.28294 60172
1.28343 61632
1.28343 60172
1.28392 61632
1.28392 60172
1.28441 61632
1.28441 60172
1.2849 61632
1.2849 60172
1.28538 61632
1.28538 60172
1.28587 61632
1.28587 60172
1.28636 61632
1.28636 60172
1.28685 61632
1.28685 60172
1.28734 61632
1.28734 60172
1.28783 61632
1.28783 60172
1.28832 61632
1.28832 60172
1.28881 61632
1.28881 60172
1.28929 61632
1.28929 60172
1.28979 61632
1.28979 60172
1.29027 61632
1.29027 60172
1.29077 61632
1.29077 60172
1.29126 61632
1.29126 60172
1.29175 61632
1.29175 60172
1.29224 61632
1.29224 60172
1.29273 61632
1.29273 60172
1.29322 61632
1.29322 60172
1.29371 61632
1.29371 60172
1.2942 61632
1.2942 60172
1.29469 61632
1.29469 60172
1.29518 61632
1.29518 60172
1.29567 61632
1.29567 60172
1.29616 61632
1.29616 60172
1.29665 61632
1.29665 60172
1.29714 61632
1.29714 60172
1.29762 61632
1.29762 60172
1.29811 61632
1.29811 60172
1.2986 61632
1.2986 60172
1.29909 61632
1.29909 60172
1.29958 61632
1.29958 60172
1.30007 61632
1.30007 60172
1.30056 61632
1.30056 60172
1.30109 61632
1.30109 60172
1.30158 61632
1.30158 60172
1.30207 61632
1.30207 60172
1.30256 61632
1.30256 60172
1.30305 61632
1.30305 60172
1.30354 61632
1.30354 60172
1.30403 61632
1.30403 60172
1.30452 61632
1.30452 60172
1.30501 61632
1.30501 60172
1.3055 61632
1.3055 60172
1.30599 61632
1.30599 60172
1.30648 61632
1.30648 60172
1.30697 61632
1.30697 60172
1.30746 61632
1.30746 60172
1.30794 61632
1.30794 60172
1.30843 61632
1.30843 60172
1.30892 61632
1.30892 60172
1.3094 61632
1.3094 60172
1.3099 61632
1.3099 60172
1.31038 61632
1.31038 60172
1.31088 61632
1.31088 60172
1.31137 61632
1.31137 60172
1.31186 61632
1.31186 60172
1.31235 61632
1.31235 60172
1.31284 61632
1.31284 60172
1.31333 61632
1.31333 60172
1.31382 61632
1.31382 60172
1.31431 61632
1.31431 60172
1.3148 61632
1.3148 60172
1.31529 61632
1.31529 60172
1.31578 61632
1.31578 60172
1.31627 61632
1.31627 60172
1.31676 61632
1.31676 60172
1.31725 61632
1.31725 60172
1.31774 61632
1.31774 60172
1.31823 61632
1.31823 60172
1.31872 61632
1.31872 60172
1.31921 61632
1.31921 60172
1.3197 61632
1.3197 60172
1.32018 61632
1.32018 60172
1.32067 61632
1.32067 60172
1.32116 61632
1.32116 60172
1.32165 61632
1.32165 60172
1.32214 61632
1.32214 60172
1.32263 61632
1.32263 60172
1.32312 61632
1.32312 60172
1.32361 61632
1.32361 60172
1.3241 61632
1.3241 60172
1.32459 61632
1.32459 60172
1.32508 61632
1.32508 60172
1.32557 61632
1.32557 60172
1.32606 61632
1.32606 60172
1.32655 61632
1.32655 60172
1.32704 61632
1.32704 60172
1.32753 61632
1.32753 60172
1.32802 61632
1.32802 60172
1.32851 61632
1.32851 60172
1.329 61632
1.329 60172
1.32947 61632
1.32947 60172
1.32998 61632
1.32998 60172
1.33045 61632
1.33045 60172
1.33096 61632
1.33096 60172
1.33145 61632
1.33145 60172
1.33194 61632
1.33194 60172
1.33242 61632
1.33242 60172
1.33291 61632
1.33291 60172
1.3334 61632
1.3334 60172
1.33389 61632
1.33389 60172
1.33438 61632
1.33438 60172
1.33487 61632
1.33487 60172
1.33536 61632
1.33536 60172
1.33585 61632
1.33585 60172
1.33634 61632
1.33634 60172
1.33683 61632
1.33683 60172
1.33732 61632
1.33732 60172
1.33781 61632
1.33781 60172
1.3383 61632
1.3383 60172
1.33879 61632
1.33879 60172
1.33928 61632
1.33928 60172
1.33977 61632
1.33977 60172
1.34026 61632
1.34026 60172
1.34075 61632
1.34075 60172
1.34124 61632
1.34124 60172
1.34173 61632
1.34173 60172
1.34222 61632
1.34222 60172
1.34271 61632
1.34271 60172
1.3432 61632
1.3432 60172
1.34369 61632
1.34369 60172
1.34418 61632
1.34418 60172
1.34466 61632
1.34466 60172
1.34515 61632
1.34515 60172
1.34564 61632
1.34564 60172
1.34613 61632
1.34613 60172
1.34662 61632
1.34662 60172
1.34711 61632
1.34711 60172
1.3476 61632
1.3476 60172
1.34809 61632
1.34809 60172
1.34858 61632
1.34858 60172
1.34907 61632
1.34907 60172
1.34955 61632
1.34955 60172
1.35005 61632
1.35005 60172
1.35053 61632
1.35053 60172
1.35103 61632
1.35103 60172
1.35152 61632
1.35152 60172
1.35201 61632
1.35201 60172
1.3525 61632
1.3525 60172
1.35299 61632
1.35299 60172
1.35348 61632
1.35348 60172
1.35397 61632
1.35397 60172
1.35446 61632
1.35446 60172
1.35495 61632
1.35495 60172
1.35544 61632
1.35544 60172
1.35593 61632
1.35593 60172
1.35642 61632
1.35642 60172
1.3569 61632
1.3569 60172
1.35739 61632
1.35739 60172
1.35788 61632
1.35788 60172
1.35837 61632
1.35837 60172
1.35886 61632
1.35886 60172
1.35935 61632
1.35935 60172
1.35984 61632
1.35984 60172
1.36033 61632
1.36033 60172
1.36082 61632
1.36082 60172
1.36131 61632
1.36131 60172
1.3618 61632
1.3618 60172
1.36229 61632
1.36229 60172
1.36278 61632
1.36278 60172
1.36327 61632
1.36327 60172
1.36376 61632
1.36376 60172
1.36425 61632
1.36425 60172
1.36474 61632
1.36474 60172
1.36523 61632
1.36523 60172
1.36572 61632
1.36572 60172
1.36621 61632
1.36621 60172
1.3667 61632
1.3667 60172
1.36719 61632
1.36719 60172
1.36768 61632
1.36768 60172
1.36817 61632
1.36817 60172
1.36866 61632
1.36866 60172
1.36914 61632
1.36914 60172
1.36962 61632
1.36962 60172
1.37012 61632
1.37012 60172
1.3706 61632
1.3706 60172
1.3711 61632
1.3711 60172
1.37159 61632
1.37159 60172
1.37208 61632
1.37208 60172
1.37257 61632
1.37257 60172
1.37306 61632
1.37306 60172
1.37355 61632
1.37355 60172
1.37404 61632
1.37404 60172
1.37453 61632
1.37453 60172
1.37502 61632
1.37502 60172
1.37551 61632
1.37551 60172
1.376 61632
1.376 60172
1.37649 61632
1.37649 60172
1.37698 61632
1.37698 60172
1.37747 61632
1.37747 60172
1.37796 61632
1.37796 60172
1.37845 61632
1.37845 60172
1.37894 61632
1.37894 60172
1.37943 61632
1.37943 60172
1.37992 61632
1.37992 60172
1.38041 61632
1.38041 60172
1.3809 61632
1.3809 60172
1.38138 61632
1.38138 60172
1.38187 61632
1.38187 60172
1.38236 61632
1.38236 60172
1.38285 61632
1.38285 60172
1.38334 61632
1.38334 60172
1.38383 61632
1.38383 60172
1.38432 61632
1.38432 60172
1.38481 61632
1.38481 60172
1.3853 61632
1.3853 60172
1.38579 61632
1.38579 60172
1.38628 61632
1.38628 60172
1.38677 61632
1.38677 60172
1.38726 61632
1.38726 60172
1.38775 61632
1.38775 60172
1.38824 61632
1.38824 60172
1.38873 61632
1.38873 60172
1.38922 61632
1.38922 60172
1.3897 61632
1.3897 60172
1.3902 61632
1.3902 60172
1.39067 61632
1.39067 60172
1.39118 61632
1.39118 60172
1.39167 61632
1.39167 60172
1.39216 61632
1.39216 60172
1.39265 61632
1.39265 60172
1.39314 61632
1.39314 60172
1.39362 61632
1.39362 60172
1.39411 61632
1.39411 60172
1.3946 61632
1.3946 60172
1.39509 61632
1.39509 60172
1.39558 61632
1.39558 60172
1.39607 61632
1.39607 60172
1.39656 61632
1.39656 60172
1.39705 61632
1.39705 60172
1.39754 61632
1.39754 60172
1.39803 61632
1.39803 60172
1.39852 61632
1.39852 60172
1.39901 61632
1.39901 60172
1.3995 61632
1.3995 60172
1.39999 61632
1.39999 60172
1.40048 61632
1.40048 60172
1.40097 61632
1.40097 60172
1.40146 61632
1.40146 60172
1.40195 61632
1.40195 60172
1.40244 61632
1.40244 60172
1.40293 61632
1.40293 60172
1.40342 61632
1.40342 60172
1.40391 61632
1.40391 60172
1.4044 61632
1.4044 60172
1.40489 61632
1.40489 60172
1.40538 61632
1.40538 60172
1.40586 61632
1.40586 60172
1.40635 61632
1.40635 60172
1.40684 61632
1.40684 60172
1.40733 61632
1.40733 60172
1.40782 61632
1.40782 60172
1.40831 61632
1.40831 60172
1.4088 61632
1.4088 60172
1.40929 61632
1.40929 60172
1.40977 61632
1.40977 60172
1.41027 61632
1.41027 60172
1.41075 61632
1.41075 60172
1.41125 61632
1.41125 60172
1.41174 61632
1.41174 60172
1.41223 61632
1.41223 60172
1.41272 61632
1.41272 60172
1.41321 61632
1.41321 60172
1.4137 61632
1.4137 60172
1.41419 61632
1.41419 60172
1.41468 61632
1.41468 60172
1.41517 61632
1.41517 60172
1.41566 61632
1.41566 60172
1.41615 61632
1.41615 60172
1.41664 61632
1.41664 60172
1.41713 61632
1.41713 60172
1.41762 61632
1.41762 60172
1.4181 61632
1.4181 60172
1.41859 61632
1.41859 60172
1.41908 61632
1.41908 60172
1.41957 61632
1.41957 60172
1.42006 61632
1.42006 60172
1.42055 61632
1.42055 60172
1.42104 61632
1.42104 60172
1.42153 61632
1.42153 60172
1.42202 61632
1.42202 60172
1.4225 61632
1.4225 60172
1.423 61632
1.423 60172
1.42348 61632
1.42348 60172
1.42398 61632
1.42398 60172
1.42447 61632
1.42447 60172
1.42496 61632
1.42496 60172
1.42545 61632
1.42545 60172
1.42594 61632
1.42594 60172
1.42643 61632
1.42643 60172
1.42692 61632
1.42692 60172
1.42741 61632
1.42741 60172
1.4279 61632
1.4279 60172
1.42839 61632
1.42839 60172
1.42888 61632
1.42888 60172
1.42937 61632
1.42937 60172
1.42984 61632
1.42984 60172
1.43034 61632
1.43034 60172
1.43082 61632
1.43082 60172
1.43132 61632
1.43132 60172
1.43181 61632
1.43181 60172
1.4323 61632
1.4323 60172
1.43279 61632
1.43279 60172
1.43328 61632
1.43328 60172
1.43377 61632
1.43377 60172
1.43426 61632
1.43426 60172
1.43475 61632
1.43475 60172
1.43524 61632
1.43524 60172
1.43573 61632
1.43573 60172
1.43622 61632
1.43622 60172
1.43671 61632
1.43671 60172
1.4372 61632
1.4372 60172
1.43769 61632
1.43769 60172
1.43818 61632
1.43818 60172
1.43867 61632
1.43867 60172
1.43916 61632
1.43916 60172
1.43965 61632
1.43965 60172
1.44014 61632
1.44014 60172
1.44063 61632
1.44063 60172
1.44112 61632
1.44112 60172
1.44161 61632
1.44161 60172
1.4421 61632
1.4421 60172
1.44257 61632
1.44257 60172
1.44307 61632
1.44307 60172
1.44355 61632
1.44355 60172
1.44405 61632
1.44405 60172
1.44454 61632
1.44454 60172
1.44503 61632
1.44503 60172
1.44552 61632
1.44552 60172
1.44601 61632
1.44601 60172
1.4465 61632
1.4465 60172
1.44699 61632
1.44699 60172
1.44748 61632
1.44748 60172
1.44797 61632
1.44797 60172
1.44846 61632
1.44846 60172
1.44895 61632
1.44895 60172
1.44944 61632
1.44944 60172
1.44992 61632
1.44992 60172
1.45042 61632
1.45042 60172
1.4509 61632
1.4509 60172
1.4514 61632
1.4514 60172
1.45189 61632
1.45189 60172
1.45238 61632
1.45238 60172
1.45287 61632
1.45287 60172
1.45336 61632
1.45336 60172
1.45385 61632
1.45385 60172
1.45434 61632
1.45434 60172
1.45482 61632
1.45482 60172
1.45531 61632
1.45531 60172
1.4558 61632
1.4558 60172
1.45629 61632
1.45629 60172
1.45678 61632
1.45678 60172
1.45727 61632
1.45727 60172
1.45776 61632
1.45776 60172
1.45825 61632
1.45825 60172
1.45874 61632
1.45874 60172
1.45923 61632
1.45923 60172
1.45972 61632
1.45972 60172
1.46021 61632
1.46021 60172
1.4607 61632
1.4607 60172
1.46119 61632
1.46119 60172
1.46168 61632
1.46168 60172
1.46217 61632
1.46217 60172
1.46265 61632
1.46265 60172
1.46315 61632
1.46315 60172
1.46363 61632
1.46363 60172
1.46413 61632
1.46413 60172
1.46462 61632
1.46462 60172
1.46511 61632
1.46511 60172
1.4656 61632
1.4656 60172
1.46609 61632
1.46609 60172
1.46658 61632
1.46658 60172
1.46706 61632
1.46706 60172
1.46755 61632
1.46755 60172
1.46804 61632
1.46804 60172
1.46853 61632
1.46853 60172
1.46902 61632
1.46902 60172
1.46951 61632
1.46951 60172
1.46999 61632
1.46999 60172
1.47049 61632
1.47049 60172
1.47097 61632
1.47097 60172
1.47147 61632
1.47147 60172
1.47196 61632
1.47196 60172
1.47245 61632
1.47245 60172
1.47294 61632
1.47294 60172
1.47343 61632
1.47343 60172
1.47392 61632
1.47392 60172
1.47441 61632
1.47441 60172
1.4749 61632
1.4749 60172
1.47539 61632
1.47539 60172
1.47588 61632
1.47588 60172
1.47637 61632
1.47637 60172
1.47686 61632
1.47686 60172
1.47735 61632
1.47735 60172
1.47784 61632
1.47784 60172
1.47833 61632
1.47833 60172
1.47882 61632
1.47882 60172
1.4793 61632
1.4793 60172
1.47979 61632
1.47979 60172
1.48028 61632
1.48028 60172
1.48077 61632
1.48077 60172
1.48126 61632
1.48126 60172
1.48175 61632
1.48175 60172
1.48224 61632
1.48224 60172
1.48272 61632
1.48272 60172
1.48322 61632
1.48322 60172
1.4837 61632
1.4837 60172
1.4842 61632
1.4842 60172
1.48469 61632
1.48469 60172
1.48518 61632
1.48518 60172
1.48567 61632
1.48567 60172
1.48616 61632
1.48616 60172
1.48665 61632
1.48665 60172
1.48714 61632
1.48714 60172
1.48763 61632
1.48763 60172
1.48812 61632
1.48812 60172
1.48861 61632
1.48861 60172
1.4891 61632
1.4891 60172
1.48959 61632
1.48959 60172
1.49006 61632
1.49006 60172
1.49057 61632
1.49057 60172
1.49104 61632
1.49104 60172
1.49154 61632
1.49154 60172
1.49203 61632
1.49203 60172
1.49252 61632
1.49252 60172
1.49301 61632
1.49301 60172
1.4935 61632
1.4935 60172
1.49399 61632
1.49399 60172
1.49448 61632
1.49448 60172
1.49497 61632
1.49497 60172
1.49546 61632
1.49546 60172
1.49595 61632
1.49595 60172
1.49644 61632
1.49644 60172
1.49693 61632
1.49693 60172
1.49742 61632
1.49742 60172
1.49791 61632
1.49791 60172
1.4984 61632
1.4984 60172
1.49889 61632
1.49889 60172
1.49938 61632
1.49938 60172
1.49987 61632
1.49987 60172
1.50016 17616
1.50019 19076
1.50019 17616
1.50021 19076
1.50021 17616
1.50024 19076
1.50024 17616
1.50026 19076
1.50026 17116
1.50028 18576
1.50028 17616
1.50031 19076
1.50031 17116
1.50033 18576
1.50033 16616
1.50036 18076
1.50036 15616
1.50038 17076
1.50038 14616
1.50041 16076
1.50041 13616
1.50043 15076
1.50043 13116
1.50046 14576
1.50046 11616
1.50048 13076
1.50048 11116
1.5005 12576
1.5005 10616
1.50053 12076
1.50055 13536
1.50058 14996
1.5006 16456
1.50063 17916
1.50065 19376
1.50068 20836
1.5007 22296
1.50072 23756
1.50092 25216
1.5016 26676
1.50225 28136
1.50287 29596
1.50348 31056
1.50406 32516
1.50461 33976
1.50514 35436
1.50564 36896
1.50613 38356
1.50661 39816
1.50711 41276
1.5076 42736
1.50809 44196
1.50857 45656
1.50907 47116
1.50956 48576
1.51005 50036
1.51023 10616
1.51027 12076
1.51027 10616
1.51029 12076
1.51029 10616
1.51032 12076
1.51032 10616
1.51034 12076
1.51034 10616
1.51037 12076
1.51037 10616
1.51039 12076
1.51039 10616
1.51042 12076
1.51044 13536
1.51046 14996
1.51049 16456
1.51051 17916
1.51054 19376
1.51056 20836
1.51059 22296
1.51061 23756
1.51091 25216
1.51157 26676
1.51222 28136
1.51284 29596
1.51344 31056
1.51403 32516
1.51459 33976
1.51515 35436
1.51566 36896
1.51617 38356
1.51666 39816
1.51711 41276
1.51761 42736
1.51812 44196
1.51858 45656
1.51908 47116
1.51959 48576
1.52003 50036
1.52035 10616
1.52038 12076
1.52038 10616
1.52039 12076
1.52039 10616
1.52041 12076
1.52041 10616
1.52044 12076
1.52044 10616
1.52046 12076
1.52046 10616
1.52049 12076
1.52049 10616
1.52051 12076
1.52051 10616
1.52054 12076
1.52056 13536
1.52057 14996
1.5206 16456
1.52062 17916
1.52065 19376
1.52067 20836
1.52068 22296
1.52071 23756
1.52091 25216
1.52164 26676
1.52229 28136
1.52292 29596
1.52352 31056
1.5241 32516
1.52465 33976
1.52518 35436
1.52569 36896
1.52613 38356
1.52664 39816
1.52715 41276
1.52764 42736
1.52807 44196
1.52862 45656
1.52911 47116
1.52954 48576
1.53009 50036
1.53028 10616
1.53029 12076
1.53029 10616
1.53032 12076
1.53032 10616
1.53035 12076
1.53035 10616
1.53036 12076
1.53036 10616
1.53039 12076
1.53039 10616
1.5304 12076
1.5304 10616
1.53041 12076
1.53041 10616
1.53046 12076
1.53056 13536
1.53058 14996
1.53061 16456
1.53063 17916
1.53065 19376
1.53068 20836
1.5307 22296
1.53073 23756
1.53097 25216
1.53164 26676
1.53226 28136
1.53287 29596
1.53346 31056
1.53403 32516
1.5346 33976
1.53515 35436
1.53571 36896
1.53621 38356
1.53669 39816
1.53707 41276
1.53764 42736
1.53818 44196
1.53861 45656
1.53909 47116
1.53966 48576
1.53998 50036
1.54031 10616
1.54034 12076
1.54034 10616
1.54036 12076
1.54036 10616
1.54039 12076
1.54039 10616
1.54046 12076
1.54046 10616
1.54048 12076
1.54048 10616
1.5405 12076
1.54051 13536
1.54052 14996
1.54053 16456
1.54056 17916
1.54059 19376
1.54061 20836
1.54062 22296
1.54063 23756
1.5408 25216
1.54155 26676
1.54225 28136
1.54289 29596
1.54349 31056
1.54407 32516
1.54462 33976
1.54514 35436
1.5456 36896
1.54605 38356
1.5466 39816
1.54711 41276
1.54755 42736
1.548 44196
1.54858 45656
1.54905 47116
1.54945 48576
1.55004 50036
1.55028 10616
1.5503 12076
1.5503 10616
1.55031 12076
1.55031 10616
1.55037 12076
1.55037 10616
1.55043 12076
1.55043 10616
1.55046 12076
1.55046 10616
1.55047 12076
1.55052 13536
1.55057 14996
1.55061 16456
1.55064 17916
1.55066 19376
1.55068 20836
1.55071 22296
1.55076 23756
1.55086 25216
1.55154 26676
1.55216 28136
1.55277 29596
1.55336 31056
1.55393 32516
1.5545 33976
1.55506 35436
1.55561 36896
1.5561 38356
1.55642 39816
1.55696 41276
1.55753 42736
1.55803 44196
1.55837 45656
1.55896 47116
1.55949 48576
1.55984 50036
1.56044 10616
1.56047 12076
1.56047 10616
1.56048 12076
1.56048 10616
1.56049 12076
1.56049 10616
1.5605 12076
1.5605 10616
1.56052 12076
1.56052 10616
1.56053 12076
1.56053 10616
1.56054 12076
1.56054 10616
1.56055 12076
1.56055 10616
1.56057 12076
1.56057 10616
1.56058 12076
1.56058 10616
1.56059 12076
1.56059 10616
1.5606 12076
1.5606 10616
1.56063 12076
1.56064 13536
1.56065 14996
1.56066 16456
1.56068 17916
1.56069 19376
1.5607 20836
1.56071 22296
1.56072 23756
1.56074 25216
1.56139 26676
1.56225 28136
1.5629 29596
1.5635 31056
1.56408 32516
1.56463 33976
1.56514 35436
1.56557 36896
1.56612 38356
1.56665 39816
1.56714 41276
1.5675 42736
1.56808 44196
1.56862 45656
1.56902 47116
1.56955 48576
1.57007 50036
1.57027 10616
1.57029 12076
1.57029 10616
1.57031 12076
1.57031 10616
1.57032 12076
1.57032 10616
1.57033 12076
1.57033 10616
1.57034 12076
1.57034 10616
1.57035 12076
1.57035 10616
1.57037 12076
1.57037 10616
1.57038 12076
1.57038 10616
1.57039 12076
1.57039 10616
1.5704 12076
1.5704 10616
1.57042 12076
1.57042 10616
1.57044 12076
1.57045 13536
1.57046 14996
1.57049 16456
1.57058 17916
1.57061 19376
1.57066 20836
1.57067 22296
1.57072 23756
1.57105 25216
1.57188 26676
1.57254 28136
1.57316 29596
1.57376 31056
1.57434 32516
1.57489 33976
1.57543 35436
1.57592 36896
1.57646 38356
1.57687 39816
1.57737 41276
1.57788 42736
1.57846 44196
1.57884 45656
1.57939 47116
1.57995 48576
1.58034 50036
1.58055 10616
1.58061 12076
1.58061 10616
1.58066 12076
1.58066 10616
1.58071 12076
1.58076 13536
1.58078 14996
1.5808 16456
1.58082 17916
1.58083 19376
1.58084 20836
1.58086 22296
1.58087 23756
1.5811 25216
1.58178 26676
1.58242 28136
1.58304 29596
1.58365 31056
1.58424 32516
1.58479 33976
1.58532 35436
1.58585 36896
1.58632 38356
1.58683 39816
1.58727 41276
1.58775 42736
1.58824 44196
1.58868 45656
1.58918 47116
1.58968 48576
1.59013 50036
1.59064 51496
1.59083 10616
1.59086 12076
1.59086 10616
1.59089 12076
1.59089 10616
1.59092 12076
1.59092 10616
1.59093 12076
1.59093 10616
1.59094 12076
1.59094 10616
1.59095 12076
1.59095 10616
1.59098 12076
1.59098 10616
1.59099 12076
1.59099 10616
1.59102 12076
1.59104 13536
1.59113 14996
1.59115 16456
1.59116 17916
1.59119 19376
1.59124 20836
1.59126 22296
1.59127 23756
1.5915 25216
1.59217 26676
1.5928 28136
1.59342 29596
1.59404 31056
1.59463 32516
1.59519 33976
1.59575 35436
1.59629 36896
1.5968 38356
1.59723 39816
1.59771 41276
1.59826 42736
1.5988 44196
1.59923 45656
1.59973 47116
1.6003 48576
1.60068 50036
1.60088 10616
1.60095 12076
1.60095 11116
1.60102 12576
1.60102 10616
1.60107 12076
1.6011 13536
1.60111 14996
1.60113 16456
1.60115 17916
1.60116 19376
1.60118 20836
1.60121 22296
1.60122 23756
1.60147 25216
1.60213 26676
1.60282 28136
1.60343 29596
1.60405 31056
1.60464 32516
1.6052 33976
1.60577 35436
1.60621 36896
1.6067 38356
1.60717 39816
1.60767 41276
1.6082 42736
1.60864 44196
1.60909 45656
1.60965 47116
1.61008 48576
1.61056 50036
1.61104 51496
1.61123 10616
1.61124 12076
1.61124 10616
1.61126 12076
1.61126 10616
1.61128 12076
1.61128 10616
1.61129 12076
1.61129 10616
1.61131 12076
1.61131 11116
1.61132 12576
1.61132 10616
1.61133 12076
1.61133 11116
1.61135 12576
1.61135 11116
1.61137 12576
1.61137 10616
1.61138 12076
1.61138 10616
1.61139 12076
1.61139 10616
1.61142 12076
1.61143 13536
1.61145 14996
1.61148 16456
1.61153 17916
1.61155 19376
1.61156 20836
1.61159 22296
1.61164 23756
1.61221 25216
1.61285 26676
1.61347 28136
1.61408 29596
1.61467 31056
1.61525 32516
1.61582 33976
1.61636 35436
1.6169 36896
1.61745 38356
1.61777 39816
1.61828 41276
1.61886 42736
1.61945 44196
1.61973 45656
1.62033 47116
1.62094 48576
1.62122 50036
1.62146 10616
1.62159 12076
1.62169 13536
1.62173 14996
1.62176 16456
1.62178 17916
1.6218 19376
1.62181 20836
1.62182 22296
1.62183 23756
1.62199 25216
1.62262 26676
1.62325 28136
1.62385 29596
1.62445 31056
1.62503 32516
1.62558 33976
1.62613 35436
1.62666 36896
1.6272 38356
1.62752 39816
1.62802 41276
1.62859 42736
1.62916 44196
1.62945 45656
1.63002 47116
1.63063 48576
1.63091 50036
1.63149 10616
1.6315 12076
1.6315 10616
1.63151 12076
1.63151 10616
1.63152 12076
1.63152 10616
1.63154 12076
1.63154 10616
1.63155 12076
1.63155 10616
1.63156 12076
1.63156 10616
1.63157 12076
1.63157 10616
1.63158 12076
1.63158 10616
1.63161 12076
1.63161 10616
1.63162 12076
1.63162 10616
1.63163 12076
1.63163 10616
1.63165 12076
1.63165 10616
1.63166 12076
1.63167 13536
1.63168 14996
1.63171 16456
1.63173 17916
1.63176 19376
1.63178 20836
1.63179 22296
1.63182 23756
1.63189 25216
1.63271 26676
1.63344 28136
1.63405 29596
1.63466 31056
1.63525 32516
1.63582 33976
1.63639 35436
1.63676 36896
1.63719 38356
1.63774 39816
1.63831 41276
1.63883 42736
1.63915 44196
1.63975 45656
1.64036 47116
1.64061 48576
1.64125 50036
1.64159 10616
1.64165 12076
1.64165 10616
1.64169 12076
1.64169 10616
1.64184 12076
1.64189 13536
1.64195 14996
1.64197 16456
1.64199 17916
1.642 19376
1.64201 20836
1.64202 22296
1.64203 23756
1.64205 25216
1.6423 26676
1.64326 28136
1.64387 29596
1.64446 31056
1.64503 32516
1.6456 33976
1.64615 35436
1.64641 36896
1.64695 38356
1.6475 39816
1.64805 41276
1.64834 42736
1.64889 44196
1.64947 45656
1.65002 47116
1.65034 48576
1.65094 50036
1.65124 51496
1.65157 10616
1.6516 12076
1.6516 10616
1.65166 12076
1.65168 13536
1.65169 14996
1.6517 16456
1.65171 17916
1.65173 19376
1.65174 20836
1.65175 22296
1.65176 23756
1.65198 25216
1.65262 26676
1.65325 28136
1.65386 29596
1.65445 31056
1.65503 32516
1.6556 33976
1.65614 35436
1.65667 36896
1.65718 38356
1.65772 39816
1.65802 41276
1.65854 42736
1.65909 44196
1.65941 45656
1.65995 47116
1.66053 48576
1.66084 50036
1.66141 51496
1.66203 52956
1.66231 54416
1.6627 55876
1.663 57336
1.66341 58796
1.66371 60256
1.66411 61716
1.66442 63176
1.66482 64636
1.66512 66096
1.66553 67556
1.66584 69016
1.66622 10616
1.66624 12076
1.66624 10616
1.66627 12076
1.66627 10616
1.66629 12076
1.66629 10616
1.6663 12076
1.6663 10616
1.66632 12076
1.66632 10616
1.66633 12076
1.66633 10616
1.66634 12076
1.66634 10616
1.66635 12076
1.66635 10616
1.66638 12076
1.66639 13536
1.6664 14996
1.66643 16456
1.66644 17916
1.66645 19376
1.66646 20836
1.66647 22296
1.66649 23756
1.6665 25216
1.66683 26676
1.66753 28136
1.66814 29596
1.66876 31056
1.66935 32516
1.6699 33976
1.67044 35436
1.67091 36896
1.67138 38356
1.67186 39816
1.67235 41276
1.67281 42736
1.67324 44196
1.67374 45656
1.67422 47116
1.67465 48576
1.67516 50036
1.67559 51496
1.67606 52956
1.67623 10616
1.67624 12076
1.67624 10616
1.67625 12076
1.67625 10616
1.67628 12076
1.67628 10616
1.6763 12076
1.6763 10616
1.67634 12076
1.67634 10616
1.67639 12076
1.67639 10616
1.67641 12076
1.67642 13536
1.67647 14996
1.6765 16456
1.67653 17916
1.67657 19376
1.67659 20836
1.67661 22296
1.67662 23756
1.67688 25216
1.67753 26676
1.67817 28136
1.67881 29596
1.67941 31056
1.68 32516
1.68058 33976
1.68112 35436
1.68166 36896
1.68216 38356
1.68265 39816
1.68308 41276
1.68362 42736
1.68414 44196
1.68452 45656
1.6851 47116
1.68564 48576
1.68602 50036
1.68624 10616
1.68627 12076
1.68627 10616
1.68631 12076
1.68631 10616
1.68633 12076
1.68633 10616
1.68635 12076
1.68635 10616
1.68636 12076
1.68636 10616
1.68638 12076
1.68638 10616
1.68643 12076
1.68646 13536
1.68647 14996
1.68649 16456
1.68654 17916
1.68657 19376
1.68658 20836
1.6866 22296
1.68662 23756
1.68687 25216
1.68759 26676
1.68842 28136
1.68904 29596
1.68963 31056
1.69021 32516
1.69077 33976
1.69131 35436
1.69172 36896
1.69216 38356
1.69269 39816
1.69322 41276
1.69375 42736
1.69408 44196
1.69464 45656
1.6952 47116
1.69553 48576
1.69611 50036
1.69654 51496
1.69671 10616
1.69674 12076
1.69674 10616
1.69675 12076
1.69675 10616
1.69676 12076
1.69676 10616
1.69679 12076
1.69679 10616
1.69681 12076
1.69681 11116
1.69685 12576
1.69685 10616
1.69686 12076
1.69686 11116
1.69688 12576
1.69688 10616
1.6969 12076
1.6969 10616
1.69691 12076
1.69692 13536
1.69693 14996
1.69696 16456
1.69697 17916
1.69698 19376
1.69699 20836
1.69702 22296
1.69703 23756
1.69763 25216
1.69826 26676
1.69888 28136
1.69948 29596
1.70007 31056
1.70065 32516
1.70122 33976
1.70179 35436
1.70234 36896
1.70289 38356
1.70315 39816
1.7037 41276
1.70429 42736
1.70489 44196
1.70514 45656
1.70576 47116
1.70638 48576
1.70665 50036
1.70689 10616
1.7071 12076
1.70718 13536
1.7072 14996
1.70722 16456
1.70724 17916
1.70725 19376
1.70726 20836
1.70727 22296
1.70729 23756
1.70741 25216
1.70805 26676
1.70866 28136
1.70928 29596
1.70987 31056
1.71044 32516
1.71101 33976
1.71155 35436
1.71209 36896
1.71262 38356
1.7129 39816
1.71344 41276
1.714 42736
1.71458 44196
1.71486 45656
1.71545 47116
1.71605 48576
1.71633 50036
1.7169 10616
1.71692 12076
1.71692 10616
1.71693 12076
1.71693 10616
1.71694 12076
1.71694 10616
1.71695 12076
1.71695 10616
1.71696 12076
1.71696 10616
1.71698 12076
1.71698 10616
1.717 12076
1.717 10616
1.71701 12076
1.71701 10616
1.71703 12076
1.71703 10616
1.71704 12076
1.71704 10616
1.71705 12076
1.71705 10616
1.71706 12076
1.71706 10616
1.71707 12076
1.71707 10616
1.71709 12076
1.7171 13536
1.71712 14996
1.71715 16456
1.71717 17916
1.71718 19376
1.71721 20836
1.71722 22296
1.71723 23756
1.71728 25216
1.71814 26676
1.71887 28136
1.71949 29596
1.7201 31056
1.72069 32516
1.72126 33976
1.72182 35436
1.72219 36896
1.72263 38356
1.72318 39816
1.72375 41276
1.72428 42736
1.72459 44196
1.72519 45656
1.7258 47116
1.72606 48576
1.72669 50036
1.72705 10616
1.72708 12076
1.72708 10616
1.72715 12076
1.72715 10616
1.72729 12076
1.72734 13536
1.72739 14996
1.7274 16456
1.72743 17916
1.72744 19376
1.72745 20836
1.72746 22296
1.72748 23756
1.72749 25216
1.72777 26676
1.72871 28136
1.72931 29596
1.7299 31056
1.73048 32516
1.73104 33976
1.73159 35436
1.73189 36896
1.73239 38356
1.73292 39816
1.73345 41276
1.73378 42736
1.73428 44196
1.73484 45656
1.73538 47116
1.73569 48576
1.73627 50036
1.73659 51496
1.73709 10616
1.73711 12076
1.73711 10616
1.73712 12076
1.73712 10616
1.73713 12076
1.73713 10616
1.73714 12076
1.73714 10616
1.73715 12076
1.73715 10616
1.73717 12076
1.73717 10616
1.73718 12076
1.73718 10616
1.73719 12076
1.73719 10616
1.7372 12076
1.7372 10616
1.73723 12076
1.73723 10616
1.73724 12076
1.73724 10616
1.73726 12076
1.73726 10616
1.73728 12076
1.73729 13536
1.7373 14996
1.73733 16456
1.73735 17916
1.73737 19376
1.73739 20836
1.73741 22296
1.73744 23756
1.7378 25216
1.73844 26676
1.73907 28136
1.7397 29596
1.7403 31056
1.74089 32516
1.74147 33976
1.74202 35436
1.74257 36896
1.74305 38356
1.74338 39816
1.74394 41276
1.74452 42736
1.74502 44196
1.74538 45656
1.74599 47116
1.7465 48576
1.74688 50036
1.74721 10616
1.7473 12076
1.7473 10616
1.74732 12076
1.74732 10616
1.74735 12076
1.74737 13536
1.74742 14996
1.74747 16456
1.74749 17916
1.74751 19376
1.74752 20836
1.74753 22296
1.74754 23756
1.74768 25216
1.7483 26676
1.74892 28136
1.74953 29596
1.75012 31056
1.7507 32516
1.75127 33976
1.75181 35436
1.75235 36896
1.75289 38356
1.75316 39816
1.7537 41276
1.75426 42736
1.75485 44196
1.75512 45656
1.7557 47116
1.75632 48576
1.75657 50036
1.75717 10616
1.75719 12076
1.75719 10616
1.7572 12076
1.7572 10616
1.75722 12076
1.75722 10616
1.75723 12076
1.75723 10616
1.75725 12076
1.75725 10616
1.75726 12076
1.75726 10616
1.75727 12076
1.75727 10616
1.75728 12076
1.75728 10616
1.7573 12076
1.7573 10616
1.75731 12076
1.75731 10616
1.75732 12076
1.75732 10616
1.75733 12076
1.75733 10616
1.75734 12076
1.75734 10616
1.75736 12076
1.75737 13536
1.75739 14996
1.75741 16456
1.75742 17916
1.75743 19376
1.75744 20836
1.75745 22296
1.75747 23756
1.75753 25216
1.75851 26676
1.75914 28136
1.75975 29596
1.76035 31056
1.76094 32516
1.76152 33976
1.76209 35436
1.76259 36896
1.76289 38356
1.76344 39816
1.76401 41276
1.7646 42736
1.76484 44196
1.76544 45656
1.76607 47116
1.76633 48576
1.76695 50036
1.7673 10616
1.76749 12076
1.76756 13536
1.76762 14996
1.76764 16456
1.76765 17916
1.76766 19376
1.76767 20836
1.76768 22296
1.7677 23756
1.76772 25216
1.76798 26676
1.76862 28136
1.76953 29596
1.77012 31056
1.7707 32516
1.77126 33976
1.77156 35436
1.77209 36896
1.77261 38356
1.77315 39816
1.77369 41276
1.77399 42736
1.77455 44196
1.7751 45656
1.77542 47116
1.77599 48576
1.77658 50036
1.77689 51496
1.77725 10616
1.77734 12076
1.77735 13536
1.77736 14996
1.77738 16456
1.77739 17916
1.7774 19376
1.77741 20836
1.77744 22296
1.77745 23756
1.77762 25216
1.77827 26676
1.7789 28136
1.7795 29596
1.7801 31056
1.78068 32516
1.78124 33976
1.78179 35436
1.78232 36896
1.78283 38356
1.78317 39816
1.78369 41276
1.78425 42736
1.78479 44196
1.78511 45656
1.7857 47116
1.78626 48576
1.78658 50036
1.78715 10616
1.78718 12076
1.78718 10616
1.78719 12076
1.78719 10616
1.78721 12076
1.78721 10616
1.78723 12076
1.78723 10616
1.78724 12076
1.78724 10616
1.78725 12076
1.78725 10616
1.78726 12076
1.78726 10616
1.78727 12076
1.78727 10616
1.7873 12076
1.7873 10616
1.78731 12076
1.78731 10616
1.78732 12076
1.78732 10616
1.78734 12076
1.78735 13536
1.78736 14996
1.78737 16456
1.78738 17916
1.78741 19376
1.78742 20836
1.78743 22296
1.78746 23756
1.78752 25216
1.78821 26676
1.78903 28136
1.78965 29596
1.79026 31056
1.79085 32516
1.79142 33976
1.79198 35436
1.79228 36896
1.79283 38356
1.79339 39816
1.79392 41276
1.79432 42736
1.7948 44196
1.79539 45656
1.79593 47116
1.79628 48576
1.79687 50036
1.79705 10616
1.79706 12076
1.79706 10616
1.79708 12076
1.79708 10616
1.79709 12076
1.79709 10616
1.7971 12076
1.7971 10616
1.79711 12076
1.79711 10616
1.79712 12076
1.79712 10616
1.79714 12076
1.79714 10616
1.79716 12076
1.79716 10616
1.79717 12076
1.79717 10616
1.79719 12076
1.79719 10616
1.7972 12076
1.7972 10616
1.79731 12076
1.79735 13536
1.7975 14996
1.79754 16456
1.79758 17916
1.79759 19376
1.79761 20836
1.79763 22296
1.79764 23756
1.79783 25216
1.79849 26676
1.79937 28136
1.79998 29596
1.80058 31056
1.80116 32516
1.80171 33976
1.80227 35436
1.80262 36896
1.80316 38356
1.80369 39816
1.80425 41276
1.8048 42736
1.80518 44196
1.80574 45656
1.80634 47116
1.80669 48576
1.80704 10616
1.80709 12076
1.80713 13536
1.80715 14996
1.80716 16456
1.80718 17916
1.8072 19376
1.80721 20836
1.80722 22296
1.80723 23756
1.80744 25216
1.8081 26676
1.80874 28136
1.80937 29596
1.80997 31056
1.81056 32516
1.81114 33976
1.81169 35436
1.81222 36896
1.81269 38356
1.81306 39816
1.8136 41276
1.81414 42736
1.81462 44196
1.81502 45656
1.81558 47116
1.81608 48576
1.81646 50036
1.81706 51496
1.8172 10616
1.81721 12076
1.81721 10616
1.81722 12076
1.81722 10616
1.81723 12076
1.81723 11116
1.81724 12576
1.81724 11116
1.81726 12576
1.81726 11116
1.81728 12576
1.81728 11116
1.81729 12576
1.81729 11116
1.81732 12576
1.81732 10616
1.81733 12076
1.81733 11116
1.81734 12576
1.81734 11116
1.81735 12576
1.81735 10616
1.81737 12076
1.81737 10616
1.81739 12076
1.8174 13536
1.81751 14996
1.81761 16456
1.81766 17916
1.81768 19376
1.81771 20836
1.81772 22296
1.81773 23756
1.81802 25216
1.81889 26676
1.81952 28136
1.82013 29596
1.82073 31056
1.82131 32516
1.82187 33976
1.82241 35436
1.82294 36896
1.82343 38356
1.82394 39816
1.82437 41276
1.82491 42736
1.82542 44196
1.82585 45656
1.82639 47116
1.82691 48576
1.82733 50036
1.82753 10616
1.82757 12076
1.82757 11116
1.8276 12576
1.8276 10616
1.82762 12076
1.82762 11116
1.82766 12576
1.82766 11116
1.82768 12576
1.82768 10616
1.8277 12076
1.8277 10616
1.82772 12076
1.82775 13536
1.82776 14996
1.82777 16456
1.82779 17916
1.82781 19376
1.82787 20836
1.82789 22296
1.8279 23756
1.82819 25216
1.8289 26676
1.82971 28136
1.83031 29596
1.8309 31056
1.83148 32516
1.83205 33976
1.8326 35436
1.83307 36896
1.83354 38356
1.83404 39816
1.83453 41276
1.83508 42736
1.83548 44196
1.83596 45656
1.83653 47116
1.83695 48576
1.83744 50036
1.83778 10616
1.83781 12076
1.83781 10616
1.83783 12076
1.83783 10616
1.83786 12076
1.83786 10616
1.83792 12076
1.83792 10616
1.83798 12076
1.83799 13536
1.83806 14996
1.83809 16456
1.8381 17916
1.83811 19376
1.83813 20836
1.83815 22296
1.83817 23756
1.83825 25216
1.83889 26676
1.83951 28136
1.84013 29596
1.84074 31056
1.84133 32516
1.8419 33976
1.84243 35436
1.84294 36896
1.84345 38356
1.84393 39816
1.84438 41276
1.84486 42736
1.84538 44196
1.84581 45656
1.8463 47116
1.84683 48576
1.84726 50036
1.84776 51496
1.84794 10616
1.84797 12076
1.84797 10616
1.84799 12076
1.84799 10616
1.84801 12076
1.84801 10616
1.84803 12076
1.84803 10616
1.84805 12076
1.84805 10616
1.84806 12076
1.84806 10616
1.84809 12076
1.84809 10616
1.84811 12076
1.84811 10616
1.84814 12076
1.84819 13536
1.84821 14996
1.84827 16456
1.8483 17916
1.84831 19376
1.84832 20836
1.84835 22296
1.84836 23756
1.84863 25216
1.84929 26676
1.84993 28136
1.85075 29596
1.85135 31056
1.85192 32516
1.85249 33976
1.85291 35436
1.85345 36896
1.85395 38356
1.85449 39816
1.85495 41276
1.85537 42736
1.8559 44196
1.85639 45656
1.85681 47116
1.85737 48576
1.85787 50036
1.85821 10616
1.85822 12076
1.85822 10616
1.85825 12076
1.85825 10616
1.85828 12076
1.85828 10616
1.8583 12076
1.8583 10616
1.85832 12076
1.85832 10616
1.85833 12076
1.85833 10616
1.85836 12076
1.85836 10616
1.85837 12076
1.85837 10616
1.85839 12076
1.85841 13536
1.85842 14996
1.85852 16456
1.85858 17916
1.85861 19376
1.85865 20836
1.85866 22296
1.85868 23756
1.85875 25216
1.85945 26676
1.86013 28136
1.86075 29596
1.86134 31056
1.86192 32516
1.86249 33976
1.86302 35436
1.8635 36896
1.86396 38356
1.86445 39816
1.86495 41276
1.86545 42736
1.86591 44196
1.8664 45656
1.86693 47116
1.86738 48576
1.86788 50036
1.86818 10616
1.8682 12076
1.8682 10616
1.86821 12076
1.86821 10616
1.86823 12076
1.86823 10616
1.86824 12076
1.86824 10616
1.86827 12076
1.86827 10616
1.86833 12076
1.86833 10616
1.86839 12076
1.8684 13536
1.86844 14996
1.86846 16456
1.8685 17916
1.86853 19376
1.86855 20836
1.86859 22296
1.86861 23756
1.86872 25216
1.86936 26676
1.87 28136
1.87061 29596
1.87122 31056
1.87179 32516
1.87235 33976
1.87289 35436
1.87341 36896
1.87393 38356
1.87435 39816
1.8748 41276
1.87533 42736
1.87588 44196
1.87623 45656
1.87677 47116
1.87735 48576
1.87768 50036
1.87819 10616
1.8782 12076
1.8782 10616
1.87822 12076
1.87822 10616
1.87823 12076
1.87823 10616
1.87824 12076
1.87824 10616
1.87827 12076
1.87827 10616
1.87829 12076
1.87829 10616
1.87831 12076
1.87831 10616
1.87833 12076
1.87833 10616
1.87835 12076
1.87835 10616
1.87836 12076
1.87836 10616
1.87838 12076
1.87839 13536
1.87841 14996
1.87842 16456
1.87845 17916
1.87846 19376
1.87847 20836
1.8785 22296
1.87852 23756
1.87867 25216
1.87943 26676
1.88012 28136
1.88075 29596
1.88135 31056
1.88193 32516
1.88248 33976
1.88301 35436
1.88348 36896
1.88389 38356
1.88444 39816
1.88498 41276
1.88545 42736
1.88584 44196
1.88644 45656
1.88693 47116
1.8873 48576
1.88792 50036
1.8881 10616
1.88812 12076
1.88812 10616
1.88814 12076
1.88814 10616
1.88815 12076
1.88815 10616
1.88816 12076
1.88816 10616
1.88818 12076
1.88818 10616
1.8883 12076
1.88837 13536
1.88839 14996
1.88843 16456
1.88846 17916
1.8885 19376
1.88852 20836
1.88854 22296
1.88858 23756
1.88875 25216
1.88939 26676
1.89001 28136
1.89061 29596
1.8912 31056
1.89178 32516
1.89234 33976
1.8929 35436
1.89345 36896
1.89398 38356
1.89425 39816
1.8948 41276
1.89536 42736
1.89594 44196
1.89621 45656
1.89679 47116
1.89741 48576
1.89768 50036
1.89827 10616
1.89829 12076
1.89829 10616
1.8983 12076
1.8983 10616
1.89831 12076
1.89831 10616
1.89832 12076
1.89832 10616
1.89834 12076
1.89834 10616
1.89835 12076
1.89835 10616
1.89836 12076
1.89836 10616
1.89837 12076
1.89837 10616
1.89839 12076
1.89839 10616
1.8984 12076
1.8984 10616
1.89842 12076
1.89842 10616
1.89843 12076
1.89843 10616
1.89845 12076
1.89845 10616
1.89846 12076
1.89847 13536
1.89848 14996
1.8985 16456
1.89851 17916
1.89852 19376
1.89853 20836
1.89856 22296
1.89858 23756
1.89862 25216
1.89959 26676
1.90024 28136
1.90085 29596
1.90146 31056
1.90205 32516
1.90262 33976
1.90319 35436
1.90372 36896
1.90399 38356
1.90454 39816
1.90511 41276
1.90569 42736
1.90596 44196
1.90655 45656
1.90717 47116
1.90743 48576
1.90805 50036
1.90844 10616
1.90863 12076
1.9087 13536
1.90871 14996
1.90872 16456
1.90875 17916
1.90876 19376
1.90877 20836
1.90879 22296
1.9088 23756
1.90882 25216
1.9091 26676
1.90974 28136
1.91063 29596
1.91122 31056
1.9118 32516
1.91236 33976
1.91272 35436
1.91326 36896
1.91372 38356
1.91425 39816
1.91481 41276
1.91517 42736
1.91565 44196
1.91621 45656
1.91662 47116
1.91711 48576
1.91769 50036
1.9181 51496
1.91839 11116
1.91845 12576
1.91846 14036
1.91848 15496
1.91849 16956
1.9185 18416
1.91851 19876
1.91853 21336
1.91855 22796
1.91856 24256
1.91876 25716
1.91943 27176
1.92013 28636
1.92076 30096
1.92136 31556
1.92195 33016
1.92253 34476
1.92304 35936
1.92348 37396
1.92396 38856
1.92447 40316
1.925 41776
1.9254 43236
1.92587 44696
1.9264 46156
1.92687 47616
1.9273 49076
1.92786 50536
1.92826 51996
1.92848 10616
1.92853 12076
1.92853 10616
1.92857 12076
1.92857 10616
1.9286 12076
1.9286 10616
1.92862 12076
1.92862 10616
1.92864 12076
1.92865 13536
1.92866 14996
1.92867 16456
1.92869 17916
1.92871 19376
1.92872 20836
1.92873 22296
1.92875 23756
1.92902 25216
1.92972 26676
1.93038 28136
1.93104 29596
1.93165 31056
1.93222 32516
1.93278 33976
1.93327 35436
1.93376 36896
1.93423 38356
1.93477 39816
1.93528 41276
1.93572 42736
1.93617 44196
1.93676 45656
1.93718 47116
1.93764 48576
1.93822 50036
1.9384 10616
1.93841 12076
1.93841 10616
1.93843 12076
1.93843 10616
1.93845 12076
1.93845 10616
1.93846 12076
1.93846 10616
1.93847 12076
1.93847 10616
1.9385 12076
1.9385 10616
1.93856 12076
1.93856 10616
1.93857 12076
1.93857 10616
1.9386 12076
1.93866 13536
1.93867 14996
1.93871 16456
1.93873 17916
1.93874 19376
1.93877 20836
1.93879 22296
1.9388 23756
1.93914 25216
1.93977 26676
1.94041 28136
1.94103 29596
1.94162 31056
1.94221 32516
1.94279 33976
1.94334 35436
1.94388 36896
1.94443 38356
1.94487 39816
1.94528 41276
1.94583 42736
1.94641 44196
1.94682 45656
1.9473 47116
1.9479 48576
1.9482 50036
1.9485 10616
1.94852 12076
1.94852 10616
1.94862 12076
1.94862 10616
1.94867 12076
1.94867 10616
1.94869 12076
1.9487 13536
1.94872 14996
1.94873 16456
1.94874 17916
1.94875 19376
1.94876 20836
1.94879 22296
1.9488 23756
1.94899 25216
1.94962 26676
1.95036 28136
1.95101 29596
1.95162 31056
1.95219 32516
1.95275 33976
1.95325 35436
1.95367 36896
1.95421 38356
1.95476 39816
1.95522 41276
1.95565 42736
1.95615 44196
1.95666 45656
1.95713 47116
1.95761 48576
1.95813 50036
1.95849 10616
1.95851 12076
1.95851 10616
1.95852 12076
1.95852 10616
1.9586 12076
1.9586 10616
1.95864 12076
1.95864 10616
1.95869 12076
1.95873 13536
1.95876 14996
1.95877 16456
1.95882 17916
1.95886 19376
1.95887 20836
1.9589 22296
1.95892 23756
1.95893 25216
1.95957 26676
1.96022 28136
1.96089 29596
1.9615 31056
1.96209 32516
1.96266 33976
1.96313 35436
1.96362 36896
1.96405 38356
1.96459 39816
1.96513 41276
1.96553 42736
1.96596 44196
1.96655 45656
1.96697 47116
1.9674 48576
1.96802 50036
1.96841 51496
1.96859 10616
1.96869 12076
1.96869 10616
1.96874 12076
1.96874 10616
1.96876 12076
1.96877 13536
1.9688 14996
1.96881 16456
1.96882 17916
1.96884 19376
1.96885 20836
1.96886 22296
1.96887 23756
1.96904 25216
1.96982 26676
1.97047 28136
1.97108 29596
1.97169 31056
1.97226 32516
1.97282 33976
1.97336 35436
1.97386 36896
1.9743 38356
1.97485 39816
1.9753 41276
1.97581 42736
1.97625 44196
1.97675 45656
1.97728 47116
1.97772 48576
1.97822 50036
1.97851 10616
1.97854 12076
1.97854 10616
1.97855 12076
1.97855 10616
1.97856 12076
1.97856 10616
1.97859 12076
1.97859 10616
1.97861 12076
1.97861 10616
1.9787 12076
1.97876 13536
1.97877 14996
1.9788 16456
1.97882 17916
1.97884 19376
1.97887 20836
1.97888 22296
1.97891 23756
1.97904 25216
1.9797 26676
1.9804 28136
1.98104 29596
1.98163 31056
1.98222 32516
1.9828 33976
1.98333 35436
1.9838 36896
1.9843 38356
1.98471 39816
1.98527 41276
1.98575 42736
1.98624 44196
1.98668 45656
1.98723 47116
1.98769 48576
1.98816 50036
1.98865 51496
1.98871 10616
1.98873 12076
1.98873 10616
1.98878 12076
1.98878 10616
1.98882 12076
1.98882 10616
1.98886 12076
1.98886 10616
1.98887 12076
1.98891 13536
1.98892 14996
1.98893 16456
1.98894 17916
1.98895 19376
1.98897 20836
1.98898 22296
1.98899 23756
1.98946 25216
1.99012 26676
1.99082 28136
1.99146 29596
1.99205 31056
1.99263 32516
1.9932 33976
1.99371 35436
1.99428 36896
1.99479 38356
1.99529 39816
1.99564 41276
1.9962 42736
1.99675 44196
1.99714 45656
1.99764 47116
1.99822 48576
1.99854 50036
1.99894 10616
1.99897 12076
1.99897 10616
1.999 12076
1.999 10616
1.99903 12076
1.99903 10616
1.99905 12076
1.99905 10616
1.99908 12076
1.99908 10616
1.9991 12076
1.9991 10616
1.99913 12076
1.99914 13536
1.99915 14996
1.99916 16456
1.99917 17916
1.99919 19376
1.9992 20836
1.99921 22296
1.99922 23756
1.99938 25216
2.00017 26676
2.00017 2920
2.00024 4380
2.00029 5840
2.00032 7300
2.00034 8760
2.00035 10220
2.00043 11680
2.00044 13140
2.00045 14600
2.00047 16060
2.00048 17520
2.0005 18980
2.00053 20440
2.00054 21900
2.00055 23360
2.00103 2920
2.00104 4380
2.00104 2920
2.00106 4380
2.00106 2920
2.00107 4380
2.00107 2920
2.00108 4380
2.00108 2920
2.00109 4380
2.00109 2920
2.0011 4380
2.0011 2920
2.00112 4380
2.00112 2920
2.00119 4380
2.00119 2920
2.00145 4380
2.00145 2920
2.00189 4380
2.00189 2920
2.00213 4380
2.00213 2920
2.00216 4380
2.00216 2920
2.00217 4380
2.00217 2920
2.00218 4380
2.00218 2920
2.00221 4380
2.00221 2920
2.00328 4380
2.00328 2920
2.0033 4380
2.0033 2920
2.00426 4380
2.00426 2920
2.00427 4380
2.00427 2920
2.00524 4380
2.00524 2920
2.00525 4380
2.00525 2920
2.00622 4380
2.00622 2920
2.00623 4380
2.00623 2920
2.0072 4380
2.0072 2920
2.00721 4380
2.00721 2920
2.00818 4380
2.00818 2920
2.00819 4380
2.00819 2920
2.00916 4380
2.00916 2920
2.00917 4380
2.00917 2920
2.01014 4380
2.01014 2920
2.01015 4380
2.01015 2920
2.01112 4380
2.01112 2920
2.01113 4380
2.01113 2920
2.0121 4380
2.01211 5840
2.01267 7300
2.01269 8760
2.01271 10220
2.01274 11680
2.01325 13140
2.01326 14600
2.01329 16060
2.01331 17520
2.01333 18980
2.01335 20440
2.01337 21900
2.0134 23360
2.01441 24820
2.01506 26280
2.0157 27740
2.01631 29200
2.0169 30660
2.01748 32120
2.01805 33580
2.01859 35040
2.0191 36500
2.01963 37960
2.02001 39420
2.02054 40880
2.02108 42340
2.02163 43800
2.02199 45260
2.02256 46720
2.02312 48180
2.0235 49640
2.02368 5308
2.02372 6768
2.02372 5308
2.02378 6768
2.02378 5308
2.02383 6768
2.02383 5308
2.02392 6768
2.02394 8228
2.02396 9688
2.02399 11148
2.024 12608
2.02403 14068
2.02404 15528
2.02406 16988
2.02409 18448
2.0241 19908
2.02411 21368
2.02414 22828
2.02415 24288
2.02437 25748
2.02506 27208
2.02571 28668
2.0265 30128
2.0271 31588
2.02768 33048
2.02823 34508
2.02866 35968
2.02918 37428
2.02967 38888
2.03017 40348
2.03066 41808
2.0311 43268
2.03159 44728
2.03208 46188
2.03253 47648
2.03303 49108
2.03354 50568
2.03398 52028
2.03423 5308
2.03427 6768
2.03427 5308
2.03429 6768
2.03429 5308
2.03431 6768
2.03431 5308
2.03432 6768
2.03432 5308
2.03433 6768
2.03433 5308
2.03436 6768
2.03437 8228
2.03438 9688
2.03439 11148
2.0344 12608
2.03443 14068
2.03448 15528
2.03453 16988
2.03456 18448
2.03458 19908
2.03459 21368
2.03461 22828
2.03462 24288
2.03489 25748
2.03557 27208
2.03638 28668
2.037 30128
2.03759 31588
2.03817 33048
2.03873 34508
2.03927 35968
2.03976 37428
2.04028 38888
2.0407 40348
2.04121 41808
2.04174 43268
2.04226 44728
2.04265 46188
2.04323 47648
2.04376 49108
2.04415 50568
2.04436 5308
2.0444 6768
2.0444 5308
2.04444 6768
2.04444 5308
2.0445 6768
2.0445 5308
2.04455 6768
2.04458 8228
2.04459 9688
2.04461 11148
2.04465 12608
2.04467 14068
2.0447 15528
2.04471 16988
2.04473 18448
2.04475 19908
2.04477 21368
2.0448 22828
2.04482 24288
2.04502 25748
2.04572 27208
2.04637 28668
2.04718 30128
2.04778 31588
2.04836 33048
2.04892 34508
2.04936 35968
2.04982 37428
2.05029 38888
2.05084 40348
2.0514 41808
2.05186 43268
2.05226 44728
2.05286 46188
2.05334 47648
2.05374 49108
2.05436 50568
2.05454 5308
2.05456 6768
2.05456 5308
2.05457 6768
2.05457 5308
2.05459 6768
2.05459 5308
2.0546 6768
2.0546 5308
2.05463 6768
2.05463 5308
2.05466 6768
2.05466 5308
2.05472 6768
2.05476 8228
2.05482 9688
2.05487 11148
2.05492 12608
2.05493 14068
2.05494 15528
2.05495 16988
2.05498 18448
2.05506 19908
2.05511 21368
2.05515 22828
2.05516 24288
2.05527 25748
2.05592 27208
2.05654 28668
2.05714 30128
2.05774 31588
2.05833 33048
2.05891 34508
2.05948 35968
2.06003 37428
2.06057 38888
2.06114 40348
2.06141 41808
2.06199 43268
2.06257 44728
2.06315 46188
2.06346 47648
2.06408 49108
2.06436 50568
2.06456 5308
2.0647 6768
2.0647 5308
2.06474 6768
2.06477 8228
2.06479 9688
2.06481 11148
2.06483 12608
2.06484 14068
2.06485 15528
2.06486 16988
2.06488 18448
2.06489 19908
2.0649 21368
2.06491 22828
2.06494 24288
2.06521 25748
2.06617 27208
2.06678 28668
2.06738 30128
2.06797 31588
2.06855 33048
2.06912 34508
2.06967 35968
2.07021 37428
2.07047 38888
2.071 40348
2.07155 41808
2.07211 43268
2.07237 44728
2.07294 46188
2.07354 47648
2.0738 49108
2.07441 50568
2.07505 52028
2.07518 5308
2.07519 6768
2.07519 5308
2.07521 6768
2.07521 5308
2.07522 6768
2.07522 5308
2.07523 6768
2.07523 5308
2.07524 6768
2.07524 5308
2.07527 6768
2.07527 5308
2.07528 6768
2.07528 5308
2.07529 6768
2.07529 5308
2.0753 6768
2.0753 5308
2.07532 6768
2.07532 5308
2.07533 6768
2.07533 5308
2.07534 6768
2.07534 5308
2.07535 6768
2.07535 5308
2.07537 6768
2.07537 5308
2.07538 6768
2.07539 8228
2.07541 9688
2.07543 11148
2.07544 12608
2.07572 14068
2.07582 15528
2.07585 16988
2.07588 18448
2.07589 19908
2.0759 21368
2.07592 22828
2.07593 24288
2.07647 25748
2.0771 27208
2.07771 28668
2.07831 30128
2.07892 31588
2.07951 33048
2.08008 34508
2.08065 35968
2.08122 37428
2.08177 38888
2.08202 40348
2.0826 41808
2.0832 43268
2.08377 44728
2.08406 46188
2.08468 47648
2.08528 49108
2.08548 5308
2.08549 6768
2.08549 5308
2.0855 6768
2.0855 5308
2.08551 6768
2.08551 5308
2.08552 6768
2.08552 5308
2.08554 6768
2.08554 5308
2.08555 6768
2.08555 5308
2.08556 6768
2.08556 5308
2.08557 6768
2.08557 5308
2.08559 6768
2.08559 5308
2.0856 6768
2.0856 5308
2.08561 6768
2.08561 5308
2.08562 6768
2.08562 5308
2.08565 6768
2.08565 5308
2.08566 6768
2.08568 8228
2.0857 9688
2.08571 11148
2.08572 12608
2.08595 14068
2.08609 15528
2.08611 16988
2.08614 18448
2.08617 19908
2.0862 21368
2.08621 22828
2.08622 24288
2.08674 25748
2.0874 27208
2.08803 28668
2.08863 30128
2.08922 31588
2.0898 33048
2.09038 34508
2.09096 35968
2.09151 37428
2.092 38888
2.09232 40348
2.09289 41808
2.09349 43268
2.09401 44728
2.09435 46188
2.09499 47648
2.09551 49108
2.09573 5308
2.09574 6768
2.09574 5308
2.09576 6768
2.09576 5308
2.09577 6768
2.09577 5308
2.09578 6768
2.09578 5308
2.09579 6768
2.09579 5308
2.09581 6768
2.09581 5308
2.09582 6768
2.09582 5308
2.09583 6768
2.09583 5308
2.09584 6768
2.09584 5308
2.09585 6768
2.09585 5308
2.09587 6768
2.09587 5308
2.09588 6768
2.09588 5308
2.09589 6768
2.09589 5308
2.0959 6768
2.0959 5308
2.09592 6768
2.09593 8228
2.09595 9688
2.09596 11148
2.09598 12608
2.09599 14068
2.096 15528
2.09601 16988
2.09621 18448
2.09632 19908
2.09634 21368
2.09637 22828
2.09639 24288
2.09698 25748
2.09771 27208
2.09846 28668
2.09924 30128
2.10003 31588
2.10017 14808
2.10039 16268
2.10039 10308
2.10044 11768
2.10055 13228
2.10064 14688
2.10065 16148
2.10068 17608
2.10069 19068
2.10071 20528
2.10072 21988
2.10074 23448
2.1014 24908
2.10208 26368
2.10275 27828
2.1034 29288
2.10406 30748
2.10469 32208
2.10529 33668
2.10589 35128
2.10646 36588
2.10701 38048
2.10752 39508
2.10788 40968
2.10843 42428
2.10901 43888
2.10933 45348
2.10991 46808
2.1105 48268
2.11083 49728
2.11144 51188
2.11178 5308
2.11196 6768
2.11202 8228
2.11204 9688
2.11208 11148
2.11212 12608
2.11214 14068
2.11215 15528
2.11218 16988
2.11219 18448
2.11222 19908
2.11223 21368
2.11224 22828
2.11225 24288
2.11227 25748
2.11261 27208
2.11359 28668
2.11423 30128
2.11486 31588
2.11548 33048
2.11608 34508
2.11668 35968
2.11704 37428
2.11761 38888
2.11811 40348
2.11863 41808
2.11915 43268
2.11954 44728
2.12003 46188
2.12058 47648
2.12097 49108
2.12147 50568
2.12187 52028
2.12238 53488
2.12297 54948
2.12314 5308
2.12315 6768
2.12315 5308
2.12316 6768
2.12316 5308
2.12318 6768
2.12318 5308
2.1232 6768
2.1232 5308
2.12321 6768
2.12321 5308
2.12324 6768
2.12324 5556
2.12325 7016
2.12325 5556
2.12329 7016
2.12329 5556
2.12333 7016
2.12336 8476
2.12338 9936
2.12341 11396
2.12342 12856
2.12344 14316
2.12346 15776
2.12347 17236
2.12348 18696
2.12349 20156
2.12352 21616
2.12353 23076
2.12356 24536
2.12391 25996
2.12463 27456
2.12528 28916
2.12603 30376
2.12666 31836
2.12728 33296
2.12788 34756
2.12843 36216
2.12903 37676
2.12957 39136
2.13013 40596
2.13043 42056
2.13101 43516
2.13155 44976
2.13191 46436
2.13245 47896
2.13302 49356
2.13333 50816
2.13397 52276
2.13455 53736
2.13469 5308
2.13472 6768
2.13472 5308
2.13474 6768
2.13474 5308
2.13477 6768
2.13477 5308
2.13479 6768
2.13479 5556
2.1348 7016
2.1348 5308
2.13481 6768
2.13481 5308
2.13483 6768
2.13483 5556
2.13484 7016
2.13484 5556
2.13485 7016
2.13485 5556
2.13486 7016
2.13486 5308
2.13488 6768
2.13488 5308
2.13489 6768
2.1349 8228
2.13491 9688
2.13492 11148
2.13494 12608
2.13496 14068
2.13497 15528
2.13499 16988
2.135 18448
2.13502 19908
2.13508 21368
2.13512 22828
2.13524 24288
2.13555 25748
2.13637 27208
2.13712 28668
2.13785 30128
2.1385 31588
2.13913 33048
2.13974 34508
2.14026 35968
2.14071 37428
2.14128 38888
2.14183 40348
2.14234 41808
2.14272 43268
2.14327 44728
2.14382 46188
2.14424 47648
2.14475 49108
2.14531 50568
2.14568 52028
2.1462 5308
2.14622 6768
2.14622 5308
2.14626 6768
2.14626 5308
2.14627 6768
2.14627 5308
2.14628 6768
2.14628 5308
2.14631 6768
2.14631 5308
2.14633 6768
2.14633 5308
2.14634 6768
2.14634 5308
2.14636 6768
2.14637 8228
2.14637 5308
2.14639 6768
2.14642 8228
2.14644 9688
2.14645 11148
2.14648 12608
2.14649 14068
2.1465 15528
2.14651 16988
2.14653 18448
2.14654 19908
2.14656 21368
2.14659 22828
2.14661 24288
2.14676 25748
2.14759 27208
2.14826 28668
2.14893 30128
2.14959 31588
2.15022 33048
2.15082 34508
2.15142 35968
2.15192 37428
2.15232 38888
2.15287 40348
2.15343 41808
2.15399 43268
2.15429 44728
2.15488 46188
2.15547 47648
2.15577 49108
2.15638 50568
2.15689 52028
2.1573 53488
2.15741 5308
2.15742 6768
2.15742 5308
2.15744 6768
2.15744 5308
2.1575 6768
2.1576 8228
2.1576 5308
2.15769 6768
2.15774 8228
2.15776 9688
2.15781 11148
2.15786 12608
2.1579 14068
2.15792 15528
2.15793 16988
2.15794 18448
2.15796 19908
2.15798 21368
2.15799 22828
2.15801 24288
2.15819 25748
2.15887 27208
2.15952 28668
2.16017 30128
2.1608 31588
2.16141 33048
2.16202 34508
2.16261 35968
2.16319 37428
2.16375 38888
2.16431 40348
2.16457 41808
2.16513 43268
2.1657 44728
2.16628 46188
2.16656 47648
2.16717 49108
2.16744 50568
2.16807 52028
2.16871 53488
2.16897 54948
2.16901 5308
2.16902 6768
2.16902 5308
2.16905 6768
2.16906 8228
2.16906 5308
2.16907 6768
2.16907 5308
2.16908 6768
2.16908 5308
2.16911 6768
2.16911 5308
2.16938 6768
2.16947 8228
2.16951 9688
2.16953 11148
2.16956 12608
2.16957 14068
2.16958 15528
2.1696 16988
2.16961 18448
2.16962 19908
2.16963 21368
2.16964 22828
2.16966 24288
2.16988 25748
2.17095 27208
2.17161 28668
2.17225 30128
2.17288 31588
2.1735 33048
2.17411 34508
2.1747 35968
2.17528 37428
2.17554 38888
2.17609 40348
2.17666 41808
2.17724 43268
2.1775 44728
2.17809 46188
2.17871 47648
2.17897 49108
2.17959 50568
2.18026 52028
2.18051 53488
2.18097 5556
2.18105 7016
2.18109 8476
2.1811 9936
2.18111 11396
2.18112 12856
2.18114 14316
2.18115 15776
2.18116 17236
2.18117 18696
2.18119 20156
2.1812 21616
2.18121 23076
2.18122 24536
2.18134 25996
2.18201 27456
2.18267 28916
2.18331 30376
2.18394 31836
2.18456 33296
2.18516 34756
2.18576 36216
2.18634 37676
2.18691 39136
2.18716 40596
2.18771 42056
2.18827 43516
2.18885 44976
2.1891 46436
2.18968 47896
2.19029 49356
2.19055 50816
2.19116 52276
2.19142 53736
2.19205 55196
2.19227 5308
2.19229 6768
2.19229 5308
2.1923 6768
2.1923 5308
2.19231 6768
2.19231 5308
2.1926 6768
2.1927 8228
2.19274 9688
2.19275 11148
2.19276 12608
2.19278 14068
2.19279 15528
2.1928 16988
2.19281 18448
2.19282 19908
2.19284 21368
2.19285 22828
2.19286 24288
2.19291 25748
2.19358 27208
2.19423 28668
2.19487 30128
2.1955 31588
2.19612 33048
2.19673 34508
2.19732 35968
2.1979 37428
2.19816 38888
2.19872 40348
2.19928 41808
2.19987 43268
2.20012 44728
2.20071 46188
2.20134 47648
2.20159 49108
2.20222 50568
2.20289 5308
2.2029 6768
2.2029 5308
2.20291 6768
2.20293 8228
2.20293 5308
2.20294 6768
2.20294 5308
2.20295 6768
2.20295 5308
2.20296 6768
2.20298 8228
2.20298 5308
2.20299 6768
2.20299 5308
2.203 6768
2.203 5308
2.20301 6768
2.20301 5308
2.20303 6768
2.20304 8228
2.20304 5308
2.20305 6768
2.20305 5308
2.20306 6768
2.20306 5308
2.20307 6768
2.20309 8228
2.2031 9688
2.20311 11148
2.20314 12608
2.20315 14068
2.20316 15528
2.20317 16988
2.20318 18448
2.2032 19908
2.20321 21368
2.20322 22828
2.20323 24288
2.20326 25748
2.20424 27208
2.20501 28668
2.20566 30128
2.2063 31588
2.20693 33048
2.20755 34508
2.20816 35968
2.20865 37428
2.209 38888
2.20961 40348
2.2102 41808
2.21074 43268
2.21103 44728
2.21164 46188
2.21224 47648
2.21251 49108
2.21316 50568
2.21369 52028
2.21389 10616
2.21391 12076
2.21391 10616
2.21392 12076
2.21392 10616
2.21393 12076
2.21393 10616
2.21394 12076
2.21394 10616
2.21395 12076
2.21397 13536
2.21397 10616
2.21398 12076
2.21398 10616
2.21399 12076
2.21399 10616
2.214 12076
2.214 10616
2.21402 12076
2.21402 10616
2.21403 12076
2.21403 10616
2.21404 12076
2.21404 10616
2.21405 12076
2.21405 10616
2.21406 12076
2.21408 13536
2.21409 14996
2.2141 16456
2.21411 17916
2.21413 19376
2.21414 20836
2.21415 22296
2.21416 23756
2.21478 25216
2.21545 26676
2.2161 28136
2.21675 29596
2.21739 31056
2.21802 32516
2.21864 33976
2.21925 35436
2.21984 36896
2.22043 38356
2.22092 39816
2.22125 41276
2.22184 42736
2.22245 44196
2.22277 45656
2.22332 47116
2.22397 48576
2.22423 50036
2.22488 51496
2.22518 10616
2.22526 12076
2.22526 10616
2.22534 12076
2.22534 10616
2.22543 12076
2.22548 13536
2.2255 14996
2.22555 16456
2.22561 17916
2.22562 19376
2.22564 20836
2.22565 22296
2.22566 23756
2.2257 25216
2.22602 26676
2.22699 28136
2.22764 29596
2.22827 31056
2.22889 32516
2.22949 33976
2.23008 35436
2.2304 36896
2.23092 38356
2.23148 39816
2.23203 41276
2.23261 42736
2.23287 44196
2.23347 45656
2.23407 47116
2.23433 48576
2.23497 50036
2.23531 51496
2.23587 52956
2.23614 10616
2.23616 12076
2.23616 10616
2.23618 12076
2.23618 10616
2.23641 12076
2.23649 13536
2.23651 14996
2.23653 16456
2.23655 17916
2.23656 19376
2.23657 20836
2.23658 22296
2.2366 23756
2.23668 25216
2.23734 26676
2.23799 28136
2.23863 29596
2.23926 31056
2.23988 32516
2.24049 33976
2.24108 35436
2.24166 36896
2.24199 38356
2.24251 39816
2.24305 41276
2.24359 42736
2.24393 44196
2.24445 45656
2.24501 47116
2.24535 48576
2.24589 50036
2.24649 51496
2.24678 52956
2.2474 54416
2.24747 10616
2.24748 12076
2.24748 10616
2.24749 12076
2.24751 13536
2.24751 10616
2.24752 12076
2.24752 10616
2.24754 12076
2.24754 10616
2.24756 12076
2.24756 10616
2.24757 12076
2.24757 10616
2.24758 12076
2.24758 10616
2.24759 12076
2.24759 10616
2.2476 12076
2.2476 10616
2.24762 12076
2.24762 11116
2.24763 12576
2.24763 11116
2.24765 12576
2.24765 10616
2.24767 12076
2.24767 10616
2.24768 12076
2.24769 13536
2.24773 14996
2.24776 16456
2.24779 17916
2.24781 19376
2.24784 20836
2.24785 22296
2.2479 23756
2.24853 25216
2.24944 26676
2.25011 28136
2.25076 29596
2.25142 31056
2.25205 32516
2.25265 33976
2.25326 35436
2.2538 36896
2.25413 38356
2.2547 39816
2.25528 41276
2.25586 42736
2.25616 44196
2.25676 45656
2.25737 47116
2.25766 48576
2.25829 50036
2.25888 51496
2.25905 10616
2.25906 12076
2.25906 10616
2.25907 12076
2.25907 10616
2.25908 12076
2.25908 10616
2.2591 12076
2.2591 11116
2.25911 12576
2.25911 11116
2.25912 12576
2.25912 11116
2.25913 12576
2.25913 10616
2.25916 12076
2.25916 11116
2.25917 12576
2.25917 11116
2.25918 12576
2.25918 10616
2.25919 12076
2.25919 10616
2.25921 12076
2.25921 11116
2.25922 12576
2.25922 11116
2.25923 12576
2.25923 10616
2.25926 12076
2.25928 13536
2.25929 14996
2.25932 16456
2.25933 17916
2.25934 19376
2.25935 20836
2.25938 22296
2.25939 23756
2.26 25216
2.26066 26676
2.26144 28136
2.26217 29596
2.26281 31056
2.26344 32516
2.26402 33976
2.26453 35436
2.26508 36896
2.26567 38356
2.26621 39816
2.26665 41276
2.26708 42736
2.26769 44196
2.2682 45656
2.26857 47116
2.26921 48576
2.26968 50036
2.27013 51496
2.27036 10616
2.27042 12076
2.27042 10616
2.27047 12076
2.27047 10616
2.27048 12076
2.27051 13536
2.27051 11116
2.27053 12576
2.27053 10616
2.27057 12076
2.27062 13536
2.27064 14996
2.27068 16456
2.27075 17916
2.27077 19376
2.27078 20836
2.27079 22296
2.27081 23756
2.27099 25216
2.27167 26676
2.27232 28136
2.27297 29596
2.2736 31056
2.27422 32516
2.27483 33976
2.27541 35436
2.27599 36896
2.27655 38356
2.2771 39816
2.27739 41276
2.27792 42736
2.2785 44196
2.27881 45656
2.27937 47116
2.27997 48576
2.28026 50036
2.28086 51496
2.2815 52956
2.28171 10616
2.28172 12076
2.28172 10616
2.28174 12076
2.28174 10616
2.28176 12076
2.28176 10616
2.28177 12076
2.28177 10616
2.28179 12076
2.28179 10616
2.2818 12076
2.28182 13536
2.28182 10616
2.28183 12076
2.28183 10616
2.28184 12076
2.28184 10616
2.28185 12076
2.28185 10616
2.28188 12076
2.28188 10616
2.28189 12076
2.28189 10616
2.2819 12076
2.28191 13536
2.28194 14996
2.28195 16456
2.28198 17916
2.28202 19376
2.28228 20836
2.28236 22296
2.28238 23756
2.28244 25216
2.28313 26676
2.2838 28136
2.28444 29596
2.28507 31056
2.2857 32516
2.28632 33976
2.28693 35436
2.28752 36896
2.28808 38356
2.28863 39816
2.28893 41276
2.2895 42736
2.29005 44196
2.29035 45656
2.29095 47116
2.29153 48576
2.29182 50036
2.29246 51496
2.29305 52956
2.29326 11116
2.29328 12576
2.29328 10616
2.2933 12076
2.2933 11116
2.29331 12576
2.29331 11116
2.29332 12576
2.29332 11116
2.29333 12576
2.29333 10616
2.29335 12076
2.29335 11116
2.29336 12576
2.29336 11116
2.29337 12576
2.29337 11116
2.29338 12576
2.29338 10616
2.29339 12076
2.29339 10616
2.29341 12076
2.29341 11116
2.29342 12576
2.29342 10616
2.29343 12076
2.29343 10616
2.29344 12076
2.29346 13536
2.29347 14996
2.29349 16456
2.2935 17916
2.29352 19376
2.29353 20836
2.29355 22296
2.29357 23756
2.29404 25216
2.29472 26676
2.29541 28136
2.29605 29596
2.29669 31056
2.29732 32516
2.29793 33976
2.29854 35436
2.29913 36896
2.29971 38356
2.30022 17116
2.30028 18576
2.3003 20036
2.30031 21496
2.30033 22956
2.30034 24416
2.30035 25876
2.30102 27336
2.30167 28796
2.30232 30256
2.30295 31716
2.30356 33176
2.30417 34636
2.30476 36096
2.30534 37556
2.3056 39016
2.30616 40476
2.3067 41936
2.30727 43396
2.30753 44856
2.30809 46316
2.30867 47776
2.30894 49236
2.30953 50696
2.31015 52156
2.31041 53616
2.31105 55076
2.31132 56536
2.31139 10616
2.3114 12076
2.3114 10616
2.31141 12076
2.31155 13536
2.31155 11116
2.31176 12576
2.31183 14036
2.31184 15496
2.31186 16956
2.31187 18416
2.31188 19876
2.31189 21336
2.3119 22796
2.31192 24256
2.31211 25716
2.31279 27176
2.31346 28636
2.3141 30096
2.31473 31556
2.31535 33016
2.31596 34476
2.31655 35936
2.31712 37396
2.31767 38856
2.31822 40316
2.3185 41776
2.31906 43236
2.31963 44696
2.31991 46156
2.3205 47616
2.32108 49076
2.32138 50536
2.32199 51996
2.32253 53456
2.32274 10616
2.32276 12076
2.32276 10616
2.32277 12076
2.32277 10616
2.3228 12076
2.3228 10616
2.32281 12076
2.32281 10616
2.32282 12076
2.32282 10616
2.32285 12076
2.32285 10616
2.32286 12076
2.32286 10616
2.32287 12076
2.32287 10616
2.32288 12076
2.32288 10616
2.32289 12076
2.32291 13536
2.32291 10616
2.32292 12076
2.32292 10616
2.32293 12076
2.32293 10616
2.32294 12076
2.32296 13536
2.32298 14996
2.32299 16456
2.323 17916
2.32302 19376
2.32303 20836
2.32304 22296
2.32305 23756
2.32357 25216
2.32428 26676
2.32493 28136
2.32557 29596
2.3262 31056
2.32683 32516
2.32745 33976
2.32805 35436
2.32865 36896
2.32924 38356
2.32978 39816
2.33006 41276
2.33065 42736
2.33126 44196
2.33152 45656
2.33213 47116
2.33278 48576
2.33303 50036
2.33368 51496
2.33401 10616
2.33416 12076
2.33416 10616
2.33429 12076
2.33436 13536
2.33439 14996
2.3344 16456
2.33442 17916
2.33443 19376
2.33444 20836
2.33445 22296
2.33447 23756
2.33449 25216
2.33475 26676
2.33543 28136
2.33642 29596
2.33705 31056
2.33767 32516
2.33827 33976
2.33857 35436
2.33913 36896
2.3397 38356
2.34025 39816
2.34078 41276
2.34107 42736
2.34162 44196
2.34216 45656
2.34247 47116
2.34303 48576
2.34361 50036
2.34391 51496
2.3445 52956
2.34482 54416
2.3453 10616
2.34531 12076
2.34531 10616
2.34533 12076
2.34533 10616
2.34535 12076
2.34535 10616
2.34536 12076
2.34536 10616
2.34537 12076
2.34537 10616
2.34539 12076
2.34541 13536
2.34541 10616
2.34542 12076
2.34542 10616
2.34543 12076
2.34543 10616
2.34544 12076
2.34546 13536
2.34546 10616
2.34547 12076
2.34547 10616
2.34548 12076
2.34548 10616
2.34551 12076
2.34552 13536
2.34554 14996
2.34555 16456
2.34557 17916
2.34558 19376
2.3456 20836
2.34563 22296
2.34564 23756
2.34606 25216
2.34673 26676
2.34741 28136
2.34806 29596
2.3487 31056
2.34933 32516
2.34995 33976
2.35055 35436
2.35112 36896
2.3517 38356
2.35198 39816
2.35255 41276
2.35312 42736
2.35368 44196
2.35396 45656
2.35457 47116
2.35516 48576
2.35544 50036
2.35607 51496
2.35635 52956
2.35669 10616
2.35679 12076
2.3568 13536
2.35681 14996
2.35683 16456
2.35684 17916
2.35685 19376
2.35687 20836
2.35689 22296
2.3569 23756
2.35712 25216
2.35779 26676
2.35844 28136
2.35908 29596
2.35971 31056
2.36033 32516
2.36094 33976
2.36153 35436
2.36211 36896
2.36268 38356
2.36305 39816
2.36349 41276
2.36405 42736
2.36463 44196
2.36489 45656
2.36549 47116
2.3661 48576
2.36636 50036
2.36698 51496
2.36735 52956
2.36779 10616
2.3678 12076
2.3678 10616
2.36782 12076
2.36782 10616
2.36783 12076
2.36783 10616
2.36784 12076
2.36784 10616
2.36786 12076
2.36788 13536
2.36788 10616
2.36789 12076
2.36789 10616
2.3679 12076
2.3679 10616
2.36791 12076
2.36791 10616
2.36793 12076
2.36793 10616
2.36794 12076
2.36794 10616
2.36795 12076
2.36795 10616
2.36796 12076
2.36796 10616
2.36797 12076
2.36799 13536
2.368 14996
2.36801 16456
2.36802 17916
2.36805 19376
2.36806 20836
2.36807 22296
2.36808 23756
2.36846 25216
2.36922 26676
2.36988 28136
2.37054 29596
2.37118 31056
2.37181 32516
2.37243 33976
2.37303 35436
2.37363 36896
2.37403 38356
2.37447 39816
2.37505 41276
2.37565 42736
2.37603 44196
2.37652 45656
2.37716 47116
2.37754 48576
2.37807 50036
2.37875 51496
2.37879 10616
2.3788 12076
2.3788 10616
2.37881 12076
2.37881 10616
2.37882 12076
2.37884 13536
2.37884 10616
2.37885 12076
2.37885 10616
2.37886 12076
2.37886 10616
2.37887 12076
2.37887 10616
2.37889 12076
2.37889 10616
2.3789 12076
2.3789 10616
2.37891 12076
2.37891 10616
2.37892 12076
2.37892 10616
2.37893 12076
2.37895 13536
2.37895 10616
2.37896 12076
2.37896 10616
2.37897 12076
2.37897 10616
2.37898 12076
2.37898 10616
2.37901 12076
2.37902 13536
2.37903 14996
2.37904 16456
2.37906 17916
2.37907 19376
2.3792 20836
2.37923 22296
2.37925 23756
2.37987 25216
2.38063 26676
2.38142 28136
2.38231 29596
2.38313 31056
2.38357 10616
2.38364 12076
2.38364 10616
2.38366 12076
2.38369 13536
2.38371 14996
2.38373 16456
2.38375 17916
2.38377 19376
2.38379 20836
2.38382 22296
2.38385 23756
2.38426 25216
2.38502 26676
2.38568 28136
2.38632 29596
2.38695 31056
2.38757 32516
2.38819 33976
2.3888 35436
2.38939 36896
2.38989 38356
2.39022 39816
2.39081 41276
2.39141 42736
2.39192 44196
2.39227 45656
2.39291 47116
2.39345 48576
2.39382 50036
2.39444 10616
2.39448 12076
2.39448 10616
2.3945 12076
2.3945 10616
2.39451 12076
2.39453 13536
2.39453 10616
2.39454 12076
2.39454 10616
2.39455 12076
2.39455 10616
2.39456 12076
2.39456 10616
2.39458 12076
2.39458 10616
2.39459 12076
2.39459 10616
2.3946 12076
2.3946 10616
2.39461 12076
2.39461 10616
2.39462 12076
2.39464 13536
2.39465 14996
2.39466 16456
2.39467 17916
2.3947 19376
2.39471 20836
2.39472 22296
2.39473 23756
2.39475 25216
2.39538 26676
2.39603 28136
2.39671 29596
2.39734 31056
2.39796 32516
2.39856 33976
2.39914 35436
2.39973 36896
2.40028 38356
2.40081 39816
2.40114 41276
2.40172 42736
2.40225 44196
2.40261 45656
2.40316 47116
2.40372 48576
2.40404 50036
2.40468 51496
2.40523 52956
2.40542 10616
2.40547 12076
2.40547 10616
2.40549 12076
2.40549 11116
2.4055 12576
2.4055 11116
2.40551 12576
2.40551 11116
2.40552 12576
2.40552 10616
2.40553 12076
2.40553 10616
2.40555 12076
2.40555 11116
2.40556 12576
2.40556 11116
2.40557 12576
2.40557 10616
2.40558 12076
2.40558 10616
2.4056 12076
2.4056 11116
2.40561 12576
2.40561 10616
2.40562 12076
2.40562 10616
2.40563 12076
2.40565 13536
2.40567 14996
2.40568 16456
2.40569 17916
2.40571 19376
2.40573 20836
2.40578 22296
2.40582 23756
2.40615 25216
2.40683 26676
2.40752 28136
2.40817 29596
2.40883 31056
2.40946 32516
2.41006 33976
2.41067 35436
2.41124 36896
2.41181 38356
2.41212 39816
2.41268 41276
2.41324 42736
2.41381 44196
2.41414 45656
2.41472 47116
2.41532 48576
2.41565 50036
2.41625 51496
2.41647 10616
2.41649 12076
2.41651 13536
2.41651 10616
2.41652 12076
2.41652 10616
2.41653 12076
2.41653 10616
2.41654 12076
2.41654 10616
2.41656 12076
2.41656 10616
2.41658 12076
2.41658 10616
2.41659 12076
2.41659 10616
2.41667 12076
2.41676 13536
2.41689 14996
2.41695 16456
2.41698 17916
2.417 19376
2.41701 20836
2.41702 22296
2.41705 23756
2.41708 25216
2.41776 26676
2.41843 28136
2.41907 29596
2.4197 31056
2.42032 32516
2.42092 33976
2.42152 35436
2.42209 36896
2.42266 38356
2.42294 39816
2.42351 41276
2.42408 42736
2.42466 44196
2.42494 45656
2.42555 47116
2.42615 48576
2.42644 50036
2.42709 51496
2.42736 52956
2.42768 11116
2.42779 12576
2.42781 14036
2.42784 15496
2.42786 16956
2.42788 18416
2.42789 19876
2.4279 21336
2.42791 22796
2.42794 24256
2.42808 25716
2.42875 27176
2.42941 28636
2.43005 30096
2.43069 31556
2.43131 33016
2.4319 34476
2.4325 35936
2.43308 37396
2.43365 38856
2.43393 40316
2.43446 41776
2.43501 43236
2.43559 44696
2.43588 46156
2.43645 47616
2.43702 49076
2.43734 50536
2.43795 51996
2.43824 53456
2.43878 10616
2.43879 12076
2.43879 10616
2.4388 12076
2.43882 13536
2.43882 10616
2.43884 12076
2.43884 10616
2.43885 12076
2.43887 13536
2.43887 10616
2.43888 12076
2.43888 10616
2.43889 12076
2.43889 10616
2.4389 12076
2.4389 10616
2.43892 12076
2.43893 13536
2.43893 10616
2.43894 12076
2.43894 10616
2.43895 12076
2.43895 10616
2.43898 12076
2.43899 13536
2.43901 14996
2.43903 16456
2.43904 17916
2.43905 19376
2.43907 20836
2.43909 22296
2.4391 23756
2.43914 25216
2.4398 26676
2.44075 28136
2.44144 29596
2.44208 31056
2.44271 32516
2.44331 33976
2.44384 35436
2.44422 36896
2.44481 38356
2.44539 39816
2.44595 41276
2.44634 42736
2.44683 44196
2.44745 45656
2.44789 47116
2.44833 48576
2.44897 50036
2.44925 51496
2.4495 10616
2.44953 12076
2.44953 10616
2.44957 12076
2.44957 10616
2.44959 12076
2.44959 10616
2.44965 12076
2.44969 13536
2.44973 14996
2.44976 16456
2.44978 17916
2.4498 19376
2.44983 20836
2.44985 22296
2.44987 23756
2.45002 25216
2.4507 26676
2.45136 28136
2.45201 29596
2.45264 31056
2.45326 32516
2.45386 33976
2.45445 35436
2.45503 36896
2.45558 38356
2.45615 39816
2.45644 41276
2.45698 42736
2.45755 44196
2.45786 45656
2.45844 47116
2.45903 48576
2.45933 50036
2.45994 51496
2.46056 52956
2.46075 10616
2.46076 12076
2.46076 11116
2.46077 12576
2.46077 10616
2.46079 12076
2.46079 11116
2.4608 12576
2.4608 11116
2.46081 12576
2.46081 11116
2.46083 12576
2.46083 10616
2.46085 12076
2.46085 11116
2.46086 12576
2.46086 11116
2.46088 12576
2.46088 10616
2.46091 12076
2.46091 11116
2.46092 12576
2.46092 11116
2.46093 12576
2.46093 10616
2.46096 12076
2.46097 13536
2.46098 14996
2.46099 16456
2.46101 17916
2.46103 19376
2.46104 20836
2.46107 22296
2.46115 23756
2.46148 25216
2.46215 26676
2.4628 28136
2.46347 29596
2.46411 31056
2.46474 32516
2.46536 33976
2.46596 35436
2.46655 36896
2.46713 38356
2.46741 39816
2.46799 41276
2.46855 42736
2.46915 44196
2.46943 45656
2.47003 47116
2.47067 48576
2.47095 50036
2.47159 51496
2.47183 10616
2.47184 12076
2.47184 10616
2.47187 12076
2.47187 10616
2.47188 12076
2.47188 10616
2.47189 12076
2.47189 10616
2.47192 12076
2.47192 10616
2.47194 12076
2.47194 10616
2.47212 12076
2.47225 13536
2.47233 14996
2.47234 16456
2.47236 17916
2.47237 19376
2.47238 20836
2.47239 22296
2.47241 23756
2.47242 25216
2.47269 26676
2.4737 28136
2.47435 29596
2.47499 31056
2.47561 32516
2.4762 33976
2.47679 35436
2.47711 36896
2.4777 38356
2.47823 39816
2.47878 41276
2.47932 42736
2.47969 44196
2.48024 45656
2.48083 47116
2.48118 48576
2.48176 50036
2.48209 51496
2.48254 10616
2.48255 12076
2.48255 10616
2.48256 12076
2.48259 13536
2.48259 10616
2.4826 12076
2.4826 10616
2.48261 12076
2.48261 10616
2.48262 12076
2.48265 13536
2.48265 10616
2.48266 12076
2.48266 10616
2.48267 12076
2.4827 13536
2.4827 10616
2.48271 12076
2.48271 10616
2.48272 12076
2.48275 13536
2.48277 14996
2.48281 16456
2.48282 17916
2.48283 19376
2.48285 20836
2.48286 22296
2.48287 23756
2.48297 25216
2.48392 26676
2.48458 28136
2.48524 29596
2.48588 31056
2.48651 32516
2.48713 33976
2.48772 35436
2.48829 36896
2.48861 38356
2.48919 39816
2.48975 41276
2.4903 42736
2.49061 44196
2.49122 45656
2.4918 47116
2.4921 48576
2.49274 50036
2.49333 51496
2.49355 10616
2.49356 12076
2.49356 10616
2.49357 12076
2.49357 10616
2.49358 12076
2.49361 13536
2.49361 10616
2.49362 12076
2.49362 10616
2.49363 12076
2.49363 10616
2.49365 12076
2.49365 10616
2.49366 12076
2.49366 10616
2.49367 12076
2.49367 10616
2.49368 12076
2.49368 10616
2.49369 12076
2.49371 13536
2.49371 10616
2.49372 12076
2.49372 10616
2.49373 12076
2.49373 10616
2.49374 12076
2.49377 13536
2.49378 14996
2.49379 16456
2.4938 17916
2.4939 19376
2.49406 20836
2.49416 22296
2.49418 23756
2.49428 25216
2.495 26676
2.49568 28136
2.49634 29596
2.497 31056
2.49763 32516
2.49823 33976
2.49883 35436
2.49941 36896
2.49998 38356
