0.0 0
1.00063 0.000627321
1.00129 0.000631227
1.00131 0.000637705
1.00194 0.000640237
1.00197 0.000645513
1.00199 0.000650129
1.00202 0.000657228
1.0026 0.00065732
1.00263 0.000660461
1.00265 0.000663209
1.00268 0.000668673
1.0027 0.000673454
1.00272 0.000680698
1.00275 0.000687036
1.00277 0.000695642
1.00326 0.000690932
1.00328 0.000689871
1.00331 0.000688943
1.00333 0.000691191
1.00336 0.000693158
1.00338 0.000697939
1.00341 0.000702122
1.00343 0.000708842
1.00346 0.000714722
1.00348 0.000722927
1.0035 0.000730107
1.00353 0.000739449
1.00355 0.000747623
1.00358 0.000757836
1.0036 0.000766772
1.00363 0.000777651
1.00392 0.00076269
1.00394 0.000749599
1.00397 0.000738145
1.00399 0.000728122
1.00402 0.000719352
1.00404 0.000711679
1.00406 0.000704965
1.00409 0.00069909
1.00411 0.000693949
1.00414 0.000689451
1.00416 0.000685515
1.00419 0.000682071
1.00421 0.000679058
1.00424 0.000676421
1.00426 0.000674114
1.00428 0.000672095
1.00458 0.000670329
1.0046 0.000668783
1.00462 0.000667431
1.00465 0.000666248
1.00467 0.000668273
1.0047 0.000670044
1.00472 0.000671594
1.00475 0.00067295
1.00477 0.000674137
1.0048 0.000675175
1.00482 0.000676084
1.00485 0.000676879
1.00487 0.000677575
1.00489 0.000678184
1.00492 0.000678717
1.00494 0.000679183
1.00497 0.000679591
1.00523 0.000676888
1.00526 0.000674523
1.00528 0.000672453
1.00531 0.000670642
1.00533 0.000669057
1.00536 0.00066767
1.00538 0.000666457
1.00541 0.000665395
1.00543 0.000667526
1.00545 0.000669391
1.00548 0.000671023
1.0055 0.000672451
1.00553 0.0006737
1.00555 0.000674793
1.00558 0.000675749
1.0056 0.000676586
1.00563 0.000677318
1.00565 0.000677959
1.00589 0.00067546
1.00592 0.000673273
1.00594 0.000671359
1.00597 0.000669685
1.00599 0.00066822
1.00601 0.000666938
1.00604 0.000665816
1.00606 0.000664835
1.00609 0.000663976
1.00611 0.000663225
1.00614 0.000662567
1.00616 0.000665052
1.00619 0.000667226
1.00621 0.000669128
1.00623 0.000670793
1.00626 0.000672249
1.00628 0.000673523
1.00631 0.000674638
1.00633 0.000675614
1.00655 0.000673408
1.00657 0.000671478
1.0066 0.000669789
1.00662 0.000668311
1.00665 0.000667018
1.00667 0.000665886
1.0067 0.000664896
1.00672 0.00066403
1.00675 0.000663272
1.00677 0.000662609
1.00679 0.000662028
1.00682 0.00066152
1.00684 0.000661076
1.00687 0.000663747
1.00689 0.000666084
1.00692 0.000668129
1.00694 0.000669918
1.00697 0.000671484
1.00699 0.000672854
1.00701 0.000674053
1.00721 0.000672042
1.00723 0.000670282
1.00726 0.000668742
1.00728 0.000667395
1.00731 0.000666216
1.00733 0.000665185
1.00735 0.000664282
1.00738 0.000663492
1.0074 0.000662801
1.00743 0.000662196
1.00745 0.000661667
1.00748 0.000661204
1.0075 0.000660799
1.00753 0.000660445
1.00755 0.000663195
1.00757 0.000665601
1.0076 0.000667706
1.00762 0.000669548
1.00765 0.00067116
1.00767 0.000672571
1.0077 0.000673805
1.00787 0.000671825
1.00789 0.000670092
1.00791 0.000668576
1.00794 0.00066725
1.00796 0.000666089
1.00799 0.000665073
1.00801 0.000664184
1.00804 0.000663407
1.00806 0.000662727
1.00809 0.000662132
1.00811 0.000661611
1.00813 0.000661155
1.00816 0.000660756
1.00818 0.000660407
1.00821 0.000663162
1.00823 0.000665572
1.00826 0.000667681
1.00828 0.000669526
1.00831 0.000671141
1.00833 0.000672554
1.00836 0.00067379
1.00838 0.000674872
1.00852 0.000672759
1.00855 0.00067091
1.00857 0.000669292
1.0086 0.000667876
1.00862 0.000666637
1.00865 0.000665553
1.00867 0.000664604
1.00869 0.000663774
1.00872 0.000663048
1.00874 0.000662413
1.00877 0.000661857
1.00879 0.00066137
1.00882 0.000660944
1.00884 0.000663632
1.00887 0.000665984
1.00889 0.000668042
1.00892 0.000669842
1.00894 0.000671417
1.00896 0.000672795
1.00899 0.000674001
1.00901 0.000675056
1.00904 0.00067598
1.00906 0.000676788
1.00918 0.000674435
1.00921 0.000672376
1.00923 0.000670575
1.00925 0.000668999
1.00928 0.00066762
1.0093 0.000666413
1.00933 0.000665357
1.00935 0.000664433
1.00938 0.000663624
1.0094 0.000662917
1.00943 0.000662298
1.00945 0.000664816
1.00948 0.00066702
1.0095 0.000668948
1.00952 0.000670635
1.00955 0.000672111
1.00957 0.000673403
1.0096 0.000674533
1.00962 0.000675522
1.00965 0.000676387
1.00967 0.000677144
1.0097 0.000677807
1.00972 0.000678387
1.00974 0.000678894
1.00984 0.000676278
1.00986 0.000673989
1.00989 0.000671986
1.00991 0.000670233
1.00994 0.000668699
1.00996 0.000667357
1.00999 0.000666183
1.01001 0.000665156
1.01004 0.000667317
1.01006 0.000669208
1.01008 0.000670863
1.01011 0.000672311
1.01013 0.000673578
1.01016 0.000674686
1.01018 0.000675656
1.01021 0.000676505
1.01023 0.000677247
1.01026 0.000677897
1.01028 0.000678465
1.0103 0.000678962
1.01033 0.000679397
1.01035 0.000679778
1.01038 0.000680111
1.0104 0.000680403
1.01043 0.000680658
1.0105 0.000677821
1.01052 0.000675339
1.01055 0.000673167
1.01057 0.000671267
1.0106 0.000672664
1.01062 0.000673887
1.01064 0.000674957
1.01067 0.000675893
1.01069 0.000676712
1.01072 0.000677429
1.01074 0.000678056
1.01077 0.000678605
1.01079 0.000679085
1.01082 0.000679505
1.01084 0.000679872
1.01086 0.000680194
1.01089 0.000680475
1.01091 0.000680721
1.01094 0.000680936
1.01096 0.000681125
1.01099 0.00068129
1.01101 0.000681434
1.01104 0.00068156
1.01106 0.000681671
1.01108 0.000681768
1.01111 0.000684913
1.01113 0.000687664
1.01116 0.000684326
1.01118 0.000681405
1.01121 0.000678849
1.01123 0.000676612
1.01126 0.000674655
1.01128 0.000672943
1.01131 0.000671445
1.01133 0.000670134
1.01135 0.000668987
1.01138 0.000667983
1.0114 0.000667105
1.01143 0.000666336
1.01145 0.000665664
1.01148 0.000665076
1.0115 0.000664561
1.01153 0.00066411
1.01155 0.000663716
1.01157 0.000663371
1.0116 0.000663069
1.01162 0.000665865
1.01165 0.000668311
1.01167 0.000670452
1.0117 0.000672325
1.01172 0.000673964
1.01175 0.000675398
1.01177 0.000676653
1.01179 0.000677751
1.01182 0.000678712
1.01184 0.000679553
1.01187 0.000680288
1.01189 0.000680932
1.01192 0.000681495
1.01194 0.000681988
1.01197 0.000682419
1.01199 0.000682796
1.01202 0.000683126
1.01204 0.000683415
1.01206 0.000683668
1.01209 0.000683889
1.01211 0.000684082
1.01214 0.000687311
1.01216 0.000690137
1.01219 0.000692609
1.01221 0.000694772
1.01224 0.000696665
1.01226 0.000698321
1.01228 0.00069977
1.01231 0.000701038
1.01233 0.000702148
1.01236 0.000703119
1.01238 0.000703969
1.01241 0.000704712
1.01243 0.000705363
1.01246 0.000705932
1.01248 0.00070643
1.0125 0.000706866
1.01253 0.000707247
1.01255 0.000707581
1.01258 0.000707873
1.0126 0.000708128
1.01263 0.000708352
1.01265 0.000711608
1.01268 0.000714457
1.0127 0.000716949
1.01273 0.00071913
1.01275 0.000721038
1.01277 0.000722708
1.0128 0.000724169
1.01282 0.000725447
1.01285 0.000726566
1.01287 0.000727545
1.0129 0.000728401
1.01292 0.00072915
1.01295 0.000729806
1.01297 0.00073038
1.01299 0.000730882
1.01302 0.000731321
1.01304 0.000731705
1.01307 0.000732041
1.01309 0.000732335
1.01312 0.000732593
1.01314 0.000732818
1.01317 0.000736075
1.01319 0.000738925
1.01321 0.000741419
1.01324 0.000743601
1.01326 0.00074551
1.01329 0.000747181
1.01331 0.000748643
1.01334 0.000749922
1.01336 0.000751041
1.01339 0.00075202
1.01341 0.000752877
1.01344 0.000753627
1.01346 0.000754283
1.01348 0.000754857
1.01351 0.000755359
1.01353 0.000755799
1.01356 0.000756184
1.01358 0.000756521
1.01361 0.000756815
1.01363 0.000757073
1.01366 0.000757298
1.01368 0.000760555
1.0137 0.000763405
1.01373 0.000765899
1.01375 0.000768081
1.01378 0.00076999
1.0138 0.000771661
1.01383 0.000773123
1.01385 0.000774402
1.01388 0.000775521
1.0139 0.0007765
1.01392 0.000777357
1.01395 0.000778107
1.01397 0.000778763
1.014 0.000779337
1.01402 0.000779839
1.01405 0.000780279
1.01407 0.000780664
1.0141 0.000781001
1.01412 0.000781295
1.01414 0.000781553
1.01417 0.000781778
1.01419 0.000785035
1.01422 0.000787885
1.01424 0.000790379
1.01427 0.000792561
1.01429 0.00079447
1.01432 0.000796141
1.01434 0.000797603
1.01437 0.000798882
1.01439 0.000800001
1.01441 0.00080098
1.01444 0.000801837
1.01446 0.000802587
1.01449 0.000803243
1.01451 0.000803817
1.01454 0.000804319
1.01456 0.000804759
1.01459 0.000805144
1.01461 0.000805481
1.01463 0.000805775
1.01466 0.000806033
1.01468 0.000806258
1.01471 0.000809515
1.01473 0.000812365
1.01476 0.000814859
1.01478 0.000817041
1.01481 0.00081895
1.01483 0.000820621
1.01485 0.000822083
1.01488 0.000823362
1.0149 0.000824481
1.01493 0.00082546
1.01495 0.000826317
1.01498 0.000827067
1.015 0.000827723
1.01503 0.000828297
1.01505 0.000828799
1.01508 0.000829239
1.0151 0.000829624
1.01512 0.000829961
1.01515 0.000830255
1.01517 0.000830513
1.0152 0.000830738
1.01522 0.000833995
1.01525 0.000836845
1.01527 0.000839339
1.0153 0.000841521
1.01532 0.00084343
1.01534 0.000845101
1.01537 0.000846563
1.01539 0.000847842
1.01542 0.000848961
1.01544 0.00084994
1.01547 0.000850797
1.01549 0.000851547
1.01552 0.000852203
1.01554 0.000852777
1.01556 0.000853279
1.01559 0.000853719
1.01561 0.000854104
1.01564 0.000854441
1.01566 0.000854735
1.01569 0.000854993
1.01571 0.000855218
1.01574 0.000858475
1.01576 0.000861325
1.01579 0.000863819
1.01581 0.000866001
1.01583 0.00086791
1.01586 0.000869581
1.01588 0.000871043
1.01591 0.000872322
1.01593 0.000873441
1.01596 0.00087442
1.01598 0.000875277
1.01601 0.000876027
1.01603 0.000876683
1.01605 0.000877257
1.01608 0.000877759
1.0161 0.000878199
1.01613 0.000878584
1.01615 0.000878921
1.01618 0.000879215
1.0162 0.000879473
1.01623 0.000879698
1.01625 0.000882955
1.01627 0.000885805
1.0163 0.000888299
1.01632 0.000890481
1.01635 0.00089239
1.01637 0.000894061
1.0164 0.000895523
1.01642 0.000896802
1.01645 0.000897921
1.01647 0.0008989
1.0165 0.000899757
1.01652 0.000900507
1.01653 0.000899633
1.01654 0.000897338
1.01656 0.0008938
1.01657 0.000889175
1.01658 0.000883598
1.01659 0.000877188
1.01661 0.000870049
1.01662 0.000862272
1.01663 0.000853938
1.01665 0.000849705
1.01667 0.000844471
1.01669 0.000839892
1.01672 0.000835885
1.01674 0.000832379
1.01676 0.000829311
1.01679 0.000826627
1.01681 0.000824278
1.01684 0.000822223
1.01686 0.000820425
1.01689 0.000818851
1.01691 0.000817474
1.01694 0.000816269
1.01696 0.000815215
1.01698 0.000814293
1.01701 0.000813486
1.01703 0.00081278
1.01706 0.000812162
1.01708 0.000811621
1.01711 0.000811148
1.01713 0.000810734
1.01716 0.000813432
1.01717 0.000814263
1.01719 0.00081499
1.01722 0.000815626
1.01724 0.000816182
1.01727 0.000816669
1.01729 0.000817095
1.01732 0.000817468
1.01734 0.000817794
1.01735 0.000818079
1.01736 0.000818329
1.01738 0.000818547
1.01739 0.000818738
1.0174 0.000818905
1.01741 0.000819051
1.01743 0.000819179
1.01744 0.000819291
1.01745 0.000819389
1.01747 0.000819475
1.01749 0.00081955
1.01751 0.000819616
1.01754 0.000822734
1.01755 0.000823932
1.01757 0.00082498
1.0176 0.000825897
1.01762 0.000826699
1.01765 0.000827401
1.01767 0.000828015
1.01769 0.000828553
1.01772 0.000829023
1.01774 0.000829435
1.01777 0.000829795
1.01779 0.00083011
1.01782 0.000830386
1.01784 0.000830627
1.01787 0.000830838
1.01789 0.000831023
1.01791 0.000831185
1.01794 0.000831326
1.01796 0.00083145
1.01799 0.000831558
1.018 0.000831653
1.01803 0.000834796
1.01804 0.000836016
1.01806 0.000837084
1.01809 0.000838018
1.01811 0.000838835
1.01814 0.00083955
1.01816 0.000840176
1.01818 0.000840724
1.0182 0.000841203
1.01821 0.000841622
1.01822 0.000841989
1.01823 0.00084231
1.01825 0.000842591
1.01826 0.000842837
1.01827 0.000843052
1.01828 0.00084324
1.01829 0.000843405
1.01832 0.000843549
1.01833 0.000843675
1.01836 0.000843785
1.01838 0.000843881
1.01839 0.000845495
1.01842 0.000848438
1.01843 0.000849483
1.01845 0.000850397
1.01848 0.000851197
1.0185 0.000851897
1.01853 0.000852509
1.01855 0.000853045
1.01858 0.000853514
1.0186 0.000853924
1.01862 0.000854283
1.01865 0.000854597
1.01867 0.000854872
1.0187 0.000855113
1.01872 0.000855323
1.01875 0.000855507
1.01877 0.000855668
1.0188 0.000855809
1.01882 0.000855932
1.01885 0.00085604
1.01886 0.000856135
1.01888 0.000859278
1.01889 0.000860498
1.01891 0.000861565
1.01893 0.000862499
1.01896 0.000863316
1.01898 0.000864031
1.019 0.000864657
1.01903 0.000865204
1.01905 0.000865683
1.01907 0.000866102
1.01908 0.000866469
1.01909 0.00086679
1.0191 0.000867071
1.01911 0.000867317
1.01913 0.000867532
1.01914 0.00086772
1.01915 0.000867885
1.01916 0.000868029
1.01919 0.000868155
1.0192 0.000868265
1.01922 0.000868361
1.01925 0.000871505
1.01926 0.000872726
1.01927 0.000873795
1.0193 0.00087473
1.01931 0.000875548
1.01933 0.000876264
1.01936 0.000876891
1.01938 0.000877439
1.01941 0.000877919
1.01943 0.000878339
1.01946 0.000878706
1.01948 0.000879027
1.01951 0.000879308
1.01953 0.000879554
1.01956 0.000879769
1.01958 0.000879957
1.0196 0.000880122
1.01963 0.000880266
1.01965 0.000880392
1.01968 0.000880503
1.0197 0.0008806
1.01973 0.000883745
1.01974 0.000884966
1.01975 0.000886035
1.01978 0.00088697
1.01979 0.000887788
1.0198 0.000888504
1.01982 0.000889131
1.01985 0.000889679
1.01987 0.000890159
1.0199 0.000890579
1.01992 0.000890946
1.01995 0.000891267
1.01996 0.000891548
1.01997 0.000891794
1.01998 0.000892009
1.02 0.000892197
1.02001 0.000892362
1.02002 0.000892506
1.02003 0.000892632
1.02004 0.000892743
1.02006 0.00089284
1.02008 0.000895985
1.02009 0.000897206
1.02011 0.000898275
1.02013 0.00089921
1.02015 0.000900028
1.02017 0.000900744
1.02018 0.000901371
1.0202 0.000901919
1.02022 0.000902399
1.02024 0.000902819
1.02026 0.000903186
1.02029 0.000903507
1.02031 0.000903788
1.02034 0.000904034
1.02036 0.000904249
1.02039 0.000904437
1.02041 0.000904602
1.02044 0.000904746
1.02046 0.000904872
1.02049 0.000904983
1.02051 0.00090508
1.02053 0.000908225
1.02055 0.000909446
1.02057 0.000910515
1.0206 0.00091145
1.02062 0.000912268
1.02064 0.000912984
1.02066 0.000913611
1.02067 0.000914159
1.02069 0.000914639
1.02071 0.000915059
1.02072 0.000915426
1.02074 0.000915747
1.02077 0.000916028
1.02079 0.000916274
1.02082 0.000916489
1.02084 0.000916677
1.02086 0.000916842
1.02088 0.000916986
1.02089 0.000917112
1.0209 0.000917223
1.02091 0.00091732
1.02093 0.000918935
1.02094 0.000920348
1.02095 0.000921584
1.02096 0.000922666
1.02097 0.000923612
1.021 0.00092597
1.02101 0.000926503
1.02102 0.00092697
1.02104 0.000927378
1.02106 0.000927735
1.02109 0.000928048
1.0211 0.000928322
1.02111 0.000928561
1.02113 0.00092877
1.02115 0.000928953
1.02117 0.000929113
1.0212 0.000929253
1.02122 0.000929376
1.02124 0.000929484
1.02127 0.000929578
1.02129 0.00092966
1.02132 0.000932792
1.02133 0.000934003
1.02135 0.000935062
1.02138 0.000935989
1.0214 0.0009368
1.02143 0.00093751
1.02145 0.000938131
1.02148 0.000938674
1.02149 0.000939149
1.02151 0.000939565
1.02154 0.000939929
1.02156 0.000940247
1.02159 0.000940526
1.0216 0.00094077
1.02161 0.000940983
1.02164 0.00094117
1.02165 0.000941333
1.02166 0.000941476
1.02168 0.000941601
1.02171 0.00094171
1.02173 0.000941806
1.02176 0.00094495
1.02177 0.000946171
1.02179 0.000947239
1.02182 0.000948174
1.02183 0.000948992
1.02184 0.000949708
1.02186 0.000950334
1.02187 0.000950882
1.02188 0.000951361
1.02189 0.00095178
1.02191 0.000952147
1.02192 0.000952468
1.02193 0.000952749
1.02195 0.000952995
1.02197 0.00095321
1.02198 0.000953398
1.02199 0.000953563
1.02202 0.000953707
1.02204 0.000953833
1.02205 0.000953943
1.02206 0.00095404
1.02209 0.000957185
1.0221 0.000958406
1.02211 0.000959475
1.02214 0.00096041
1.02216 0.000961228
1.02219 0.000961944
1.02221 0.000962571
1.02224 0.000963119
1.02226 0.000963599
1.02228 0.000964019
1.0223 0.000964386
1.02232 0.000964707
1.02235 0.000964988
1.02237 0.000965234
1.02239 0.000965449
1.02242 0.000965637
1.02244 0.000965802
1.02246 0.000965946
1.02248 0.000966072
1.0225 0.000966183
1.02253 0.00096628
1.02255 0.000969425
1.02257 0.000970646
1.02258 0.000971715
1.02259 0.00097265
1.02262 0.000973468
1.02263 0.000974184
1.02264 0.000974811
1.02266 0.000975359
1.02269 0.000975839
1.02271 0.000976259
1.02274 0.000976626
1.02275 0.000976947
1.02277 0.000977228
1.0228 0.000977474
1.02281 0.000977689
1.02282 0.000977877
1.02284 0.000978042
1.02285 0.000978186
1.02286 0.000978312
1.02287 0.000978423
1.02288 0.00097852
1.0229 0.000980135
1.02291 0.000981548
1.02293 0.000984314
1.02295 0.000985204
1.02296 0.000985983
1.02297 0.000986665
1.02298 0.000987261
1.02301 0.000987783
1.02303 0.00098824
1.02304 0.00098864
1.02306 0.00098899
1.02308 0.000989296
1.02309 0.000989564
1.0231 0.000989798
1.02313 0.000990003
1.02315 0.000990182
1.02318 0.000990339
1.0232 0.000990476
1.02323 0.000990596
1.02325 0.000990701
1.02328 0.000990793
1.02329 0.000992403
1.02331 0.000995342
1.02332 0.000996384
1.02335 0.000997296
1.02337 0.000998094
1.0234 0.000998792
1.02342 0.000999403
1.02345 0.000999937
1.02346 0.0010004
1.02348 0.00100081
1.02351 0.00100117
1.02353 0.00100148
1.02356 0.00100176
1.02357 0.001002
1.02358 0.00100221
1.02359 0.00100239
1.02362 0.00100255
1.02363 0.00100269
1.02364 0.00100282
1.02367 0.00100292
1.02369 0.00100302
1.02372 0.00100616
1.02373 0.00100738
1.02375 0.00100845
1.02377 0.00100938
1.02379 0.0010102
1.02381 0.00101091
1.02383 0.00101154
1.02384 0.00101209
1.02385 0.00101256
1.02386 0.00101298
1.02388 0.00101335
1.02389 0.00101367
1.0239 0.00101395
1.02391 0.0010142
1.02392 0.00101441
1.02395 0.0010146
1.02396 0.00101476
1.02397 0.00101491
1.02399 0.00101504
1.024 0.00101514
1.02402 0.00101524
1.02405 0.00101838
1.02406 0.00101961
1.02407 0.00102067
1.02408 0.00102161
1.02411 0.00102243
1.02412 0.00102314
1.02413 0.00102377
1.02416 0.00102432
1.02418 0.0010248
1.02421 0.00102522
1.02423 0.00102559
1.02426 0.00102591
1.02428 0.00102619
1.0243 0.00102643
1.02432 0.00102665
1.02434 0.00102684
1.02435 0.001027
1.02438 0.00102715
1.0244 0.00102727
1.02443 0.00102738
1.02445 0.00102748
1.02448 0.00103062
1.02449 0.00103185
1.0245 0.00103291
1.02452 0.00103385
1.02455 0.00103467
1.02457 0.00103538
1.0246 0.00103601
1.02461 0.00103656
1.02462 0.00103704
1.02463 0.00103746
1.02466 0.00103783
1.02467 0.00103815
1.02468 0.00103843
1.02471 0.00103867
1.02473 0.00103889
1.02476 0.00103908
1.02477 0.00103924
1.02479 0.00103939
1.02481 0.00103951
1.02483 0.00103962
1.02485 0.00103972
1.02487 0.00104134
1.02488 0.00104275
1.02489 0.00104398
1.0249 0.00104507
1.02492 0.00104601
1.02493 0.00104684
1.02494 0.00104756
1.02495 0.0010482
1.02497 0.00104875
1.02499 0.00105077
1.025 0.001051
1.02501 0.00105121
1.02503 0.00105138
1.02504 0.00105154
1.02505 0.00105168
1.02508 0.0010518
1.0251 0.0010519
1.02511 0.001052
1.02512 0.00105207
1.02514 0.00105214
1.02516 0.00105221
1.02517 0.00105379
1.02519 0.00105518
1.02521 0.00105792
1.02522 0.00105879
1.02525 0.00105955
1.02527 0.00106022
1.0253 0.0010608
1.02532 0.00106131
1.02534 0.00106175
1.02537 0.00106215
1.02538 0.00106249
1.02541 0.00106278
1.02542 0.00106305
1.02544 0.00106328
1.02547 0.00106347
1.02549 0.00106365
1.02552 0.0010638
1.02554 0.00106394
1.02555 0.00106405
1.02556 0.00106416
1.02559 0.00106425
1.02561 0.00106739
1.02563 0.0010686
1.02565 0.00106967
1.02568 0.0010706
1.02569 0.00107141
1.0257 0.00107212
1.02571 0.00107275
1.02574 0.00107329
1.02575 0.00107377
1.02576 0.00107419
1.02579 0.00107456
1.02581 0.00107488
1.02583 0.00107516
1.02585 0.0010754
1.02587 0.00107562
1.02588 0.0010758
1.02591 0.00107597
1.02593 0.00107611
1.02594 0.00107624
1.02596 0.00107635
1.02597 0.00107644
1.02598 0.00107806
1.02599 0.00107947
1.02601 0.00108071
1.02602 0.00108179
1.02603 0.00108273
1.02604 0.00108356
1.02607 0.00108581
1.02608 0.00108626
1.02609 0.00108665
1.0261 0.00108698
1.02612 0.00108728
1.02613 0.00108754
1.02614 0.00108777
1.02616 0.00108797
1.02619 0.00108814
1.0262 0.00108829
1.02621 0.00108843
1.02623 0.00108854
1.02625 0.00108864
1.02626 0.00108873
1.02627 0.00108881
1.0263 0.00109194
1.02631 0.00109315
1.02632 0.0010942
1.02635 0.00109512
1.02637 0.00109593
1.0264 0.00109664
1.02642 0.00109726
1.02645 0.0010978
1.02647 0.00109828
1.02648 0.00109869
1.02651 0.00109906
1.02652 0.00109937
1.02654 0.00109965
1.02657 0.00109989
1.02659 0.00110011
1.02662 0.00110029
1.02664 0.00110046
1.02665 0.0011006
1.02667 0.00110072
1.02669 0.00110083
1.02672 0.00110093
1.02673 0.00110254
1.02675 0.00110548
1.02676 0.00110653
1.02679 0.00110744
1.0268 0.00110824
1.02681 0.00110894
1.02683 0.00110955
1.02685 0.00111009
1.02686 0.00111056
1.02687 0.00111097
1.0269 0.00111133
1.02692 0.00111164
1.02695 0.00111191
1.02696 0.00111216
1.02698 0.00111236
1.027 0.00111255
1.02702 0.00111271
1.02705 0.00111285
1.02706 0.00111297
1.02707 0.00111308
1.02708 0.00111318
1.02709 0.00111479
1.02711 0.0011162
1.02712 0.00111743
1.02713 0.00111852
1.02714 0.00111946
1.02716 0.00112029
1.02718 0.00112254
1.02719 0.00112298
1.02721 0.00112337
1.02722 0.00112371
1.02723 0.001124
1.02724 0.00112426
1.02725 0.00112449
1.02727 0.00112469
1.02729 0.00112486
1.02732 0.00112501
1.02733 0.00112515
1.02734 0.00112526
1.02735 0.00112536
1.02738 0.00112545
1.02739 0.00112553
1.0274 0.00112713
1.02743 0.00113006
1.02744 0.00113109
1.02745 0.00113199
1.02746 0.00113278
1.02749 0.00113348
1.02751 0.00113408
1.02754 0.00113461
1.02756 0.00113507
1.02758 0.00113548
1.02761 0.00113583
1.02762 0.00113614
1.02765 0.00113641
1.02766 0.00113665
1.02768 0.00113686
1.02771 0.00113704
1.02773 0.0011372
1.02776 0.00113734
1.02778 0.00113746
1.02779 0.00113757
1.0278 0.00113766
1.02783 0.0011408
1.02784 0.00114202
1.02787 0.00114309
1.02788 0.00114402
1.0279 0.00114484
1.02791 0.00114555
1.02794 0.00114618
1.02795 0.00114673
1.02796 0.00114721
1.02798 0.00114762
1.028 0.00114799
1.02801 0.00114831
1.02803 0.00114859
1.02805 0.00114884
1.02807 0.00114905
1.0281 0.00114924
1.02811 0.00114941
1.02814 0.00114955
1.02815 0.00114967
1.02817 0.00114978
1.0282 0.00114988
1.02821 0.00115149
1.02822 0.00115291
1.02823 0.00115414
1.02825 0.00115523
1.02826 0.00115617
1.02827 0.001157
1.02828 0.00115773
1.02829 0.00115836
1.02831 0.00115891
1.02833 0.00116093
1.02834 0.00116116
1.02836 0.00116137
1.02837 0.00116154
1.02838 0.0011617
1.02839 0.00116184
1.0284 0.00116196
1.02842 0.00116206
1.02843 0.00116216
1.02845 0.00116223
1.02848 0.0011623
1.02849 0.00116237
1.0285 0.00116395
1.02851 0.00116534
1.02854 0.00116808
1.02855 0.00116895
1.02856 0.00116971
1.02858 0.00117038
1.0286 0.00117096
1.02861 0.00117147
1.02862 0.00117191
1.02864 0.00117231
1.02866 0.00117265
1.02869 0.00117294
1.02871 0.00117321
1.02874 0.00117344
1.02876 0.00117363
1.02878 0.00117381
1.0288 0.00117396
1.02882 0.0011741
1.02883 0.00117421
1.02886 0.00117432
1.02888 0.00117441
1.02891 0.00117755
1.02892 0.00117876
1.02894 0.00117983
1.02897 0.00118076
1.02898 0.00118157
1.02899 0.00118228
1.02902 0.00118291
1.02903 0.00118345
1.02905 0.00118393
1.02907 0.00118435
1.02909 0.00118472
1.0291 0.00118504
1.02913 0.00118532
1.02914 0.00118556
1.02915 0.00118578
1.02916 0.00118596
1.02919 0.00118613
1.0292 0.00118627
1.02921 0.0011864
1.02924 0.00118651
1.02926 0.0011866
1.02929 0.00118975
1.0293 0.00119097
1.02931 0.00119204
1.02933 0.00119297
1.02935 0.00119379
1.02937 0.00119451
1.0294 0.00119513
1.02941 0.00119568
1.02942 0.00119616
1.02943 0.00119658
1.02944 0.00119695
1.02946 0.00119727
1.02947 0.00119755
1.02948 0.00119779
1.02949 0.00119801
1.02951 0.0011982
1.02953 0.00119836
1.02954 0.00119851
1.02956 0.00119863
1.02957 0.00119874
1.02958 0.00119884
1.02959 0.00120046
1.0296 0.00120187
1.02962 0.0012031
1.02963 0.00120419
1.02965 0.00120666
1.02967 0.0012073
1.02969 0.00120786
1.0297 0.00120834
1.02971 0.00120877
1.02973 0.00120914
1.02975 0.00120947
1.02976 0.00120976
1.02978 0.00121001
1.02979 0.00121023
1.02981 0.00121042
1.02982 0.00121058
1.02984 0.00121073
1.02985 0.00121086
1.02987 0.00121097
1.0299 0.00121107
1.02992 0.00121116
1.02995 0.00121429
1.02996 0.0012155
1.02998 0.00121656
1.03001 0.00121749
1.03002 0.00121831
1.03004 0.00121902
1.03006 0.00121964
1.03008 0.00122018
1.03011 0.00122066
1.03013 0.00122108
1.03014 0.00122144
1.03017 0.00122176
1.03019 0.00122204
1.0302 0.00122229
1.03022 0.0012225
1.03024 0.00122269
1.03025 0.00122285
1.03028 0.00122299
1.03029 0.00122312
1.03031 0.00122323
1.03033 0.00122332
1.03035 0.00122647
1.03036 0.00122769
1.03038 0.00122876
1.03039 0.00122969
1.0304 0.00123051
1.03042 0.00123123
1.03044 0.00123185
1.03045 0.0012324
1.03047 0.00123288
1.0305 0.0012333
1.03052 0.00123367
1.03053 0.00123399
1.03055 0.00123427
1.03057 0.00123452
1.03058 0.00123473
1.03061 0.00123492
1.03063 0.00123508
1.03064 0.00123523
1.03066 0.00123535
1.03067 0.00123546
1.03068 0.00123556
1.03069 0.00123718
1.03071 0.00123859
1.03072 0.00123982
1.03073 0.00124091
1.03074 0.00124185
1.03077 0.00124421
1.03078 0.00124474
1.03079 0.00124521
1.0308 0.00124562
1.03082 0.00124597
1.03083 0.00124629
1.03084 0.00124656
1.03085 0.0012468
1.03086 0.00124701
1.03088 0.00124719
1.0309 0.00124735
1.03091 0.00124749
1.03094 0.00124762
1.03095 0.00124772
1.03096 0.00124782
1.03097 0.0012479
1.031 0.00125103
1.03101 0.00125224
1.03102 0.0012533
1.03104 0.00125423
1.03105 0.00125504
1.03107 0.00125575
1.03109 0.00125637
1.0311 0.00125691
1.03111 0.00125739
1.03113 0.0012578
1.03116 0.00125817
1.03118 0.00125849
1.03121 0.00125877
1.03122 0.00125901
1.03124 0.00125922
1.03127 0.00125941
1.03128 0.00125957
1.03131 0.00125972
1.03132 0.00125984
1.03134 0.00125995
1.03137 0.00126005
1.03139 0.00126319
1.0314 0.00126441
1.03142 0.00126548
1.03144 0.00126641
1.03146 0.00126723
1.03148 0.00126795
1.03149 0.00126857
1.03151 0.00126912
1.03153 0.0012696
1.03155 0.00127002
1.03156 0.00127039
1.03159 0.00127071
1.0316 0.00127099
1.03162 0.00127123
1.03164 0.00127145
1.03165 0.00127164
1.03166 0.0012718
1.03167 0.00127195
1.0317 0.00127207
1.03171 0.00127218
1.03172 0.00127228
1.03175 0.00127542
1.03176 0.00127665
1.03178 0.00127772
1.03181 0.00127865
1.03182 0.00127947
1.03183 0.00128018
1.03186 0.00128081
1.03187 0.00128136
1.03189 0.00128184
1.03192 0.00128226
1.03193 0.00128263
1.03194 0.00128295
1.03195 0.00128323
1.03197 0.00128347
1.03198 0.00128369
1.03199 0.00128388
1.032 0.00128404
1.03202 0.00128419
1.03203 0.00128431
1.03205 0.00128442
1.03206 0.00128452
1.03208 0.00128613
1.03209 0.00128755
1.0321 0.00128878
1.03211 0.00128987
1.03213 0.00129081
1.03214 0.00129164
1.03215 0.00129236
1.03216 0.001293
1.03219 0.00129508
1.0322 0.00129538
1.03221 0.00129563
1.03224 0.00129586
1.03225 0.00129606
1.03226 0.00129623
1.03227 0.00129638
1.0323 0.00129651
1.03231 0.00129663
1.03232 0.00129673
1.03233 0.00129682
1.03235 0.00129689
1.03237 0.00129696
1.03238 0.00129855
1.03239 0.00129994
1.03241 0.00130116
1.03243 0.00130375
1.03244 0.00130449
1.03247 0.00130514
1.03249 0.00130571
1.03252 0.0013062
1.03253 0.00130664
1.03255 0.00130702
1.03258 0.00130735
1.03259 0.00130764
1.03262 0.0013079
1.03263 0.00130812
1.03265 0.00130831
1.03268 0.00130848
1.0327 0.00130863
1.03271 0.00130876
1.03273 0.00130888
1.03275 0.00130898
1.03277 0.00130906
1.03279 0.00131067
1.0328 0.00131208
1.03282 0.00131484
1.03284 0.00131572
1.03285 0.0013165
1.03287 0.00131717
1.03288 0.00131777
1.03291 0.00131829
1.03292 0.00131874
1.03295 0.00131914
1.03296 0.00131948
1.03297 0.00131979
1.03298 0.00132005
1.03299 0.00132029
1.03302 0.00132049
1.03303 0.00132067
1.03304 0.00132082
1.03307 0.00132096
1.03308 0.00132108
1.0331 0.00132118
1.03313 0.00132128
1.03314 0.00132289
1.03315 0.0013243
1.03318 0.00132706
1.03319 0.00132795
1.0332 0.00132872
1.03323 0.0013294
1.03325 0.00133
1.03326 0.00133051
1.03328 0.00133097
1.03329 0.00133137
1.0333 0.00133172
1.03331 0.00133202
1.03333 0.00133229
1.03334 0.00133252
1.03335 0.00133273
1.03336 0.0013329
1.03339 0.00133306
1.0334 0.0013332
1.03341 0.00133332
1.03342 0.00133342
1.03344 0.00133351
1.03345 0.00133512
1.03346 0.00133653
1.03347 0.00133777
1.03348 0.00133885
1.0335 0.00133979
1.03352 0.00134215
1.03353 0.00134268
1.03355 0.00134314
1.03356 0.00134355
1.03358 0.0013439
1.03359 0.00134422
1.03361 0.00134449
1.03362 0.00134473
1.03364 0.00134494
1.03366 0.00134512
1.03367 0.00134528
1.03368 0.00134542
1.03369 0.00134554
1.03372 0.00134565
1.03373 0.00134574
1.03374 0.00134582
1.03375 0.00134743
1.03378 0.00135036
1.03379 0.00135139
1.0338 0.0013523
1.03383 0.00135309
1.03385 0.00135378
1.03388 0.00135439
1.03389 0.00135492
1.03391 0.00135538
1.03394 0.00135579
1.03395 0.00135615
1.03397 0.00135646
1.03399 0.00135673
1.03401 0.00135697
1.03403 0.00135718
1.03406 0.00135736
1.03407 0.00135752
1.03408 0.00135766
1.03411 0.00135778
1.03413 0.00135789
1.03415 0.00135798
1.03416 0.00135959
1.03418 0.00136253
1.03419 0.00136358
1.03421 0.00136449
1.03422 0.00136529
1.03424 0.00136599
1.03426 0.0013666
1.03428 0.00136713
1.03429 0.0013676
1.03432 0.00136801
1.03433 0.00136837
1.03434 0.00136868
1.03435 0.00136896
1.03437 0.0013692
1.03439 0.00136941
1.0344 0.00136959
1.03441 0.00136975
1.03444 0.00136989
1.03445 0.00137002
1.03448 0.00137012
1.0345 0.00137022
1.03451 0.00137183
1.03452 0.00137324
1.03455 0.00137601
1.03456 0.00137689
1.03457 0.00137767
1.03459 0.00137835
1.03461 0.00137895
1.03463 0.00137947
1.03465 0.00137992
1.03466 0.00138032
1.03467 0.00138067
1.03468 0.00138098
1.0347 0.00138124
1.03471 0.00138148
1.03472 0.00138168
1.03473 0.00138186
1.03474 0.00138202
1.03477 0.00138216
1.03478 0.00138228
1.03479 0.00138238
1.03481 0.00138247
1.03482 0.00138408
1.03483 0.00138549
1.03484 0.00138673
1.03486 0.0013878
1.03487 0.00138875
1.03488 0.00138958
1.0349 0.00139183
1.03492 0.00139227
1.03493 0.00139266
1.03494 0.00139299
1.03495 0.00139329
1.03498 0.00139355
1.03499 0.00139377
1.035 0.00139397
1.03501 0.00139414
1.03504 0.0013943
1.03505 0.00139443
1.03506 0.00139455
1.03508 0.00139465
1.03509 0.00139474
1.03511 0.00139481
1.03512 0.00139641
1.03514 0.00139781
1.03515 0.00139903
1.03517 0.00140163
1.03519 0.00140238
1.0352 0.00140303
1.03521 0.0014036
1.03523 0.0014041
1.03526 0.00140454
1.03528 0.00140492
1.0353 0.00140525
1.03532 0.00140555
1.03534 0.0014058
1.03536 0.00140603
1.03538 0.00140622
1.03539 0.00140639
1.03542 0.00140654
1.03544 0.00140668
1.03547 0.00140679
1.03548 0.00140689
1.03549 0.00140698
1.03552 0.00141012
1.03553 0.00141133
1.03555 0.00141239
1.03556 0.00141332
1.03558 0.00141414
1.0356 0.00141485
1.03561 0.00141547
1.03563 0.00141602
1.03564 0.0014165
1.03566 0.00141691
1.03568 0.00141728
1.0357 0.0014176
1.03571 0.00141788
1.03574 0.00141812
1.03575 0.00141834
1.03576 0.00141852
1.03577 0.00141869
1.03579 0.00141883
1.03581 0.00141896
1.03582 0.00141907
1.03583 0.00141916
1.03586 0.00142231
1.03587 0.00142353
1.03588 0.0014246
1.03591 0.00142553
1.03593 0.00142635
1.03594 0.00142707
1.03596 0.00142769
1.03598 0.00142824
1.03599 0.00142872
1.03601 0.00142914
1.03602 0.00142951
1.03604 0.00142983
1.03607 0.00143011
1.03608 0.00143035
1.03609 0.00143057
1.0361 0.00143076
1.03612 0.00143092
1.03613 0.00143107
1.03614 0.00143119
1.03615 0.0014313
1.03616 0.0014314
1.03618 0.00143148
1.0362 0.00143156
1.03621 0.00143162
1.03623 0.00143168
1.03624 0.00143173
1.03625 0.00143177
1.03626 0.00143181
1.03627 0.00143184
1.03629 0.00143187
1.0363 0.0014319
1.03631 0.00143192
1.03634 0.00143194
1.03635 0.00143196
1.03636 0.00143197
1.03637 0.00143198
1.03639 0.001432
1.03641 0.00143201
1.03642 0.00143202
1.03643 0.00143202
1.03645 0.00143203
1.03647 0.00143204
1.03648 0.00143204
1.0365 0.00143204
1.03651 0.00143205
1.03652 0.00143205
1.03654 0.00143206
1.03656 0.00143206
1.03657 0.00143206
1.03658 0.00143206
1.03661 0.00143206
1.03662 0.00143207
1.03663 0.00143207
1.03664 0.00143207
1.03667 0.00143207
1.03669 0.00143207
1.03672 0.00143207
1.03673 0.00143207
1.03675 0.00143207
1.10395 0.00138464
1.10396 0.00134467
1.10398 0.00131276
1.104 0.00128636
1.10402 0.00126633
1.10403 0.00125033
1.10404 0.00123785
1.10407 0.00123
1.10408 0.00122466
1.10409 0.00122152
1.10411 0.0012203
1.10413 0.00122229
1.10414 0.00122556
1.10415 0.00122996
1.10418 0.00123686
1.10419 0.00124443
1.1042 0.00125259
1.10423 0.00126279
1.10424 0.00127324
1.10427 0.00128544
1.10428 0.00129765
1.10429 0.00130986
1.10431 0.00132361
1.10433 0.00133717
1.10434 0.00135056
1.10436 0.00136534
1.10438 0.0013798
1.1044 0.00139552
1.10441 0.0014108
1.10442 0.0014257
1.10444 0.00144026
1.10445 0.00145454
1.10447 0.00147009
1.1045 0.00148676
1.10451 0.00150287
1.10452 0.0015185
1.10453 0.00153371
1.10455 0.00154855
1.10457 0.00156459
1.10458 0.00158015
1.1046 0.0015953
1.10461 0.00161009
1.10462 0.00162456
1.10464 0.00164028
1.10466 0.00165556
1.10467 0.00167047
1.10468 0.00168504
1.10469 0.00169932
1.10471 0.00171334
1.10473 0.00172868
1.10474 0.00174362
1.10475 0.00175823
1.10477 0.00177254
1.10478 0.00178659
1.1048 0.00180195
1.10482 0.00181691
1.10483 0.00183154
1.10484 0.00184586
1.10485 0.00185993
1.10488 0.0018753
1.10502 0.00177553
1.10504 0.00168823
1.10506 0.00161184
1.10507 0.001545
1.1051 0.00148651
1.10511 0.00143534
1.10512 0.00139056
1.10515 0.00135138
1.10516 0.0013171
1.10517 0.0012871
1.10518 0.00126085
1.10521 0.00123788
1.10522 0.00121779
1.10523 0.0012002
1.10526 0.00118482
1.10527 0.00117136
1.10528 0.00115957
1.10531 0.00114927
1.10532 0.00114025
1.10534 0.00113236
1.10535 0.00112545
1.10537 0.00111941
1.10539 0.00111412
1.1054 0.0011095
1.10542 0.00110545
1.10544 0.00110191
1.10545 0.00109881
1.10548 0.0010961
1.10549 0.00109372
1.1055 0.00109165
1.10551 0.00108983
1.10553 0.00108824
1.10555 0.00108685
1.10557 0.00108563
1.10559 0.00108457
1.1056 0.00108364
1.10561 0.00108282
1.10562 0.00108211
1.10565 0.00108149
1.10566 0.00108094
1.10567 0.00108046
1.10568 0.00108004
1.1057 0.00107968
1.10572 0.00107936
1.10573 0.00107908
1.10575 0.00107883
1.10576 0.00107862
1.10577 0.00107843
1.10578 0.00107827
1.10581 0.00107812
1.10582 0.001078
1.10583 0.00107789
1.10584 0.00107779
1.10586 0.00107771
1.10588 0.00107763
1.10589 0.00107757
1.10591 0.00107751
1.10592 0.00107746
1.10593 0.00107742
1.10595 0.00107738
1.1061 0.00107735
1.10611 0.00107732
1.10614 0.0010773
1.10615 0.00107727
1.10617 0.00107725
1.10619 0.00107724
1.1062 0.00107722
1.10622 0.00107721
1.10624 0.0010772
1.10625 0.00107719
1.10626 0.00107718
1.10628 0.00107717
1.1063 0.00107716
1.10631 0.00107716
1.10633 0.00107715
1.10635 0.00107715
1.10636 0.00107714
1.10638 0.00107714
1.10639 0.00107714
1.10642 0.00107713
1.10643 0.00107713
1.10644 0.00107713
1.10647 0.00107713
1.10648 0.00107713
1.10649 0.00107713
1.10652 0.00107712
1.10653 0.00107712
1.10655 0.00107712
1.10657 0.00107712
1.10658 0.00107712
1.10659 0.00107712
1.11517 0.00108018
1.11518 0.00108133
1.1152 0.00108233
1.11521 0.00108321
1.11522 0.00108398
1.11523 0.00108465
1.11526 0.00108524
1.11528 0.00108575
1.11529 0.0010862
1.11531 0.0010866
1.11532 0.00108694
1.11533 0.00108724
1.11535 0.00108751
1.11537 0.00108774
1.11538 0.00108794
1.11539 0.00108812
1.1154 0.00108827
1.11543 0.00108841
1.11544 0.00108853
1.11545 0.00108863
1.11546 0.00108872
1.11548 0.0010888
1.11549 0.00108887
1.11551 0.00108893
1.11553 0.00108898
1.11554 0.00108903
1.11555 0.00108907
1.11556 0.00108911
1.11559 0.00108914
1.1156 0.00108917
1.11561 0.00108919
1.11562 0.00108921
1.11564 0.00108923
1.11566 0.00108924
1.11581 0.00108926
1.11582 0.00108927
1.11584 0.00108928
1.11586 0.00108929
1.11588 0.0010893
1.11589 0.00108931
1.11591 0.00108931
1.11593 0.00108932
1.11594 0.00108932
1.11595 0.00108933
1.11597 0.00108933
1.11599 0.00108933
1.116 0.00108934
1.11602 0.00108934
1.11604 0.00108934
1.11605 0.00108934
1.11606 0.00108935
1.11609 0.00108935
1.1161 0.00108935
1.11613 0.00108935
1.11614 0.00108935
1.11615 0.00108935
1.11617 0.00108935
1.11619 0.00108935
1.1162 0.00108935
1.12699 0.00109088
1.12702 0.00109375
1.12703 0.00109473
1.12704 0.00109559
1.12706 0.00109634
1.12708 0.001097
1.12709 0.00109757
1.1271 0.00109808
1.12713 0.00109852
1.12714 0.0010989
1.12717 0.00109924
1.12718 0.00109953
1.12719 0.00109979
1.1272 0.00110002
1.12722 0.00110021
1.12723 0.00110039
1.12725 0.00110054
1.12728 0.00110067
1.12729 0.00110079
1.1273 0.00110089
1.12731 0.00110098
1.12733 0.00110105
1.12735 0.00110112
1.12736 0.00110118
1.12737 0.00110123
1.12739 0.00110128
1.1274 0.00110132
1.12742 0.00110135
1.12744 0.00110138
1.12745 0.00110141
1.12746 0.00110143
1.12747 0.00110145
1.12748 0.00110147
1.12751 0.00110149
1.12752 0.0011015
1.12753 0.00110151
1.12755 0.00110152
1.12756 0.00110153
1.12758 0.00110154
1.12759 0.00110155
1.12761 0.00110155
1.12762 0.00110156
1.12763 0.00110156
1.12766 0.00110157
1.1278 0.00110157
1.12781 0.00110157
1.12784 0.00110158
1.12785 0.00110158
1.12788 0.00110158
1.12789 0.00110158
1.1279 0.00110158
1.12793 0.00110159
1.12794 0.00110159
1.12795 0.00110159
1.12796 0.00110159
1.12799 0.00110159
1.128 0.00110159
1.12801 0.00110159
1.12804 0.00110159
1.13887 0.00110312
1.13889 0.00110599
1.1389 0.00110697
1.13892 0.00110783
1.13893 0.00110858
1.13895 0.00110924
1.13897 0.00110981
1.13898 0.00111032
1.13899 0.00111076
1.13901 0.00111114
1.13903 0.00111148
1.13904 0.00111177
1.13906 0.00111203
1.13908 0.00111226
1.13909 0.00111246
1.13911 0.00111263
1.13912 0.00111278
1.13915 0.00111291
1.13916 0.00111303
1.13917 0.00111313
1.13919 0.00111322
1.13921 0.00111329
1.13922 0.00111336
1.13923 0.00111342
1.13926 0.00111347
1.13927 0.00111352
1.1393 0.00111356
1.13931 0.00111359
1.13932 0.00111362
1.13933 0.00111365
1.13934 0.00111367
1.13936 0.00111369
1.13938 0.00111371
1.13941 0.00111373
1.13942 0.00111374
1.13943 0.00111375
1.13944 0.00111376
1.13946 0.00111377
1.13948 0.00111378
1.13949 0.00111379
1.1395 0.00111379
1.13952 0.0011138
1.13953 0.0011138
1.13955 0.00111381
1.13957 0.00111381
1.13958 0.00111381
1.13959 0.00111382
1.1396 0.00111382
1.13961 0.00111382
1.13964 0.00111382
1.13965 0.00111382
1.13966 0.00111383
1.13968 0.00111383
1.13969 0.00111383
1.13971 0.00111383
1.13972 0.00111383
1.13974 0.00111383
1.13975 0.00111383
1.13976 0.00111383
1.14438 0.0011123
1.1444 0.0011125
1.14442 0.00111266
1.14444 0.00111281
1.14446 0.00111294
1.14447 0.00111305
1.14449 0.00111315
1.1445 0.00111323
1.14452 0.00111331
1.14453 0.00111337
1.14455 0.00111343
1.14456 0.00111348
1.14458 0.00111353
1.1446 0.00111357
1.14461 0.0011136
1.14463 0.00111363
1.14464 0.00111366
1.14466 0.00111368
1.14468 0.0011137
1.14469 0.00111372
1.14472 0.00111373
1.14473 0.00111374
1.14474 0.00111376
1.14476 0.00111377
1.14478 0.00111378
1.14479 0.00111378
1.1448 0.00111379
1.14483 0.0011138
1.14484 0.0011138
1.14487 0.00111381
1.14488 0.00111381
1.14489 0.00111381
1.1449 0.00111381
1.14491 0.00111382
1.14493 0.00111382
1.14495 0.00111382
1.14498 0.00111382
1.14499 0.00111383
1.145 0.00111383
1.14501 0.00111383
1.14502 0.00111383
1.14505 0.00111383
1.14506 0.00111383
1.14507 0.00111383
1.14509 0.00111383
1.15079 0.00111536
1.1508 0.0011167
1.15081 0.00111787
1.15083 0.0011189
1.15085 0.00112133
1.15086 0.00112192
1.15088 0.00112244
1.15089 0.0011229
1.1509 0.00112329
1.15091 0.00112364
1.15094 0.00112394
1.15107 0.00112421
1.1511 0.00112444
1.15112 0.00112465
1.15113 0.00112483
1.15116 0.00112498
1.15117 0.00112512
1.15118 0.00112524
1.15119 0.00112535
1.15122 0.00112544
1.15123 0.00112552
1.15124 0.00112559
1.15125 0.00112565
1.15128 0.0011257
1.15129 0.00112575
1.1513 0.00112579
1.15133 0.00112583
1.15134 0.00112586
1.15135 0.00112588
1.15138 0.00112591
1.15139 0.00112593
1.15141 0.00112595
1.15143 0.00112596
1.15144 0.00112598
1.15145 0.00112599
1.15147 0.001126
1.15149 0.00112601
1.1515 0.00112602
1.15152 0.00112602
1.15154 0.00112603
1.15156 0.00112604
1.15157 0.00112604
1.15158 0.00112605
1.1516 0.00112605
1.15161 0.00112605
1.15162 0.00112606
1.15165 0.00112606
1.15167 0.00112606
1.15168 0.00112606
1.1517 0.00112606
1.15171 0.00112607
1.15172 0.00112607
1.15174 0.00112607
1.15176 0.00112607
1.15177 0.00112607
1.15178 0.00112607
1.15179 0.00112607
1.15182 0.00112607
1.16274 0.00112913
1.16275 0.00113028
1.16276 0.00113129
1.16277 0.00113216
1.1628 0.00113293
1.16281 0.00113361
1.16283 0.00113419
1.16285 0.00113471
1.16286 0.00113516
1.16287 0.00113555
1.16288 0.0011359
1.16289 0.0011362
1.16292 0.00113647
1.16294 0.0011367
1.16296 0.0011369
1.16297 0.00113708
1.16298 0.00113723
1.16299 0.00113737
1.16302 0.00113749
1.16303 0.00113759
1.16304 0.00113768
1.16305 0.00113776
1.16307 0.00113783
1.16309 0.00113789
1.1631 0.00113794
1.16312 0.00113799
1.16313 0.00113803
1.16314 0.00113807
1.16315 0.0011381
1.16318 0.00113813
1.16319 0.00113815
1.1632 0.00113817
1.16321 0.00113819
1.16323 0.0011382
1.16325 0.00113822
1.16326 0.00113823
1.16327 0.00113824
1.16329 0.00113825
1.1633 0.00113826
1.16331 0.00113827
1.16334 0.00113827
1.16347 0.00113828
1.16349 0.00113828
1.16352 0.00113829
1.16353 0.00113829
1.16356 0.00113829
1.16357 0.0011383
1.16358 0.0011383
1.16359 0.0011383
1.16362 0.0011383
1.16363 0.00113831
1.16364 0.00113831
1.16365 0.00113831
1.16368 0.00113831
1.16369 0.00113831
1.1637 0.00113831
1.16373 0.00113831
1.16374 0.00113831
1.16375 0.00113831
1.17472 0.00114137
1.17473 0.00114252
1.17487 0.00114353
1.17489 0.0011444
1.17491 0.00114517
1.17493 0.00114585
1.17495 0.00114643
1.17496 0.00114695
1.17498 0.0011474
1.17499 0.0011478
1.17501 0.00114814
1.17502 0.00114844
1.17504 0.00114871
1.17505 0.00114894
1.17507 0.00114914
1.17509 0.00114932
1.1751 0.00114947
1.17512 0.00114961
1.17513 0.00114973
1.17515 0.00114983
1.17517 0.00114992
1.17518 0.00115
1.17521 0.00115007
1.17522 0.00115013
1.17523 0.00115018
1.17524 0.00115023
1.17527 0.00115027
1.17528 0.00115031
1.17529 0.00115034
1.17531 0.00115037
1.17533 0.00115039
1.17534 0.00115041
1.17537 0.00115043
1.17538 0.00115044
1.17539 0.00115046
1.1754 0.00115047
1.17542 0.00115048
1.17543 0.00115049
1.17545 0.0011505
1.17548 0.00115051
1.17549 0.00115051
1.1755 0.00115052
1.17551 0.00115052
1.17553 0.00115053
1.17555 0.00115053
1.17556 0.00115053
1.17558 0.00115054
1.17559 0.00115054
1.1756 0.00115054
1.17562 0.00115054
1.17564 0.00115054
1.17565 0.00115055
1.17566 0.00115055
1.17567 0.00115055
1.17569 0.00115055
1.17571 0.00115055
1.17572 0.00115055
1.17573 0.00115055
1.17575 0.00115055
1.18673 0.00115208
1.18674 0.00115342
1.18675 0.00115459
1.18677 0.00115715
1.18679 0.00115785
1.1868 0.00115847
1.18681 0.00115901
1.18682 0.00115949
1.18685 0.0011599
1.18686 0.00116026
1.18689 0.00116058
1.1869 0.00116086
1.18691 0.0011611
1.18692 0.00116131
1.18693 0.0011615
1.18695 0.00116166
1.18697 0.0011618
1.187 0.00116192
1.18701 0.00116203
1.18702 0.00116213
1.18703 0.00116221
1.18704 0.00116228
1.18707 0.00116235
1.18708 0.00116241
1.18709 0.00116245
1.18711 0.0011625
1.18712 0.00116253
1.18714 0.00116257
1.18715 0.0011626
1.18717 0.00116262
1.18718 0.00116264
1.18719 0.00116266
1.1872 0.00116268
1.18723 0.00116269
1.18724 0.00116271
1.18725 0.00116272
1.18726 0.00116273
1.18728 0.00116274
1.1873 0.00116274
1.18731 0.00116275
1.18733 0.00116276
1.18734 0.00116276
1.18735 0.00116277
1.18736 0.00116277
1.18739 0.00116277
1.1874 0.00116278
1.18753 0.00116278
1.18756 0.00116278
1.18758 0.00116278
1.1876 0.00116278
1.18762 0.00116279
1.18763 0.00116279
1.18764 0.00116279
1.18766 0.00116279
1.18768 0.00116279
1.18769 0.00116279
1.18771 0.00116279
1.18772 0.00116279
1.19877 0.00116585
1.19878 0.001167
1.19879 0.001168
1.19881 0.00116888
1.19882 0.00116965
1.19883 0.00117033
1.19884 0.00117092
1.19887 0.00117143
1.19888 0.00117188
1.19889 0.00117227
1.1989 0.00117262
1.19892 0.00117292
1.19894 0.00117319
1.19895 0.00117342
1.19897 0.00117362
1.19898 0.0011738
1.19899 0.00117395
1.199 0.00117409
1.19903 0.00117421
1.19904 0.00117431
1.19917 0.0011744
1.1992 0.00117448
1.19922 0.00117455
1.19924 0.00117461
1.19926 0.00117466
1.19927 0.00117471
1.19928 0.00117475
1.1993 0.00117479
1.19932 0.00117482
1.19933 0.00117485
1.19935 0.00117487
1.19936 0.00117489
1.19938 0.00117491
1.19939 0.00117492
1.19941 0.00117494
1.19943 0.00117495
1.19944 0.00117496
1.19946 0.00117497
1.19948 0.00117498
1.19949 0.00117499
1.19952 0.00117499
1.19953 0.001175
1.19954 0.001175
1.19955 0.00117501
1.19958 0.00117501
1.19959 0.00117501
1.1996 0.00117502
1.19961 0.00117502
1.19963 0.00117502
1.19965 0.00117502
1.19966 0.00117502
1.19969 0.00117503
1.1997 0.00117503
1.19971 0.00117503
1.19972 0.00117503
1.19974 0.00117503
1.19975 0.00117503
1.19977 0.00117503
1.1998 0.00117503
1.21095 0.00117809
1.21096 0.00117924
1.21099 0.00118024
1.211 0.00118112
1.21102 0.00118189
1.21103 0.00118257
1.21105 0.00118315
1.21106 0.00118367
1.21108 0.00118412
1.2111 0.00118451
1.21111 0.00118486
1.21112 0.00118516
1.21114 0.00118543
1.21116 0.00118566
1.21117 0.00118586
1.21119 0.00118604
1.21121 0.00118619
1.21122 0.00118633
1.21124 0.00118645
1.21125 0.00118655
1.21128 0.00118664
1.21129 0.00118672
1.2113 0.00118679
1.21132 0.00118685
1.21134 0.0011869
1.21135 0.00118695
1.21137 0.00118699
1.21138 0.00118703
1.21139 0.00118706
1.21141 0.00118709
1.21143 0.00118711
1.21145 0.00118713
1.21146 0.00118715
1.21148 0.00118717
1.21149 0.00118718
1.2115 0.00118719
1.21151 0.0011872
1.21154 0.00118721
1.21156 0.00118722
1.21157 0.00118723
1.21159 0.00118723
1.2116 0.00118724
1.21161 0.00118724
1.21163 0.00118725
1.21165 0.00118725
1.21166 0.00118725
1.21167 0.00118726
1.21168 0.00118726
1.21171 0.00118726
1.21172 0.00118726
1.21173 0.00118726
1.21174 0.00118727
1.21176 0.00118727
1.21177 0.00118727
1.21178 0.00118727
1.21181 0.00118727
1.21182 0.00118727
1.21183 0.00118727
1.21184 0.00118727
1.22297 0.0011888
1.22298 0.00119014
1.22299 0.00119131
1.22302 0.00119387
1.22303 0.00119458
1.22304 0.00119519
1.22305 0.00119573
1.22308 0.00119621
1.22309 0.00119662
1.2231 0.00119698
1.22313 0.0011973
1.22314 0.00119758
1.22316 0.00119782
1.22318 0.00119803
1.22319 0.00119822
1.2232 0.00119838
1.22323 0.00119852
1.22324 0.00119864
1.22325 0.00119875
1.22326 0.00119885
1.22327 0.00119893
1.2233 0.001199
1.22331 0.00119907
1.22334 0.00119913
1.22335 0.00119917
1.22336 0.00119922
1.22337 0.00119925
1.22338 0.00119929
1.2234 0.00119932
1.22342 0.00119934
1.22345 0.00119936
1.22346 0.00119938
1.22347 0.0011994
1.22348 0.00119941
1.22349 0.00119943
1.22352 0.00119944
1.22353 0.00119945
1.22354 0.00119946
1.22356 0.00119946
1.22357 0.00119947
1.22359 0.00119948
1.22361 0.00119948
1.22362 0.00119949
1.22363 0.00119949
1.22364 0.00119949
1.22365 0.0011995
1.22367 0.0011995
1.22369 0.0011995
1.2237 0.0011995
1.22372 0.00119951
1.22373 0.00119951
1.22374 0.00119951
1.22376 0.00119951
1.22378 0.00119951
1.22379 0.00119951
1.2238 0.00119951
1.22381 0.00119951
1.22383 0.00119951
1.23512 0.00120257
1.23514 0.00120372
1.23515 0.00120473
1.23517 0.0012056
1.23518 0.00120637
1.2352 0.00120705
1.23521 0.00120763
1.23523 0.00120815
1.23525 0.0012086
1.23526 0.001209
1.23527 0.00120934
1.23528 0.00120964
1.23531 0.00120991
1.23532 0.00121014
1.23534 0.00121034
1.23536 0.00121052
1.23537 0.00121067
1.23538 0.00121081
1.23539 0.00121093
1.2354 0.00121103
1.23543 0.00121112
1.23545 0.0012112
1.23547 0.00121127
1.23548 0.00121133
1.23549 0.00121138
1.2355 0.00121143
1.23553 0.00121147
1.23554 0.00121151
1.23555 0.00121154
1.23556 0.00121157
1.23558 0.00121159
1.2356 0.00121161
1.23561 0.00121163
1.23562 0.00121164
1.23564 0.00121166
1.23565 0.00121167
1.23566 0.00121168
1.23567 0.00121169
1.2357 0.0012117
1.23571 0.00121171
1.23572 0.00121171
1.23573 0.00121172
1.23575 0.00121172
1.23577 0.00121173
1.23578 0.00121173
1.2358 0.00121173
1.23581 0.00121174
1.23582 0.00121174
1.23583 0.00121174
1.23586 0.00121174
1.23587 0.00121174
1.236 0.00121175
1.23603 0.00121175
1.23604 0.00121175
1.23607 0.00121175
1.23608 0.00121175
1.2361 0.00121175
1.23611 0.00121175
1.23613 0.00121175
1.24129 0.00121481
1.2413 0.00121596
1.24132 0.00121696
1.24133 0.00121784
1.24134 0.00121861
1.24135 0.00121929
1.24138 0.00121988
1.24139 0.00122039
1.24141 0.00122084
1.24143 0.00122123
1.24144 0.00122158
1.24145 0.00122188
1.24146 0.00122215
1.24148 0.00122238
1.2415 0.00122258
1.24152 0.00122276
1.24154 0.00122291
1.24155 0.00122305
1.24156 0.00122317
1.24157 0.00122327
1.2416 0.00122336
1.24161 0.00122344
1.24162 0.00122351
1.24163 0.00122357
1.24165 0.00122362
1.24167 0.00122367
1.24168 0.00122371
1.2417 0.00122375
1.24171 0.00122378
1.24172 0.00122381
1.24173 0.00122383
1.24174 0.00122385
1.24177 0.00122387
1.24178 0.00122389
1.24179 0.0012239
1.24181 0.00122391
1.24182 0.00122392
1.24184 0.00122393
1.24185 0.00122394
1.24187 0.00122395
1.24188 0.00122395
1.24189 0.00122396
1.2419 0.00122396
1.24193 0.00122397
1.24194 0.00122397
1.24208 0.00122397
1.2421 0.00122398
1.24211 0.00122398
1.24214 0.00122398
1.24215 0.00122398
1.24217 0.00122398
1.24219 0.00122399
1.2422 0.00122399
1.24221 0.00122399
1.24223 0.00122399
1.24225 0.00122399
1.24226 0.00122399
1.24227 0.00122399
1.2423 0.00122399
1.25952 0.00122552
1.25954 0.00122839
1.25955 0.00122937
1.25957 0.00123023
1.25958 0.00123098
1.2596 0.00123164
1.25962 0.00123221
1.25963 0.00123272
1.25964 0.00123316
1.25966 0.00123354
1.25968 0.00123388
1.25969 0.00123417
1.2597 0.00123443
1.25971 0.00123466
1.25973 0.00123485
1.25975 0.00123503
1.25976 0.00123518
1.25979 0.00123531
1.2598 0.00123543
1.25981 0.00123553
1.25982 0.00123562
1.25984 0.00123569
1.25985 0.00123576
1.25987 0.00123582
1.2599 0.00123587
1.25991 0.00123592
1.25992 0.00123596
1.25993 0.00123599
1.25995 0.00123602
1.25997 0.00123605
1.25998 0.00123607
1.25999 0.00123609
1.26001 0.00123611
1.26002 0.00123613
1.26004 0.00123614
1.26006 0.00123615
1.26007 0.00123616
1.26008 0.00123617
1.26009 0.00123618
1.2601 0.00123619
1.26012 0.00123619
1.26014 0.0012362
1.26015 0.0012362
1.26017 0.00123621
1.26018 0.00123621
1.26019 0.00123621
1.26021 0.00123622
1.26023 0.00123622
1.26024 0.00123622
1.26025 0.00123622
1.26026 0.00123623
1.26028 0.00123623
1.2603 0.00123623
1.26031 0.00123623
1.26045 0.00123623
1.26047 0.00123623
1.26048 0.00123623
1.26051 0.00123623
1.26052 0.00123623
1.27179 0.00123929
1.27181 0.00124044
1.27182 0.00124144
1.27183 0.00124232
1.27184 0.00124309
1.27187 0.00124377
1.27188 0.00124435
1.27189 0.00124487
1.27192 0.00124532
1.27193 0.00124572
1.27194 0.00124606
1.27195 0.00124636
1.27198 0.00124663
1.27199 0.00124686
1.272 0.00124706
1.27201 0.00124724
1.27204 0.00124739
1.27205 0.00124753
1.27206 0.00124765
1.27208 0.00124775
1.27209 0.00124784
1.2721 0.00124792
1.27212 0.00124799
1.27214 0.00124805
1.27216 0.0012481
1.27217 0.00124815
1.27219 0.00124819
1.2722 0.00124823
1.27221 0.00124826
1.27222 0.00124829
1.27225 0.00124831
1.27227 0.00124833
1.27228 0.00124835
1.2723 0.00124836
1.27231 0.00124838
1.27232 0.00124839
1.27234 0.0012484
1.27236 0.00124841
1.27237 0.00124842
1.27238 0.00124843
1.27239 0.00124843
1.27242 0.00124844
1.27243 0.00124844
1.27244 0.00124845
1.27245 0.00124845
1.27247 0.00124845
1.27248 0.00124846
1.27249 0.00124846
1.27252 0.00124846
1.27253 0.00124846
1.27254 0.00124847
1.27255 0.00124847
1.27257 0.00124847
1.27259 0.00124847
1.2726 0.00124847
1.27261 0.00124847
1.27263 0.00124847
1.27264 0.00124847
1.27265 0.00124847
1.28408 0.00125153
1.2841 0.00125268
1.28411 0.00125369
1.28413 0.00125456
1.28414 0.00125533
1.28417 0.00125601
1.28418 0.0012566
1.28419 0.00125711
1.28421 0.00125756
1.28423 0.00125796
1.28424 0.0012583
1.28425 0.0012586
1.28427 0.00125887
1.28429 0.0012591
1.2843 0.0012593
1.28432 0.00125948
1.28433 0.00125963
1.28434 0.00125977
1.28436 0.00125989
1.28438 0.00125999
1.28439 0.00126008
1.28441 0.00126016
1.28443 0.00126023
1.28444 0.00126029
1.28445 0.00126034
1.28447 0.00126039
1.28449 0.00126043
1.2845 0.00126047
1.28451 0.0012605
1.28454 0.00126053
1.28455 0.00126055
1.28456 0.00126057
1.28457 0.00126059
1.28458 0.0012606
1.2846 0.00126062
1.28462 0.00126063
1.28463 0.00126064
1.28466 0.00126065
1.28467 0.00126066
1.28468 0.00126067
1.28469 0.00126067
1.28471 0.00126068
1.28472 0.00126068
1.28474 0.00126069
1.28477 0.00126069
1.28478 0.00126069
1.28479 0.0012607
1.28481 0.0012607
1.28482 0.0012607
1.28484 0.0012607
1.28485 0.0012607
1.28487 0.00126071
1.28488 0.00126071
1.28489 0.00126071
1.28492 0.00126071
1.28493 0.00126071
1.28494 0.00126071
1.28495 0.00126071
1.28496 0.00126071
1.29641 0.00126224
1.29643 0.00126511
1.29645 0.00126609
1.29646 0.00126695
1.29647 0.0012677
1.29648 0.00126836
1.29649 0.00126893
1.29651 0.00126944
1.29653 0.00126988
1.29654 0.00127026
1.29668 0.0012706
1.2967 0.00127089
1.29671 0.00127115
1.29673 0.00127138
1.29675 0.00127158
1.29676 0.00127175
1.29679 0.0012719
1.2968 0.00127203
1.29681 0.00127215
1.29682 0.00127225
1.29685 0.00127234
1.29686 0.00127241
1.29687 0.00127248
1.29689 0.00127254
1.29691 0.00127259
1.29692 0.00127264
1.29693 0.00127268
1.29695 0.00127271
1.29696 0.00127274
1.29698 0.00127277
1.297 0.00127279
1.29701 0.00127281
1.29703 0.00127283
1.29705 0.00127285
1.29706 0.00127286
1.29707 0.00127287
1.29709 0.00127288
1.29711 0.00127289
1.29712 0.0012729
1.29713 0.00127291
1.29716 0.00127291
1.29717 0.00127292
1.29718 0.00127292
1.29719 0.00127293
1.2972 0.00127293
1.29722 0.00127293
1.29724 0.00127294
1.29725 0.00127294
1.29728 0.00127294
1.29729 0.00127294
1.2973 0.00127294
1.29731 0.00127295
1.29733 0.00127295
1.29734 0.00127295
1.29736 0.00127295
1.29739 0.00127295
1.2974 0.00127295
1.29741 0.00127295
1.29742 0.00127295
1.30131 0.00127712
1.30133 0.00128077
1.30134 0.00128396
1.30135 0.00128676
1.30136 0.0012892
1.30139 0.00129134
1.3014 0.00129321
1.30141 0.00129485
1.30142 0.00129629
1.30144 0.00129754
1.30145 0.00129864
1.30146 0.0012996
1.30148 0.00130044
1.3015 0.00130117
1.30151 0.00130182
1.30152 0.00130238
1.30153 0.00130287
1.30156 0.0013033
1.30157 0.00130368
1.30158 0.00130401
1.3016 0.0013043
1.30161 0.00130455
1.30162 0.00130477
1.30163 0.00130496
1.30166 0.00130513
1.30167 0.00130528
1.3018 0.00130541
1.30183 0.00130552
1.30184 0.00130562
1.30185 0.00130571
1.30188 0.00130578
1.30189 0.00130585
1.30191 0.00130591
1.30193 0.00130596
1.30194 0.001306
1.30195 0.00130604
1.30197 0.00130608
1.30199 0.00130611
1.302 0.00130613
1.30201 0.00130616
1.30204 0.00130618
1.30205 0.00130619
1.30206 0.00130621
1.30207 0.00130622
1.30208 0.00130623
1.30211 0.00130624
1.30212 0.00130625
1.30213 0.00130626
1.30216 0.00130627
1.30217 0.00130627
1.30218 0.00130628
1.30219 0.00130628
1.30222 0.00130629
1.30223 0.00130629
1.30224 0.00130629
1.30226 0.0013063
1.30228 0.0013063
1.30229 0.0013063
1.3023 0.0013063
1.30232 0.00130631
1.30233 0.00130631
1.30234 0.00130631
1.30237 0.00130631
1.30238 0.00130631
1.3024 0.00130631
1.30242 0.00130631
1.30243 0.00130631
1.30257 0.00130061
1.30259 0.00129563
1.3026 0.00129126
1.30261 0.00128744
1.30262 0.0012841
1.30264 0.00128005
1.30265 0.00127651
1.30266 0.00127341
1.30268 0.00127069
1.30269 0.00126832
1.3027 0.00126624
1.30271 0.00126442
1.30272 0.0012613
1.30274 0.00125857
1.30275 0.00125618
1.30276 0.00125409
1.30277 0.00125226
1.3028 0.00125066
1.30281 0.00124926
1.30282 0.00124803
1.30283 0.00124696
1.30285 0.00124602
1.30286 0.0012452
1.30287 0.00124448
1.30288 0.00124232
1.3029 0.00124043
1.30291 0.00122348
1.30292 0.00120712
1.30293 0.0011928
1.30294 0.00118027
1.30296 0.00116778
1.30297 0.00115685
1.30298 0.00114575
1.30299 0.00113605
1.30301 0.00112755
1.30302 0.00112012
1.30303 0.00111209
1.30304 0.00110506
1.30305 0.00109891
1.30307 0.00109352
1.30308 0.00108729
1.30309 0.00108183
1.3031 0.00107705
1.30312 0.00107287
1.30313 0.00106921
1.30314 0.00106448
1.30315 0.00106034
1.30316 0.00105672
1.30318 0.00105202
1.30319 0.00104791
1.3032 0.00104432
1.30321 0.00104117
1.30323 0.00103688
1.30324 0.00103313
1.30325 0.00102985
1.30326 0.00102698
1.30328 0.00102294
1.30329 0.00101941
1.3033 0.00101631
1.30331 0.0010136
1.30332 0.00101124
1.30334 0.00100916
1.30335 0.00100582
1.30336 0.00100289
1.30337 0.000998803
1.30339 0.000995224
1.3034 0.000992093
1.30341 0.000989353
1.30342 0.000986955
1.30343 0.000984857
1.30345 0.000981491
1.30346 0.000977016
1.30347 0.000973101
1.30348 0.000969675
1.3035 0.000966677
1.30351 0.000964054
1.30352 0.000961759
1.30353 0.000959751
1.30354 0.000957994
1.30356 0.000956456
1.30357 0.000955111
1.30358 0.000953532
1.30359 0.00095215
1.30361 0.000950941
1.30362 0.000949883
1.30363 0.000948957
1.30364 0.000948147
1.30365 0.000947438
1.30367 0.000946818
1.30368 0.000946275
1.30369 0.0009458
1.3037 0.000945385
1.30372 0.000945021
1.30374 0.000944703
1.30376 0.000945955
1.30379 0.00094858
1.30381 0.000952407
1.30384 0.000957286
1.30386 0.000963085
1.30389 0.000969689
1.30391 0.000976997
1.30394 0.000984922
1.30396 0.000993386
1.30399 0.00100232
1.30401 0.00101167
1.30403 0.00102138
1.30406 0.00103141
1.30408 0.00104171
1.30411 0.00105226
1.30413 0.00106302
1.30414 0.00107243
1.30416 0.00108066
1.30417 0.00108787
1.30418 0.00109418
1.30419 0.00109969
1.30421 0.00110452
1.30422 0.00110875
1.30423 0.00111244
1.30424 0.00111568
1.30425 0.00111851
1.30427 0.00112098
1.30428 0.00112315
1.30429 0.00112504
1.3043 0.0011267
1.30432 0.00112816
1.30433 0.00112943
1.30434 0.00113054
1.30435 0.00113151
1.30436 0.00113236
1.30438 0.0011331
1.30439 0.00113376
1.3044 0.00113433
1.30441 0.00113482
1.30443 0.00113526
1.30444 0.00113564
1.30445 0.00113598
1.30446 0.00113627
1.30447 0.00113652
1.30449 0.00113675
1.3045 0.00113694
1.30451 0.00113712
1.30452 0.00113727
1.30454 0.0011374
1.30455 0.00113751
1.30456 0.00113761
1.30457 0.0011377
1.30458 0.00113778
1.3046 0.00113784
1.30461 0.0011379
1.30462 0.00113796
1.30463 0.001138
1.30465 0.00113804
1.30466 0.00113807
1.30467 0.0011381
1.30468 0.00113813
1.30469 0.00113815
1.30471 0.00113817
1.30472 0.00113819
1.30473 0.00113821
1.30474 0.00113822
1.30476 0.00113823
1.30477 0.00113824
1.30478 0.00113825
1.30479 0.00113826
1.30481 0.00113827
1.30482 0.00113827
1.30483 0.00113828
1.30484 0.00113828
1.30485 0.00113829
1.30488 0.00113829
1.3049 0.0011383
1.30493 0.0011383
1.30495 0.0011383
1.30498 0.0011383
1.305 0.0011383
1.30503 0.00113831
1.30505 0.00113831
1.30507 0.00113831
1.3051 0.00113831
1.30512 0.00113831
1.30515 0.00113831
1.30517 0.00113831
1.3052 0.00113831
1.30866 0.00114137
1.30867 0.00114252
1.3087 0.00114353
1.30871 0.0011444
1.30872 0.00114517
1.30873 0.00114585
1.30875 0.00114643
1.30876 0.00114695
1.30877 0.0011474
1.30878 0.0011478
1.3088 0.00114814
1.30881 0.00114844
1.30882 0.00114871
1.30883 0.00114894
1.30884 0.00114914
1.30886 0.00114932
1.30887 0.00114947
1.30888 0.00114961
1.30889 0.00114973
1.30891 0.00114983
1.30892 0.00114992
1.30893 0.00115
1.30894 0.00115007
1.30895 0.00115013
1.30897 0.00115018
1.30898 0.00115023
1.30899 0.00115027
1.309 0.00115031
1.30902 0.00115034
1.30903 0.00115037
1.30904 0.00115039
1.30905 0.00115041
1.30906 0.00115043
1.30908 0.00115044
1.30909 0.00115046
1.3091 0.00115047
1.30911 0.00115048
1.30913 0.00115049
1.30914 0.0011505
1.30915 0.00115051
1.30916 0.00115051
1.30917 0.00115052
1.30919 0.00115052
1.3092 0.00115053
1.30921 0.00115053
1.30922 0.00115053
1.30924 0.00115054
1.30925 0.00115054
1.30926 0.00115054
1.30927 0.00115054
1.30928 0.00115054
1.3093 0.00115055
1.30931 0.00115055
1.30932 0.00115055
1.30933 0.00115055
1.30935 0.00115055
1.30936 0.00115055
1.30937 0.00115055
1.30938 0.00115055
1.31293 0.00115208
1.31296 0.00115342
1.31298 0.00115459
1.31301 0.00115562
1.31303 0.00115652
1.31305 0.0011573
1.31308 0.00115799
1.3131 0.00115859
1.31313 0.00115912
1.31315 0.00115957
1.31318 0.00115998
1.3132 0.00116033
1.31323 0.00116064
1.31325 0.00116091
1.31328 0.00116114
1.31329 0.00116135
1.31331 0.00116153
1.31332 0.00116169
1.31334 0.00116183
1.31335 0.00116195
1.31336 0.00116205
1.31337 0.00116215
1.31339 0.00116223
1.3134 0.0011623
1.31341 0.00116236
1.31342 0.00116242
1.31343 0.00116246
1.31345 0.00116251
1.31346 0.00116254
1.31347 0.00116257
1.31348 0.0011626
1.3135 0.00116263
1.31351 0.00116265
1.31352 0.00116267
1.31353 0.00116268
1.31354 0.0011627
1.31356 0.00116271
1.31357 0.00116272
1.31358 0.00116273
1.31359 0.00116274
1.31361 0.00116274
1.31362 0.00116275
1.31363 0.00116276
1.31364 0.00116276
1.31365 0.00116277
1.31367 0.00116277
1.31368 0.00116277
1.31369 0.00116278
1.3137 0.00116278
1.31372 0.00116278
1.31373 0.00116278
1.31374 0.00116278
1.31375 0.00116279
1.31376 0.00116279
1.31378 0.00116279
1.31379 0.00116279
1.3138 0.00116279
1.31381 0.00116279
1.31383 0.00116279
1.31384 0.00116279
1.3211 0.00116585
1.32111 0.001167
1.32113 0.001168
1.32116 0.00116888
1.32118 0.00116965
1.32121 0.00117033
1.32123 0.00117092
1.32126 0.00117143
1.32128 0.00117188
1.3213 0.00117227
1.32133 0.00117262
1.32135 0.00117292
1.32138 0.00117319
1.3214 0.00117342
1.32143 0.00117362
1.32144 0.0011738
1.32146 0.00117395
1.32148 0.00117409
1.32149 0.00117421
1.3215 0.00117431
1.32151 0.0011744
1.32152 0.00117448
1.32154 0.00117455
1.32155 0.00117461
1.32156 0.00117466
1.32157 0.00117471
1.32159 0.00117475
1.3216 0.00117479
1.32161 0.00117482
1.32162 0.00117485
1.32164 0.00117487
1.32165 0.00117489
1.32166 0.00117491
1.32167 0.00117492
1.32168 0.00117494
1.3217 0.00117495
1.32171 0.00117496
1.32172 0.00117497
1.32173 0.00117498
1.32175 0.00117499
1.32176 0.00117499
1.32177 0.001175
1.32178 0.001175
1.32179 0.00117501
1.32181 0.00117501
1.32182 0.00117501
1.32183 0.00117502
1.32184 0.00117502
1.32186 0.00117502
1.32187 0.00117502
1.32188 0.00117502
1.32189 0.00117503
1.3219 0.00117503
1.32192 0.00117503
1.32193 0.00117503
1.32194 0.00117503
1.32195 0.00117503
1.32197 0.00117503
1.32198 0.00117503
1.32226 0.00117656
1.32228 0.0011779
1.3223 0.00117907
1.32232 0.0011801
1.32235 0.001181
1.32237 0.00118178
1.32239 0.00118247
1.32242 0.00118307
1.32244 0.00118359
1.32247 0.00118406
1.32249 0.00118446
1.32252 0.00118481
1.32254 0.00118512
1.32257 0.00118539
1.32259 0.00118562
1.32261 0.00118583
1.32263 0.00118601
1.32265 0.00118617
1.32266 0.00118631
1.32268 0.00118643
1.32269 0.00118653
1.3227 0.00118663
1.32271 0.00118671
1.32272 0.00118678
1.32274 0.00118684
1.32275 0.0011869
1.32276 0.00118694
1.32277 0.00118699
1.32279 0.00118702
1.3228 0.00118705
1.32281 0.00118708
1.32282 0.00118711
1.32283 0.00118713
1.32285 0.00118715
1.32286 0.00118716
1.32287 0.00118718
1.32288 0.00118719
1.3229 0.0011872
1.32291 0.00118721
1.32292 0.00118722
1.32293 0.00118723
1.32294 0.00118723
1.32296 0.00118724
1.32297 0.00118724
1.32298 0.00118725
1.32299 0.00118725
1.32301 0.00118725
1.32302 0.00118726
1.32303 0.00118726
1.32304 0.00118726
1.32305 0.00118726
1.32307 0.00118726
1.32308 0.00118727
1.32309 0.00118727
1.3231 0.00118727
1.32312 0.00118727
1.32313 0.00118727
1.32314 0.00118727
1.32315 0.00118727
1.32317 0.00118727
1.33077 0.0011888
1.33079 0.00119014
1.33082 0.00119131
1.33084 0.00119234
1.33086 0.00119324
1.33089 0.00119402
1.33091 0.00119471
1.33094 0.00119531
1.33095 0.00119583
1.33097 0.00119629
1.33099 0.0011967
1.331 0.00119705
1.33101 0.00119736
1.33102 0.00119763
1.33104 0.00119786
1.33105 0.00119807
1.33106 0.00119825
1.33107 0.00119841
1.33108 0.00119855
1.3311 0.00119867
1.33111 0.00119878
1.33112 0.00119887
1.33113 0.00119895
1.33115 0.00119902
1.33116 0.00119908
1.33117 0.00119914
1.33118 0.00119918
1.33119 0.00119923
1.33121 0.00119926
1.33122 0.00119929
1.33123 0.00119932
1.33124 0.00119935
1.33126 0.00119937
1.33127 0.00119939
1.33128 0.0011994
1.33129 0.00119942
1.3313 0.00119943
1.33132 0.00119944
1.33133 0.00119945
1.33134 0.00119946
1.33135 0.00119947
1.33137 0.00119947
1.33138 0.00119948
1.33139 0.00119948
1.3314 0.00119949
1.33141 0.00119949
1.33143 0.00119949
1.33144 0.0011995
1.33145 0.0011995
1.33146 0.0011995
1.33148 0.0011995
1.33149 0.00119951
1.3315 0.00119951
1.33151 0.00119951
1.33153 0.00119951
1.33154 0.00119951
1.33155 0.00119951
1.33156 0.00119951
1.33157 0.00119951
1.33159 0.00119951
1.33353 0.00120104
1.33354 0.00120238
1.33356 0.00120355
1.33357 0.00120458
1.33358 0.00120548
1.33359 0.00120626
1.33361 0.00120695
1.33362 0.00120755
1.33363 0.00120807
1.33364 0.00120853
1.33365 0.00120894
1.33367 0.00120929
1.33368 0.0012096
1.33369 0.00120987
1.3337 0.0012101
1.33372 0.00121031
1.33373 0.00121049
1.33374 0.00121065
1.33375 0.00121079
1.33376 0.00121091
1.33378 0.00121101
1.33379 0.00121111
1.3338 0.00121119
1.33381 0.00121126
1.33383 0.00121132
1.33384 0.00121138
1.33385 0.00121142
1.33386 0.00121147
1.33388 0.0012115
1.33389 0.00121153
1.3339 0.00121156
1.33391 0.00121159
1.33392 0.00121161
1.33394 0.00121163
1.33395 0.00121164
1.33396 0.00121166
1.33397 0.00121167
1.33399 0.00121168
1.334 0.00121169
1.33401 0.0012117
1.33402 0.0012117
1.33403 0.00121171
1.33405 0.00121172
1.33406 0.00121172
1.33407 0.00121173
1.33408 0.00121173
1.3341 0.00121173
1.33412 0.00121327
1.33413 0.00121308
1.33418 0.00121291
1.33421 0.00121277
1.33422 0.00121264
1.33424 0.00121253
1.33427 0.00121243
1.33429 0.00121235
1.33432 0.00121228
1.33434 0.00121221
1.33438 0.00121215
1.3344 0.0012121
1.33443 0.00121206
1.33445 0.00121202
1.33447 0.00121199
1.3345 0.00121196
1.33452 0.00121193
1.33455 0.00121191
1.33456 0.00121189
1.33459 0.00121188
1.3346 0.00121186
1.33461 0.00121185
1.33462 0.00121184
1.33463 0.00121183
1.33465 0.00121182
1.33466 0.00121181
1.33467 0.0012118
1.33468 0.0012118
1.3347 0.00121179
1.33471 0.00121179
1.33472 0.00121178
1.33473 0.00121178
1.33474 0.00121178
1.33476 0.00121178
1.33477 0.00121177
1.33478 0.00121177
1.33479 0.00121177
1.33481 0.00121177
1.33482 0.00121177
1.33483 0.00121177
1.33484 0.00121176
1.33485 0.00121176
1.33487 0.00121176
1.33488 0.00121176
1.33489 0.00121176
1.3402 0.00121329
1.34025 0.00121463
1.34028 0.0012158
1.34029 0.00121682
1.34031 0.00121772
1.34034 0.0012185
1.34036 0.00121919
1.34039 0.00121979
1.34041 0.00122032
1.34045 0.00122078
1.34047 0.00122118
1.3405 0.00122153
1.34052 0.00122184
1.34055 0.00122211
1.34057 0.00122235
1.34059 0.00122255
1.34062 0.00122273
1.34063 0.00122289
1.34066 0.00122303
1.34067 0.00122315
1.34068 0.00122326
1.34069 0.00122335
1.34071 0.00122343
1.34072 0.0012235
1.34073 0.00122356
1.34074 0.00122362
1.34075 0.00122366
1.34077 0.00122371
1.34078 0.00122374
1.34079 0.00122377
1.3408 0.0012238
1.34082 0.00122383
1.34083 0.00122385
1.34084 0.00122387
1.34085 0.00122388
1.34086 0.0012239
1.34088 0.00122391
1.34089 0.00122392
1.3409 0.00122393
1.34091 0.00122394
1.34093 0.00122394
1.34094 0.00122395
1.34095 0.00122396
1.34096 0.00122396
1.34097 0.00122397
1.34099 0.00122397
1.341 0.00122397
1.34101 0.00122398
1.34102 0.00122398
1.34104 0.00122398
1.34105 0.00122398
1.34106 0.00122398
1.34107 0.00122399
1.34108 0.00122399
1.3411 0.00122399
1.34111 0.00122399
1.34112 0.00122399
1.34113 0.00122399
1.34115 0.00122399
1.34116 0.00122399
1.34603 0.00122552
1.34604 0.00122686
1.34605 0.00122803
1.34607 0.00122906
1.34608 0.00122996
1.34609 0.00123074
1.3461 0.00123143
1.34612 0.00123203
1.34613 0.00123255
1.34614 0.00123302
1.34615 0.00123342
1.34616 0.00123377
1.34618 0.00123408
1.34619 0.00123435
1.3462 0.00123458
1.34621 0.00123479
1.34623 0.00123497
1.34624 0.00123513
1.34625 0.00123527
1.34626 0.00123539
1.34627 0.0012355
1.3463 0.00123712
1.34631 0.00123701
1.34634 0.00123691
1.34638 0.00123683
1.34641 0.00123675
1.34642 0.00123669
1.34645 0.00123663
1.34647 0.00123658
1.34649 0.00123654
1.34652 0.0012365
1.34654 0.00123647
1.34658 0.00123644
1.3466 0.00123642
1.34663 0.00123639
1.34665 0.00123637
1.34668 0.00123636
1.3467 0.00123634
1.34673 0.00123633
1.34675 0.00123632
1.34676 0.00123631
1.34679 0.0012363
1.3468 0.00123629
1.34681 0.00123628
1.34683 0.00123628
1.34684 0.00123627
1.34685 0.00123627
1.34686 0.00123626
1.34687 0.00123626
1.34689 0.00123626
1.3469 0.00123625
1.34691 0.00123625
1.34692 0.00123625
1.34694 0.00123625
1.34695 0.00123625
1.34696 0.00123625
1.34697 0.00123624
1.34698 0.00123624
1.347 0.00123624
1.34701 0.00123624
1.34702 0.00123624
1.34703 0.00123624
1.34914 0.00123777
1.34916 0.00123911
1.34919 0.00124028
1.34921 0.0012413
1.34924 0.0012422
1.34925 0.00124299
1.34927 0.00124367
1.34929 0.00124427
1.3493 0.0012448
1.34931 0.00124526
1.34932 0.00124566
1.34933 0.00124601
1.34935 0.00124632
1.34936 0.00124659
1.34937 0.00124683
1.34938 0.00124703
1.3494 0.00124721
1.34941 0.00124737
1.34942 0.00124751
1.34943 0.00124763
1.34944 0.00124774
1.34946 0.00124783
1.34947 0.00124791
1.34948 0.00124798
1.34949 0.00124804
1.34951 0.0012481
1.34952 0.00124814
1.34953 0.00124819
1.34954 0.00124822
1.34955 0.00124825
1.34957 0.00124828
1.34958 0.00124831
1.34959 0.00124833
1.3496 0.00124835
1.34962 0.00124836
1.34963 0.00124838
1.34964 0.00124839
1.34965 0.0012484
1.34966 0.00124841
1.34968 0.00124842
1.34969 0.00124843
1.3497 0.00124843
1.34971 0.00124844
1.34973 0.00124844
1.34974 0.00124845
1.34975 0.00124845
1.34976 0.00124845
1.34977 0.00124846
1.34979 0.00124846
1.3498 0.00124846
1.34981 0.00124846
1.34982 0.00124847
1.34984 0.00124847
1.34985 0.00124847
1.34986 0.00124847
1.34987 0.00124847
1.34989 0.00124847
1.3499 0.00124847
1.34991 0.00124847
1.34992 0.00124847
1.35856 0.00125
1.35858 0.00125134
1.35859 0.00125251
1.3586 0.00125354
1.35861 0.00125444
1.35862 0.00125522
1.35864 0.00125591
1.35865 0.00125651
1.35866 0.00125704
1.35867 0.00125749
1.35869 0.0012579
1.3587 0.00125825
1.35871 0.00125856
1.35872 0.00125883
1.35873 0.00125906
1.35876 0.0012608
1.35878 0.00126232
1.3588 0.00126365
1.35882 0.00126481
1.35887 0.00126583
1.35889 0.00126672
1.35891 0.0012675
1.35893 0.00126818
1.35895 0.00126878
1.35898 0.0012693
1.359 0.00126976
1.35903 0.00127016
1.35907 0.00127051
1.35909 0.00127082
1.35911 0.00127108
1.35915 0.00127132
1.35918 0.00127152
1.3592 0.0012717
1.35922 0.00127186
1.35925 0.00127199
1.35926 0.00127211
1.35929 0.00127222
1.3593 0.00127231
1.35931 0.00127239
1.35932 0.00127246
1.35933 0.00127253
1.35935 0.00127258
1.35936 0.00127263
1.35937 0.00127267
1.35938 0.0012727
1.3594 0.00127274
1.35941 0.00127276
1.35942 0.00127279
1.35943 0.00127281
1.35944 0.00127283
1.35946 0.00127284
1.35947 0.00127286
1.35948 0.00127287
1.35949 0.00127288
1.35951 0.00127289
1.35952 0.0012729
1.35953 0.0012729
1.35954 0.00127291
1.35955 0.00127292
1.35957 0.00127292
1.35958 0.00127293
1.35959 0.00127293
1.3596 0.00127293
1.35962 0.00127294
1.35963 0.00127294
1.35964 0.00127294
1.35965 0.00127294
1.35966 0.00127294
1.35968 0.00127295
1.35969 0.00127295
1.3597 0.00127295
1.35971 0.00127295
1.35973 0.00127295
1.35974 0.00127295
1.35975 0.00127295
1.35976 0.00127295
1.36771 0.00127448
1.36772 0.00127582
1.36774 0.00127699
1.36779 0.00127802
1.36782 0.00127892
1.36783 0.0012797
1.36785 0.00128039
1.36788 0.00128099
1.3679 0.00128151
1.36793 0.00128197
1.36795 0.00128238
1.36799 0.00128273
1.36801 0.00128304
1.36804 0.00128331
1.36807 0.00128354
1.3681 0.00128375
1.36812 0.00128393
1.36815 0.00128409
1.36817 0.00128423
1.36818 0.00128435
1.36821 0.00128445
1.36822 0.00128455
1.36823 0.00128463
1.36825 0.0012847
1.36826 0.00128476
1.36827 0.00128482
1.36828 0.00128486
1.36829 0.00128491
1.36831 0.00128494
1.36832 0.00128497
1.36833 0.001285
1.36834 0.00128503
1.36836 0.00128505
1.36837 0.00128507
1.36838 0.00128508
1.36839 0.0012851
1.3684 0.00128511
1.36842 0.00128512
1.36843 0.00128513
1.36844 0.00128514
1.36845 0.00128514
1.36847 0.00128515
1.36848 0.00128516
1.36849 0.00128516
1.3685 0.00128517
1.36851 0.00128517
1.36853 0.00128517
1.36854 0.00128518
1.36855 0.00128518
1.36856 0.00128518
1.36858 0.00128518
1.36859 0.00128518
1.3686 0.00128519
1.36861 0.00128519
1.36862 0.00128519
1.36864 0.00128519
1.36865 0.00128519
1.36866 0.00128519
1.36867 0.00128519
1.36869 0.00128519
1.37115 0.00128672
1.37116 0.00128806
1.37117 0.00128923
1.37118 0.00129026
1.37119 0.00129116
1.37121 0.00129194
1.37122 0.00129263
1.37123 0.00129323
1.37124 0.00129375
1.37126 0.00129422
1.37127 0.00129462
1.37128 0.00129497
1.37129 0.00129528
1.37131 0.00129555
1.37132 0.00129578
1.37133 0.00129599
1.37134 0.00129617
1.37135 0.00129633
1.37137 0.00129647
1.37138 0.00129659
1.37139 0.0012967
1.3714 0.00129679
1.37142 0.00129687
1.37143 0.00129694
1.37144 0.001297
1.37145 0.00129706
1.37146 0.0012971
1.37148 0.00129715
1.37149 0.00129718
1.3715 0.00129721
1.37153 0.00129877
1.37154 0.0012986
1.37157 0.00129846
1.37159 0.00129833
1.37161 0.00129822
1.37166 0.00129812
1.37168 0.00129803
1.3717 0.00129796
1.37172 0.00129789
1.37175 0.00129784
1.37177 0.00129779
1.37179 0.00129774
1.37182 0.00129771
1.37186 0.00129767
1.37188 0.00129764
1.3719 0.00129762
1.37194 0.00129759
1.37197 0.00129757
1.37199 0.00129756
1.37201 0.00129754
1.37204 0.00129753
1.37205 0.00129752
1.37208 0.00129751
1.37209 0.0012975
1.3721 0.00129749
1.37211 0.00129748
1.37213 0.00129748
1.37214 0.00129747
1.37215 0.00129747
1.37216 0.00129746
1.37217 0.00129746
1.37219 0.00129746
1.3722 0.00129745
1.37221 0.00129745
1.37222 0.00129745
1.37224 0.00129745
1.37225 0.00129745
1.37226 0.00129745
1.37227 0.00129744
1.37228 0.00129744
1.3723 0.00129744
1.37231 0.00129744
1.37232 0.00129744
1.37233 0.00129744
1.37679 0.00129897
1.37681 0.00130031
1.37686 0.00130148
1.37689 0.0013025
1.3769 0.0013034
1.37692 0.00130419
1.37695 0.00130487
1.37697 0.00130547
1.377 0.001306
1.37702 0.00130646
1.37706 0.00130686
1.37708 0.00130721
1.37711 0.00130752
1.37714 0.00130779
1.37717 0.00130803
1.37719 0.00130823
1.37722 0.00130841
1.37724 0.00130857
1.37725 0.00130871
1.37728 0.00130883
1.37729 0.00130894
1.3773 0.00130903
1.37731 0.00130911
1.37733 0.00130918
1.37734 0.00130924
1.37735 0.0013093
1.37736 0.00130934
1.37738 0.00130939
1.37739 0.00130942
1.3774 0.00130945
1.37741 0.00130948
1.37743 0.00130951
1.37744 0.00130953
1.37745 0.00130955
1.37746 0.00130956
1.37747 0.00130958
1.37749 0.00130959
1.3775 0.0013096
1.37751 0.00130961
1.37752 0.00130962
1.37754 0.00130963
1.37755 0.00130963
1.37756 0.00130964
1.37757 0.00130964
1.37758 0.00130965
1.3776 0.00130965
1.37761 0.00130965
1.37762 0.00130966
1.37763 0.00130966
1.37765 0.00130966
1.37766 0.00130966
1.37767 0.00130967
1.37768 0.00130967
1.37769 0.00130967
1.37771 0.00130967
1.37772 0.00130967
1.37773 0.00130967
1.37774 0.00130967
1.37776 0.00130967
1.37777 0.00130967
1.38377 0.00131273
1.38378 0.00131388
1.3838 0.00131489
1.38381 0.00131576
1.38384 0.00131653
1.38385 0.00131721
1.38386 0.0013178
1.38388 0.00131831
1.38389 0.00131876
1.3839 0.00131916
1.38391 0.0013195
1.38392 0.0013198
1.38394 0.00132007
1.38395 0.0013203
1.38396 0.0013205
1.38397 0.00132068
1.38399 0.00132083
1.384 0.00132097
1.38401 0.00132109
1.38402 0.00132119
1.38403 0.00132128
1.38405 0.00132136
1.38406 0.00132143
1.38407 0.00132149
1.38408 0.00132154
1.3841 0.00132159
1.38411 0.00132163
1.38412 0.00132167
1.38413 0.0013217
1.38414 0.00132173
1.38416 0.00132175
1.38417 0.00132177
1.38418 0.00132179
1.38419 0.0013218
1.38421 0.00132182
1.38422 0.00132183
1.38423 0.00132184
1.38424 0.00132185
1.38425 0.00132186
1.38427 0.00132187
1.38428 0.00132187
1.38429 0.00132188
1.3843 0.00132188
1.38432 0.00132189
1.38433 0.00132189
1.38434 0.00132189
1.38435 0.0013219
1.38437 0.0013219
1.38438 0.0013219
1.38439 0.0013219
1.3844 0.0013219
1.38441 0.00132191
1.38443 0.00132191
1.38444 0.00132191
1.38445 0.00132191
1.38446 0.00132191
1.38448 0.00132191
1.38449 0.00132191
1.3845 0.00132191
1.38609 0.00132344
1.3861 0.00132478
1.38613 0.00132595
1.38615 0.00132698
1.38618 0.00132788
1.3862 0.00132866
1.38623 0.00132935
1.38626 0.00132995
1.38629 0.00133048
1.38631 0.00133094
1.38635 0.00133134
1.38637 0.00133169
1.3864 0.001332
1.38642 0.00133227
1.38643 0.0013325
1.38646 0.00133271
1.38647 0.00133289
1.38649 0.00133305
1.38651 0.00133319
1.38652 0.00133331
1.38653 0.00133341
1.38654 0.00133351
1.38656 0.00133359
1.38657 0.00133366
1.38658 0.00133372
1.38659 0.00133378
1.38661 0.00133382
1.38662 0.00133387
1.38663 0.0013339
1.38664 0.00133393
1.38665 0.00133396
1.38667 0.00133399
1.38668 0.00133401
1.38669 0.00133403
1.3867 0.00133404
1.38672 0.00133406
1.38673 0.00133407
1.38674 0.00133408
1.38675 0.00133409
1.38676 0.0013341
1.38678 0.0013341
1.38679 0.00133411
1.3868 0.00133412
1.38681 0.00133412
1.38683 0.00133413
1.38684 0.00133413
1.38685 0.00133413
1.38686 0.00133414
1.38687 0.00133414
1.38689 0.00133414
1.3869 0.00133414
1.38691 0.00133414
1.38692 0.00133415
1.38694 0.00133415
1.38695 0.00133415
1.38696 0.00133415
1.38697 0.00133415
1.38698 0.00133415
1.387 0.00133415
1.38701 0.00133415
1.38806 0.00133568
1.38807 0.00133702
1.38809 0.00133819
1.3881 0.00133922
1.38811 0.00134012
1.38812 0.0013409
1.38814 0.00134159
1.38815 0.00134219
1.38816 0.00134271
1.38817 0.00134317
1.38818 0.00134358
1.3882 0.00134393
1.38821 0.00134424
1.38822 0.00134451
1.38823 0.00134474
1.38825 0.00134495
1.38826 0.00134513
1.38827 0.00134529
1.38828 0.00134543
1.38829 0.00134555
1.38831 0.00134565
1.38832 0.00134575
1.38833 0.00134583
1.38834 0.0013459
1.38836 0.00134596
1.38837 0.00134602
1.38838 0.00134606
1.38839 0.00134611
1.3884 0.00134614
1.38842 0.00134617
1.38843 0.0013462
1.38844 0.00134623
1.38845 0.00134625
1.38847 0.00134627
1.38848 0.00134628
1.38849 0.0013463
1.3885 0.00134631
1.38851 0.00134632
1.38853 0.00134633
1.38854 0.00134634
1.38855 0.00134635
1.38858 0.00134788
1.38859 0.00134769
1.3886 0.00134753
1.38864 0.00134739
1.38866 0.00134727
1.38869 0.00134716
1.38873 0.00134706
1.38877 0.00134698
1.38878 0.00134691
1.38881 0.00134684
1.38883 0.00134679
1.38886 0.00134674
1.38888 0.00134669
1.38891 0.00134666
1.38894 0.00134662
1.38897 0.0013466
1.38899 0.00134657
1.38903 0.00134655
1.38905 0.00134653
1.38908 0.00134651
1.3891 0.0013465
1.38911 0.00134648
1.38914 0.00134647
1.38915 0.00134646
1.38918 0.00134646
1.38919 0.00134645
1.3892 0.00134644
1.38921 0.00134644
1.38922 0.00134643
1.38924 0.00134643
1.38925 0.00134642
1.38926 0.00134642
1.38927 0.00134642
1.38929 0.00134641
1.3893 0.00134641
1.38931 0.00134641
1.38932 0.00134641
1.38933 0.00134641
1.38935 0.00134641
1.38936 0.0013464
1.38937 0.0013464
1.38938 0.0013464
1.3894 0.0013464
1.38941 0.0013464
1.38942 0.0013464
1.39533 0.00134793
1.39534 0.00134927
1.39538 0.00135044
1.39541 0.00135146
1.39543 0.00135236
1.39548 0.00135315
1.39552 0.00135383
1.39553 0.00135443
1.39555 0.00135496
1.39558 0.00135542
1.3956 0.00135582
1.39563 0.00135617
1.39565 0.00135648
1.39569 0.00135675
1.39571 0.00135699
1.39574 0.00135719
1.39577 0.00135737
1.3958 0.00135753
1.39582 0.00135767
1.39585 0.00135779
1.39586 0.0013579
1.39588 0.00135799
1.3959 0.00135807
1.39592 0.00135814
1.39593 0.0013582
1.39594 0.00135826
1.39596 0.0013583
1.39597 0.00135835
1.39598 0.00135838
1.39599 0.00135841
1.39601 0.00135844
1.39602 0.00135847
1.39603 0.00135849
1.39604 0.00135851
1.39605 0.00135852
1.39607 0.00135854
1.39608 0.00135855
1.39609 0.00135856
1.3961 0.00135857
1.39612 0.00135858
1.39613 0.00135859
1.39614 0.00135859
1.39615 0.0013586
1.39616 0.0013586
1.39618 0.00135861
1.39619 0.00135861
1.3962 0.00135861
1.39621 0.00135862
1.39623 0.00135862
1.39624 0.00135862
1.39625 0.00135862
1.39626 0.00135863
1.39627 0.00135863
1.39629 0.00135863
1.3963 0.00135863
1.39631 0.00135863
1.39632 0.00135863
1.39634 0.00135863
1.39635 0.00135863
1.39636 0.00135863
1.40485 0.00136016
1.40487 0.0013615
1.4049 0.00136267
1.40493 0.0013637
1.40495 0.0013646
1.405 0.00136538
1.40504 0.00136607
1.40505 0.00136667
1.40508 0.00136719
1.4051 0.00136765
1.40512 0.00136806
1.40515 0.00136841
1.40517 0.00136872
1.40521 0.00136899
1.40523 0.00136922
1.40526 0.00136943
1.4053 0.00136961
1.40532 0.00136977
1.40534 0.00136991
1.40537 0.00137003
1.40538 0.00137013
1.40541 0.00137023
1.40542 0.00137031
1.40544 0.00137038
1.40545 0.00137044
1.40547 0.0013705
1.40548 0.00137054
1.40549 0.00137059
1.4055 0.00137062
1.40552 0.00137065
1.40553 0.00137068
1.40554 0.00137071
1.40555 0.00137073
1.40556 0.00137075
1.40558 0.00137076
1.40559 0.00137078
1.4056 0.00137079
1.40561 0.0013708
1.40563 0.00137081
1.40564 0.00137082
1.40565 0.00137082
1.40566 0.00137083
1.40567 0.00137084
1.40569 0.00137084
1.4057 0.00137085
1.40571 0.00137085
1.40572 0.00137085
1.40574 0.00137086
1.40575 0.00137086
1.40576 0.00137086
1.40577 0.00137086
1.40579 0.00137086
1.4058 0.00137087
1.40581 0.00137087
1.40582 0.00137087
1.40583 0.00137087
1.40585 0.00137087
1.40586 0.00137087
1.40587 0.00137087
1.40588 0.00137087
1.40914 0.00137393
1.40916 0.00137508
1.40918 0.00137608
1.4092 0.00137696
1.40922 0.00137773
1.40925 0.00137841
1.40927 0.001379
1.4093 0.00137951
1.40933 0.00137996
1.40936 0.00138035
1.40938 0.0013807
1.40942 0.001381
1.40944 0.00138127
1.40947 0.0013815
1.40949 0.0013817
1.40951 0.00138188
1.40953 0.00138203
1.40954 0.00138217
1.40957 0.00138229
1.40958 0.00138239
1.40959 0.00138248
1.4096 0.00138256
1.40962 0.00138263
1.40963 0.00138269
1.40964 0.00138274
1.40965 0.00138279
1.40967 0.00138283
1.40968 0.00138287
1.40969 0.0013829
1.4097 0.00138293
1.40971 0.00138295
1.40973 0.00138297
1.40974 0.00138299
1.40975 0.00138301
1.40976 0.00138302
1.40978 0.00138303
1.40979 0.00138304
1.4098 0.00138305
1.40981 0.00138306
1.40982 0.00138307
1.40984 0.00138307
1.40985 0.00138308
1.40986 0.00138308
1.40987 0.00138309
1.40989 0.00138309
1.4099 0.00138309
1.40991 0.0013831
1.40992 0.0013831
1.40993 0.0013831
1.40995 0.0013831
1.40996 0.0013831
1.40997 0.00138311
1.40998 0.00138311
1.41 0.00138311
1.41001 0.00138311
1.41002 0.00138311
1.41003 0.00138311
1.41004 0.00138311
1.41006 0.00138311
1.42183 0.00138617
1.42184 0.00138732
1.42188 0.00138832
1.42191 0.0013892
1.42193 0.00138997
1.42195 0.00139065
1.42197 0.00139123
1.42199 0.00139175
1.422 0.0013922
1.42203 0.00139259
1.42204 0.00139294
1.42205 0.00139324
1.42206 0.00139351
1.42208 0.00139374
1.42209 0.00139394
1.4221 0.00139412
1.42211 0.00139427
1.42213 0.00139441
1.42214 0.00139453
1.42215 0.00139463
1.42216 0.00139472
1.42217 0.0013948
1.42219 0.00139487
1.4222 0.00139493
1.42221 0.00139498
1.42222 0.00139503
1.42224 0.00139507
1.42225 0.00139511
1.42226 0.00139514
1.42227 0.00139517
1.42228 0.00139519
1.4223 0.00139521
1.42231 0.00139523
1.42232 0.00139525
1.42233 0.00139526
1.42235 0.00139527
1.42236 0.00139528
1.42237 0.00139529
1.42238 0.0013953
1.42239 0.00139531
1.42241 0.00139531
1.42242 0.00139532
1.42243 0.00139532
1.42244 0.00139533
1.42246 0.00139533
1.42247 0.00139533
1.42248 0.00139534
1.42249 0.00139534
1.4225 0.00139534
1.42252 0.00139534
1.42253 0.00139535
1.42254 0.00139535
1.42255 0.00139535
1.42257 0.00139535
1.42258 0.00139535
1.42259 0.00139535
1.4226 0.00139535
1.42262 0.00139535
1.42263 0.00139535
1.4346 0.00139688
1.43461 0.00139822
1.43462 0.00139939
1.43463 0.00140042
1.43465 0.00140132
1.43466 0.0014021
1.43467 0.00140279
1.43468 0.00140339
1.4347 0.00140391
1.43471 0.00140438
1.43472 0.00140478
1.43473 0.00140513
1.43474 0.00140544
1.43476 0.00140571
1.43477 0.00140594
1.43478 0.00140615
1.43479 0.00140633
1.43481 0.00140649
1.43482 0.00140663
1.43483 0.00140675
1.43484 0.00140686
1.43486 0.00140695
1.43487 0.00140703
1.43488 0.0014071
1.43489 0.00140716
1.4349 0.00140722
1.43492 0.00140726
1.43493 0.00140731
1.43494 0.00140734
1.43495 0.00140737
1.43497 0.0014074
1.43498 0.00140743
1.43499 0.00140745
1.435 0.00140747
1.43501 0.00140748
1.43503 0.0014075
1.43504 0.00140751
1.43505 0.00140752
1.43506 0.00140753
1.43508 0.00140754
1.43509 0.00140755
1.4351 0.00140755
1.43511 0.00140756
1.43512 0.00140756
1.43514 0.00140757
1.43515 0.00140757
1.43516 0.00140757
1.43517 0.00140758
1.43519 0.00140758
1.4352 0.00140758
1.43521 0.00140758
1.43522 0.00140759
1.43523 0.00140759
1.43525 0.00140759
1.43526 0.00140759
1.43527 0.00140759
1.43528 0.00140759
1.4353 0.00140759
1.43531 0.00140759
1.43533 0.00140912
1.43534 0.00140893
1.43538 0.00140876
1.43539 0.00140862
1.43543 0.00140849
1.43545 0.00140838
1.43548 0.00140828
1.43553 0.0014082
1.43555 0.00140812
1.43558 0.00140806
1.43559 0.001408
1.43561 0.00140795
1.43564 0.0014079
1.43566 0.00140787
1.43569 0.00140783
1.43571 0.0014078
1.43575 0.00140778
1.43577 0.00140775
1.4358 0.00140773
1.43581 0.00140772
1.43585 0.0014077
1.43587 0.00140769
1.4359 0.00140768
1.43592 0.00140767
1.43593 0.00140766
1.43596 0.00140765
1.43597 0.00140764
1.43599 0.00140764
1.43601 0.00140763
1.43602 0.00140763
1.43603 0.00140762
1.43604 0.00140762
1.43605 0.00140762
1.43607 0.00140762
1.43608 0.00140761
1.43609 0.00140761
1.4361 0.00140761
1.43612 0.00140761
1.43613 0.00140761
1.43614 0.0014076
1.43615 0.0014076
1.43616 0.0014076
1.43618 0.0014076
1.43619 0.0014076
1.4362 0.0014076
1.44738 0.00140913
1.44739 0.00141047
1.4474 0.00141164
1.44741 0.00141266
1.44743 0.00141356
1.44744 0.00141435
1.44745 0.00141503
1.44746 0.00141563
1.44747 0.00141616
1.44749 0.00141662
1.4475 0.00141702
1.44751 0.00141737
1.44752 0.00141768
1.44754 0.00141795
1.44755 0.00141819
1.44756 0.00141839
1.44757 0.00141857
1.44758 0.00141873
1.4476 0.00141887
1.44761 0.00141899
1.44762 0.0014191
1.44763 0.00141919
1.44765 0.00141927
1.44766 0.00141934
1.44767 0.0014194
1.44768 0.00141946
1.44769 0.0014195
1.44771 0.00141955
1.44772 0.00141958
1.44773 0.00141961
1.44774 0.00141964
1.44776 0.00141967
1.44777 0.00141969
1.44778 0.00141971
1.44779 0.00141972
1.44781 0.00141974
1.44782 0.00141975
1.44783 0.00141976
1.44784 0.00141977
1.44785 0.00141978
1.44787 0.00141979
1.44788 0.00141979
1.44789 0.0014198
1.4479 0.0014198
1.44792 0.00141981
1.44793 0.00141981
1.44794 0.00141981
1.44795 0.00141982
1.44796 0.00141982
1.44798 0.00141982
1.448 0.00142135
1.44801 0.00142116
1.44803 0.001421
1.44806 0.00142085
1.44807 0.00142072
1.44811 0.00142061
1.44814 0.00142052
1.44816 0.00142043
1.44821 0.00142036
1.44823 0.00142029
1.44826 0.00142024
1.44827 0.00142019
1.44829 0.00142014
1.44832 0.0014201
1.44834 0.00142007
1.44837 0.00142004
1.44839 0.00142002
1.44843 0.00141999
1.44845 0.00141997
1.44848 0.00141996
1.44849 0.00141994
1.44853 0.00141993
1.44855 0.00141992
1.44858 0.00141991
1.4486 0.0014199
1.44861 0.00141989
1.44864 0.00141988
1.44865 0.00141988
1.44867 0.00141987
1.44869 0.00141987
1.4487 0.00141986
1.44871 0.00141986
1.44872 0.00141986
1.44874 0.00141986
1.44875 0.00141985
1.44876 0.00141985
1.44877 0.00141985
1.44878 0.00141985
1.4488 0.00141985
1.44881 0.00141984
1.44882 0.00141984
1.44883 0.00141984
1.44885 0.00141984
1.44886 0.00141984
1.44887 0.00141984
1.46022 0.00142137
1.46023 0.00142271
1.46024 0.00142388
1.46025 0.0014249
1.46027 0.0014258
1.46028 0.00142658
1.46029 0.00142727
1.4603 0.00142787
1.46031 0.0014284
1.46033 0.00142886
1.46034 0.00142926
1.46035 0.00142961
1.46036 0.00142992
1.46038 0.00143019
1.46039 0.00143043
1.4604 0.00143063
1.46041 0.00143081
1.46042 0.00143097
1.46044 0.00143111
1.46045 0.00143123
1.46046 0.00143134
1.46047 0.00143143
1.46049 0.00143151
1.4605 0.00143158
1.46051 0.00143164
1.46052 0.0014317
1.46053 0.00143174
1.46055 0.00143179
1.46056 0.00143182
1.46057 0.00143185
1.46058 0.00143188
1.4606 0.00143191
1.46061 0.00143193
1.46062 0.00143195
1.46063 0.00143196
1.46064 0.00143198
1.46066 0.00143199
1.46067 0.001432
1.46068 0.00143201
1.46069 0.00143202
1.46071 0.00143202
1.46072 0.00143203
1.46073 0.00143204
1.46074 0.00143204
1.46075 0.00143205
1.46078 0.00143358
1.46079 0.00143339
1.4608 0.00143323
1.46082 0.00143308
1.46085 0.00143296
1.46087 0.00143285
1.4609 0.00143275
1.46093 0.00143267
1.46095 0.00143259
1.461 0.00143253
1.46102 0.00143247
1.46105 0.00143242
1.46106 0.00143238
1.46109 0.00143234
1.46111 0.00143231
1.46113 0.00143228
1.46116 0.00143225
1.46118 0.00143223
1.46122 0.00143221
1.46124 0.0014322
1.46127 0.00143218
1.46128 0.00143217
1.46132 0.00143216
1.46134 0.00143215
1.46137 0.00143214
1.46139 0.00143213
1.4614 0.00143212
1.46143 0.00143212
1.46144 0.00143211
1.46146 0.00143211
1.46148 0.0014321
1.46149 0.0014321
1.4615 0.0014321
1.46151 0.00143209
1.46153 0.00143209
1.46154 0.00143209
1.46155 0.00143209
1.46156 0.00143209
1.46158 0.00143209
1.46159 0.00143209
1.4616 0.00143208
1.46161 0.00143208
1.46162 0.00143208
1.46164 0.00143208
1.46165 0.00143208
1.50233 0.00143361
1.50236 0.00143648
1.50238 0.00144052
1.50243 0.00144558
1.50246 0.00145155
1.50249 0.00145676
1.50252 0.00146132
1.50254 0.00146532
1.50259 0.00146881
1.50263 0.0014734
1.50266 0.00147895
1.50268 0.0014838
1.5027 0.00148804
1.50273 0.00149176
1.50275 0.00149501
1.50277 0.00149785
1.5028 0.00150034
1.50284 0.00150251
1.50286 0.00150442
1.50289 0.00150609
1.5029 0.00150755
1.50293 0.00150882
1.50296 0.00150994
1.50298 0.00151092
1.50301 0.00151177
1.50302 0.00151252
1.50304 0.00151317
1.50306 0.00151375
1.50308 0.00151425
1.50311 0.00151622
1.50312 0.00151794
1.50313 0.00151945
1.50314 0.00152076
1.50315 0.00152192
1.50317 0.00152293
1.50318 0.00152381
1.50319 0.00152458
1.5032 0.00152526
1.50322 0.00152585
1.50323 0.00152637
1.50324 0.00152682
1.50325 0.00152722
1.50326 0.00152757
1.50328 0.00152787
1.50329 0.00152814
1.5033 0.00152837
1.50331 0.00152857
1.50333 0.00152875
1.50334 0.00152891
1.50335 0.00152904
1.50336 0.00152916
1.50337 0.00152927
1.50339 0.00152936
1.5034 0.00152944
1.50341 0.00152951
1.50342 0.00152957
1.50344 0.00152962
1.50345 0.00152967
1.50346 0.00152971
1.50347 0.00152975
1.50348 0.00152978
1.5035 0.0015298
1.50351 0.00152983
1.50352 0.00152985
1.50353 0.00152987
1.50355 0.00152988
1.50356 0.0015299
1.50357 0.00152991
1.50358 0.00152992
1.50359 0.00152993
1.50361 0.00152994
1.50362 0.00152995
1.50363 0.00152995
1.50364 0.00152996
1.50366 0.00152996
1.50367 0.00152997
1.50368 0.00152997
1.50369 0.00152997
1.50371 0.00152998
1.50372 0.00152998
1.50373 0.00152998
1.50374 0.00152998
1.50375 0.00152998
1.50377 0.00152999
1.50378 0.00152999
1.50379 0.00152999
1.5038 0.00152999
1.50382 0.00152999
1.50384 0.00152999
1.50386 0.00152999
1.50389 0.00152999
