0.0 0
1.00047 0.000467321
1.00097 0.000471227
1.00099 0.000477705
1.00146 0.000480237
1.00149 0.000485513
1.00151 0.000490129
1.00154 0.000497228
1.00196 0.00049732
1.00199 0.000500461
1.00201 0.000503209
1.00204 0.000508673
1.00206 0.000513454
1.00208 0.000520698
1.00211 0.000527036
1.00213 0.000535642
1.00246 0.000530932
1.00248 0.000529871
1.00251 0.000528943
1.00253 0.000531191
1.00256 0.000533158
1.00258 0.000537939
1.00261 0.000542122
1.00263 0.000548842
1.00266 0.000554722
1.00268 0.000562927
1.0027 0.000570107
1.00273 0.000579449
1.00275 0.000587623
1.00278 0.000597836
1.0028 0.000606772
1.00283 0.000617651
1.00296 0.00060269
1.00298 0.000589599
1.00301 0.000578145
1.00303 0.000568122
1.00306 0.000559352
1.00308 0.000551679
1.0031 0.000544965
1.00313 0.00053909
1.00315 0.000533949
1.00318 0.000529451
1.0032 0.000525515
1.00323 0.000522071
1.00325 0.000519058
1.00328 0.000516421
1.0033 0.000514114
1.00332 0.000512095
1.00346 0.000510329
1.00348 0.000508783
1.0035 0.000507431
1.00353 0.000506248
1.00355 0.000508273
1.00358 0.000510044
1.0036 0.000511594
1.00363 0.00051295
1.00365 0.000514137
1.00368 0.000515175
1.0037 0.000516084
1.00373 0.000516879
1.00375 0.000517575
1.00377 0.000518184
1.0038 0.000518717
1.00382 0.000519183
1.00385 0.000519591
1.00395 0.000516888
1.00398 0.000514523
1.004 0.000512453
1.00403 0.000510642
1.00405 0.000509057
1.00408 0.00050767
1.0041 0.000506457
1.00413 0.000505395
1.00415 0.000507526
1.00417 0.000509391
1.0042 0.000511023
1.00422 0.000512451
1.00425 0.0005137
1.00427 0.000514793
1.0043 0.000515749
1.00432 0.000516586
1.00435 0.000517318
1.00437 0.000517959
1.00445 0.00051546
1.00448 0.000513273
1.0045 0.000511359
1.00453 0.000509685
1.00455 0.00050822
1.00457 0.000506938
1.0046 0.000505816
1.00462 0.000504835
1.00465 0.000503976
1.00467 0.000503225
1.0047 0.000502567
1.00472 0.000505052
1.00475 0.000507226
1.00477 0.000509128
1.00479 0.000510793
1.00482 0.000512249
1.00484 0.000513523
1.00487 0.000514638
1.00489 0.000515614
1.00495 0.000513408
1.00497 0.000511478
1.005 0.000509789
1.00502 0.000508311
1.00505 0.000507018
1.00507 0.000505886
1.0051 0.000504896
1.00512 0.00050403
1.00515 0.000503272
1.00517 0.000502609
1.00519 0.000502028
1.00522 0.00050152
1.00524 0.000501076
1.00527 0.000503747
1.00529 0.000506084
1.00532 0.000508129
1.00534 0.000509918
1.00537 0.000511484
1.00539 0.000512854
1.00541 0.000514053
1.00545 0.000512042
1.00547 0.000510282
1.0055 0.000508742
1.00552 0.000507395
1.00555 0.000506216
1.00557 0.000505185
1.00559 0.000504282
1.00562 0.000503492
1.00564 0.000502801
1.00567 0.000502196
1.00569 0.000501667
1.00572 0.000501204
1.00574 0.000500799
1.00577 0.000500445
1.00579 0.000503195
1.00581 0.000505601
1.00584 0.000507706
1.00586 0.000509548
1.00589 0.00051116
1.00591 0.000512571
1.00594 0.000513805
1.00596 0.000513839
1.00599 0.000513869
1.00601 0.000513895
1.00604 0.000513918
1.00606 0.000513938
1.00608 0.000513955
1.00611 0.00051397
1.00613 0.000513983
1.00616 0.000513995
1.00618 0.000514005
1.00621 0.000514014
1.00623 0.000514022
1.00626 0.000514029
1.00628 0.000514035
1.0063 0.0005171
1.00633 0.000519782
1.00635 0.000522129
1.00638 0.000524182
1.0064 0.000525979
1.00643 0.000527551
1.00645 0.000528927
1.00648 0.000530131
1.0065 0.000531184
1.00652 0.000532106
1.00655 0.000532912
1.00657 0.000533618
1.0066 0.000534235
1.00662 0.000534775
1.00665 0.000535248
1.00667 0.000535662
1.0067 0.000536024
1.00672 0.000536341
1.00675 0.000536618
1.00677 0.00053686
1.00679 0.000537072
1.00682 0.000540318
1.00684 0.000543158
1.00687 0.000545643
1.00689 0.000547817
1.00692 0.000549719
1.00694 0.000551384
1.00697 0.000552841
1.00699 0.000554115
1.00701 0.00055523
1.00704 0.000556206
1.00706 0.00055706
1.00709 0.000557807
1.00711 0.000558461
1.00714 0.000559033
1.00716 0.000559533
1.00719 0.000559971
1.00721 0.000560354
1.00723 0.000560689
1.00726 0.000560982
1.00728 0.000561239
1.00731 0.000561464
1.00733 0.000564721
1.00736 0.00056757
1.00738 0.000570063
1.00741 0.000572245
1.00743 0.000574154
1.00745 0.000575824
1.00748 0.000577286
1.0075 0.000578565
1.00753 0.000579684
1.00755 0.000580663
1.00758 0.00058152
1.0076 0.00058227
1.00763 0.000582926
1.00765 0.0005835
1.00768 0.000584002
1.0077 0.000584441
1.00772 0.000584825
1.00775 0.000585161
1.00777 0.000585455
1.0078 0.000585713
1.00782 0.000585938
1.00785 0.000589195
1.00787 0.000592045
1.0079 0.000594539
1.00792 0.000596721
1.00794 0.00059863
1.00797 0.000600301
1.00799 0.000601763
1.00802 0.000603042
1.00804 0.000604161
1.00807 0.00060514
1.00809 0.000605997
1.00812 0.000606747
1.00814 0.000607403
1.00816 0.000607977
1.00819 0.000608479
1.00821 0.000608919
1.00824 0.000609304
1.00826 0.000609641
1.00829 0.000609935
1.00831 0.000610193
1.00834 0.000610418
1.00836 0.000613675
1.00839 0.000616525
1.00841 0.000619019
1.00843 0.000621201
1.00846 0.00062311
1.00848 0.000624781
1.00851 0.000626243
1.00853 0.000627522
1.00856 0.000628641
1.00858 0.00062962
1.00861 0.000630477
1.00863 0.000631227
1.00865 0.000631883
1.00868 0.000632457
1.0087 0.000632959
1.00873 0.000633399
1.00875 0.000633784
1.00878 0.000634121
1.0088 0.000634415
1.00883 0.000634673
1.00885 0.000634898
1.00887 0.000638155
1.0089 0.000641005
1.00892 0.000643499
1.00895 0.000645681
1.00897 0.00064759
1.009 0.000649261
1.00902 0.000650723
1.00905 0.000652002
1.00907 0.000653121
1.0091 0.0006541
1.00912 0.000654957
1.00914 0.000655707
1.00917 0.000656363
1.00919 0.000656937
1.00922 0.000657439
1.00924 0.000657879
1.00927 0.000658264
1.00929 0.000658601
1.00932 0.000658895
1.00934 0.000659153
1.00936 0.000659378
1.00939 0.000662635
1.00941 0.000665485
1.00944 0.000667979
1.00946 0.000670161
1.00949 0.00067207
1.00951 0.000673741
1.00954 0.000675203
1.00956 0.000676482
1.00958 0.000677601
1.00961 0.00067858
1.00963 0.000679437
1.00966 0.000680187
1.00968 0.000680843
1.00971 0.000681417
1.00973 0.000681919
1.00976 0.000682359
1.00978 0.000682744
1.00981 0.000683081
1.00983 0.000683375
1.00985 0.000683633
1.00988 0.000683858
1.0099 0.000687115
1.00993 0.000689965
1.00995 0.000692459
1.00998 0.000694641
1.01 0.00069655
1.01003 0.000698221
1.01005 0.000699683
1.01007 0.000700962
1.0101 0.000702081
1.01012 0.00070306
1.01015 0.000703917
1.01017 0.000704667
1.0102 0.000705323
1.01022 0.000705897
1.01025 0.000706399
1.01027 0.000706839
1.01029 0.000707224
1.01032 0.000707561
1.01034 0.000707855
1.01037 0.000708113
1.01039 0.000708338
1.01042 0.000711595
1.01044 0.000714445
1.01047 0.000716939
1.01049 0.000719121
1.01051 0.00072103
1.01054 0.000722701
1.01056 0.000724163
1.01059 0.000725442
1.01061 0.000726561
1.01064 0.00072754
1.01066 0.000728397
1.01069 0.000729147
1.01071 0.000729803
1.01074 0.000730377
1.01076 0.000730879
1.01078 0.000731319
1.01081 0.000731704
1.01083 0.000732041
1.01086 0.000732335
1.01088 0.000732593
1.01091 0.000732818
1.01093 0.000736075
1.01096 0.000738925
1.01098 0.000741419
1.011 0.000743601
1.01103 0.00074551
1.01105 0.000747181
1.01108 0.000748643
1.0111 0.000749922
1.01113 0.000751041
1.01115 0.00075202
1.01118 0.000752877
1.0112 0.000753627
1.01122 0.000754283
1.01125 0.000754857
1.01127 0.000755359
1.0113 0.000755799
1.01132 0.000756184
1.01135 0.000756521
1.01137 0.000756815
1.0114 0.000757073
1.01142 0.000757298
1.01145 0.000760555
1.01147 0.000763405
1.01149 0.000765899
1.01152 0.000768081
1.01154 0.00076999
1.01157 0.000771661
1.01159 0.000773123
1.01162 0.000774402
1.01164 0.000775521
1.01167 0.0007765
1.01169 0.000777357
1.01171 0.000778107
1.01174 0.000778763
1.01176 0.000779337
1.01179 0.000779839
1.01181 0.000780279
1.01184 0.000780664
1.01186 0.000781001
1.01189 0.000781295
1.01191 0.000781553
1.01193 0.000781778
1.01196 0.000785035
1.01198 0.000787885
1.01201 0.000790379
1.01203 0.000792561
1.01206 0.00079447
1.01208 0.000796141
1.01211 0.000797603
1.01213 0.000798882
1.01216 0.000800001
1.01218 0.00080098
1.0122 0.000801837
1.01223 0.000802587
1.01225 0.000803243
1.01228 0.000803817
1.0123 0.000804319
1.01233 0.000804759
1.01235 0.000805144
1.01238 0.000805481
1.0124 0.000805775
1.01242 0.000806033
1.01245 0.000806258
1.01247 0.000809515
1.0125 0.000812365
1.01252 0.000814859
1.01255 0.000817041
1.01257 0.00081895
1.0126 0.000820621
1.01262 0.000822083
1.01264 0.000823362
1.01267 0.000824481
1.01269 0.00082546
1.01272 0.000826317
1.01274 0.000827067
1.01277 0.000827723
1.01279 0.000828297
1.01282 0.000828799
1.01284 0.000829239
1.01287 0.000829624
1.01289 0.000829961
1.01291 0.000830255
1.01294 0.000830513
1.01296 0.000830738
1.01299 0.000833995
1.01301 0.000836845
1.01304 0.000839339
1.01306 0.000841521
1.01309 0.00084343
1.01311 0.000845101
1.01313 0.000846563
1.01316 0.000847842
1.01318 0.000848961
1.01321 0.00084994
1.01323 0.000850797
1.01326 0.000851547
1.01328 0.000852203
1.01331 0.000852777
1.01333 0.000853279
1.01335 0.000853719
1.01338 0.000854104
1.0134 0.000854441
1.01343 0.000854735
1.01345 0.000854993
1.01348 0.000855218
1.0135 0.000858475
1.01353 0.000861325
1.01355 0.000863819
1.01357 0.000866001
1.0136 0.00086791
1.01362 0.000869581
1.01365 0.000871043
1.01367 0.000872322
1.0137 0.000873441
1.01372 0.00087442
1.01375 0.000875277
1.01377 0.000876027
1.0138 0.000876683
1.01382 0.000877257
1.01384 0.000877759
1.01387 0.000878199
1.01389 0.000878584
1.01392 0.000878921
1.01394 0.000879215
1.01397 0.000879473
1.01399 0.000879698
1.01402 0.000882955
1.01404 0.000885805
1.01406 0.000888299
1.01409 0.000890481
1.01411 0.00089239
1.01414 0.000894061
1.01416 0.000895523
1.01419 0.000896802
1.01421 0.000897921
1.01424 0.0008989
1.01426 0.000899757
1.01428 0.000900507
1.01431 0.000901163
1.01433 0.000901737
1.01436 0.000902239
1.01438 0.000902679
1.01441 0.000903064
1.01443 0.000903401
1.01446 0.000903695
1.01448 0.000903953
1.01451 0.000904178
1.01453 0.000907435
1.01455 0.000910285
1.01458 0.000912779
1.0146 0.000914961
1.01463 0.00091687
1.01465 0.000918541
1.01468 0.000920003
1.0147 0.000921282
1.01473 0.000922401
1.01475 0.00092338
1.01477 0.000924237
1.0148 0.000924987
1.01482 0.000925643
1.01485 0.000926217
1.01487 0.000926719
1.0149 0.000927159
1.01492 0.000927544
1.01495 0.000927881
1.01497 0.000928175
1.01499 0.000928433
1.01502 0.000928658
1.01504 0.000931915
1.01507 0.000934765
1.01509 0.000937259
1.01512 0.000939441
1.01514 0.00094135
1.01517 0.000943021
1.01519 0.000944483
1.01522 0.000945762
1.01524 0.000946881
1.01526 0.00094786
1.01529 0.000948717
1.01531 0.000949467
1.01534 0.000950123
1.01536 0.000950697
1.01539 0.000951199
1.01541 0.000951639
1.01544 0.000952024
1.01546 0.000952361
1.01548 0.000952655
1.01551 0.000952913
1.01553 0.000953138
1.01556 0.000956395
1.01558 0.000959245
1.01561 0.000961739
1.01563 0.000963921
1.01566 0.00096583
1.01568 0.000967501
1.0157 0.000968963
1.01573 0.000970242
1.01575 0.000971361
1.01578 0.00097234
1.0158 0.000973197
1.01583 0.000973947
1.01585 0.000974603
1.01588 0.000975177
1.0159 0.000975679
1.01593 0.000976119
1.01595 0.000976504
1.01597 0.000976841
1.016 0.000977135
1.01602 0.000977393
1.01605 0.000977618
1.01607 0.000980875
1.0161 0.000983725
1.01612 0.000986219
1.01615 0.000988401
1.01617 0.00099031
1.01619 0.000991981
1.01622 0.000993443
1.01624 0.000994722
1.01627 0.000995841
1.01629 0.00099682
1.01632 0.000997677
1.01634 0.000998427
1.01637 0.000999083
1.01639 0.000999657
1.01641 0.00100016
1.01644 0.0010006
1.01646 0.00100098
1.01649 0.00100132
1.01651 0.00100161
1.01654 0.00100187
1.01656 0.0010021
1.01659 0.00100535
1.01661 0.0010082
1.01663 0.0010107
1.01666 0.00101288
1.01668 0.00101479
1.01671 0.00101646
1.01673 0.00101792
1.01676 0.0010192
1.01678 0.00102032
1.01681 0.0010213
1.01683 0.00102216
1.01686 0.00102291
1.01688 0.00102356
1.0169 0.00102414
1.01693 0.00102464
1.01695 0.00102508
1.01698 0.00102546
1.017 0.0010258
1.01703 0.00102609
1.01705 0.00102635
1.01708 0.00102658
1.0171 0.00102983
1.01712 0.00103268
1.01715 0.00103518
1.01717 0.00103736
1.0172 0.00103927
1.01722 0.00104094
1.01725 0.0010424
1.01727 0.00104368
1.0173 0.0010448
1.01732 0.00104578
1.01734 0.00104664
1.01737 0.00104739
1.01739 0.00104804
1.01742 0.00104862
1.01744 0.00104912
1.01747 0.00104956
1.01749 0.00104994
1.01752 0.00105028
1.01754 0.00105057
1.01757 0.00105083
1.01759 0.00105106
1.01761 0.00105431
1.01764 0.00105717
1.01766 0.00105966
1.01769 0.00106184
1.01771 0.00106375
1.01774 0.00106542
1.01776 0.00106688
1.01779 0.00106816
1.01781 0.00106928
1.01783 0.00107026
1.01786 0.00107112
1.01788 0.00107187
1.01791 0.00107252
1.01793 0.0010731
1.01796 0.0010736
1.01798 0.00107404
1.01801 0.00107442
1.01803 0.00107476
1.01805 0.00107506
1.01808 0.00107531
1.0181 0.00107554
1.01813 0.0010788
1.01815 0.00108165
1.01818 0.00108414
1.0182 0.00108632
1.01823 0.00108823
1.01825 0.0010899
1.01828 0.00109136
1.0183 0.00109264
1.01832 0.00109376
1.01835 0.00109474
1.01837 0.0010956
1.0184 0.00109635
1.01842 0.001097
1.01845 0.00109758
1.01847 0.00109808
1.0185 0.00109852
1.01852 0.0010989
1.01854 0.00109924
1.01857 0.00109954
1.01859 0.00109979
1.01862 0.00110002
1.01864 0.00110327
1.01867 0.00110612
1.01869 0.00110862
1.01872 0.0011108
1.01874 0.00111271
1.01876 0.00111438
1.01879 0.00111584
1.01881 0.00111712
1.01884 0.00111824
1.01886 0.00111922
1.01889 0.00112008
1.01891 0.00112083
1.01894 0.00112148
1.01896 0.00112206
1.01899 0.00112256
1.01901 0.001123
1.01903 0.00112338
1.01906 0.00112372
1.01908 0.00112401
1.01911 0.00112427
1.01913 0.0011245
1.01916 0.00112776
1.01918 0.00113061
1.01921 0.0011331
1.01923 0.00113528
1.01925 0.00113719
1.01928 0.00113886
1.0193 0.00114032
1.01933 0.0011416
1.01935 0.00114272
1.01938 0.0011437
1.0194 0.00114456
1.01943 0.00114531
1.01945 0.00114596
1.01947 0.00114654
1.0195 0.00114704
1.01952 0.00114748
1.01955 0.00114786
1.01957 0.0011482
1.0196 0.0011485
1.01962 0.00114875
1.01965 0.00114898
1.01967 0.00115223
1.01969 0.00115508
1.01972 0.00115758
1.01974 0.00115976
1.01977 0.00116167
1.01979 0.00116334
1.01982 0.0011648
1.01984 0.00116608
1.01987 0.0011672
1.01989 0.00116818
1.01992 0.00116904
1.01994 0.00116979
1.01996 0.00117044
1.01999 0.00117102
1.02001 0.00117152
1.02004 0.00117196
1.02006 0.00117234
1.02009 0.00117268
1.02011 0.00117297
1.02014 0.00117323
1.02016 0.00117346
1.02018 0.00117672
1.02021 0.00117957
1.02023 0.00118206
1.02026 0.00118424
1.02028 0.00118615
1.02031 0.00118782
1.02033 0.00118928
1.02036 0.00119056
1.02038 0.00119168
1.0204 0.00119266
1.02043 0.00119352
1.02045 0.00119427
1.02048 0.00119492
1.0205 0.0011955
1.02053 0.001196
1.02055 0.00119644
1.02058 0.00119682
1.0206 0.00119716
1.02063 0.00119746
1.02065 0.00119771
1.02067 0.00119794
1.0207 0.00120119
1.02072 0.00120404
1.02075 0.00120654
1.02077 0.00120872
1.0208 0.00121063
1.02082 0.0012123
1.02085 0.00121376
1.02087 0.00121504
1.02089 0.00121616
1.02092 0.00121714
1.02094 0.001218
1.02097 0.00121875
1.02099 0.0012194
1.02102 0.00121998
1.02104 0.00122048
1.02107 0.00122092
1.02109 0.0012213
1.02111 0.00122164
1.02114 0.00122193
1.02116 0.00122219
1.02119 0.00122242
1.02121 0.00122567
1.02124 0.00122852
1.02126 0.00123102
1.02129 0.0012332
1.02131 0.00123511
1.02134 0.00123678
1.02136 0.00123824
1.02138 0.00123952
1.02141 0.00124064
1.02143 0.00124162
1.02146 0.00124248
1.02148 0.00124323
1.02151 0.00124388
1.02153 0.00124446
1.02156 0.00124496
1.02158 0.0012454
1.0216 0.00124578
1.02163 0.00124612
1.02165 0.00124641
1.02168 0.00124667
1.0217 0.0012469
1.02173 0.00125015
1.02175 0.001253
1.02178 0.0012555
1.0218 0.00125768
1.02182 0.00125959
1.02185 0.00126126
1.02187 0.00126272
1.0219 0.001264
1.02192 0.00126512
1.02195 0.0012661
1.02197 0.00126696
1.022 0.00126771
1.02202 0.00126836
1.02205 0.00126894
1.02207 0.00126944
1.02209 0.00126988
1.02212 0.00127026
1.02214 0.0012706
1.02217 0.00127089
1.02219 0.00127115
1.02222 0.00127138
1.02224 0.00127464
1.02227 0.00127749
1.02229 0.00127998
1.02231 0.00128216
1.02234 0.00128407
1.02236 0.00128574
1.02239 0.0012872
1.02241 0.00128848
1.02244 0.0012896
1.02246 0.00129058
1.02249 0.00129144
1.02251 0.00129219
1.02253 0.00129284
1.02256 0.00129342
1.02258 0.00129392
1.02261 0.00129436
1.02263 0.00129474
1.02266 0.00129508
1.02268 0.00129538
1.02271 0.00129563
1.02273 0.00129586
1.02275 0.00129911
1.02278 0.00130196
1.0228 0.00130446
1.02283 0.00130664
1.02285 0.00130855
1.02288 0.00131022
1.0229 0.00131168
1.02293 0.00131296
1.02295 0.00131408
1.02298 0.00131506
1.023 0.00131592
1.02302 0.00131667
1.02305 0.00131732
1.02307 0.0013179
1.0231 0.0013184
1.02312 0.00131884
1.02315 0.00131922
1.02317 0.00131956
1.0232 0.00131985
1.02322 0.00132011
1.02324 0.00132034
1.02327 0.00132359
1.02329 0.00132644
1.02332 0.00132894
1.02334 0.00133112
1.02337 0.00133303
1.02339 0.0013347
1.02342 0.00133616
1.02344 0.00133744
1.02346 0.00133856
1.02349 0.00133954
1.02351 0.0013404
1.02354 0.00134115
1.02356 0.0013418
1.02359 0.00134238
1.02361 0.00134288
1.02364 0.00134332
1.02366 0.0013437
1.02369 0.00134404
1.02371 0.00134433
1.02373 0.00134459
1.02376 0.00134482
1.02378 0.00134808
1.02381 0.00135092
1.02383 0.00135342
1.02386 0.0013556
1.02388 0.00135751
1.02391 0.00135918
1.02393 0.00136064
1.02395 0.00136192
1.02398 0.00136304
1.024 0.00136402
1.02403 0.00136488
1.02405 0.00136563
1.02408 0.00136628
1.0241 0.00136686
1.02413 0.00136736
1.02415 0.0013678
1.02417 0.00136818
1.0242 0.00136852
1.02422 0.00136882
1.02425 0.00136907
1.02427 0.0013693
1.0243 0.00137255
1.02432 0.0013754
1.02435 0.0013779
1.02437 0.00138008
1.0244 0.00138199
1.02442 0.00138366
1.02444 0.00138512
1.02447 0.0013864
1.02449 0.00138752
1.02452 0.0013885
1.02454 0.00138936
1.02457 0.00139011
1.02459 0.00139076
1.02462 0.00139134
1.02464 0.00139184
1.02466 0.00139228
1.02469 0.00139266
1.02471 0.001393
1.02474 0.00139329
1.02476 0.00139355
1.02479 0.00139378
1.02481 0.00139704
1.02484 0.00139989
1.02486 0.00140238
1.02488 0.00140456
1.02491 0.00140647
1.02493 0.00140814
1.02496 0.0014096
1.02498 0.00141088
1.02501 0.001412
1.02503 0.00141298
1.02506 0.00141384
1.02508 0.00141459
1.02511 0.00141524
1.02513 0.00141582
1.02515 0.00141632
1.02518 0.00141676
1.0252 0.00141714
1.02523 0.00141748
1.02525 0.00141778
1.02528 0.00141803
1.0253 0.00141826
1.02533 0.00142151
1.02535 0.00142436
1.02537 0.00142686
1.0254 0.00142904
1.02542 0.00143095
1.02545 0.00143262
1.02547 0.00143408
1.0255 0.00143536
1.02552 0.00143648
1.02555 0.00143746
1.02557 0.00143832
1.02559 0.00143907
1.02562 0.00143972
1.02564 0.0014403
1.02567 0.0014408
1.02569 0.00144124
1.02572 0.00144162
1.02574 0.00144196
1.02577 0.00144225
1.02579 0.00144251
1.02581 0.00144274
1.02584 0.001446
1.02586 0.00144885
1.02589 0.00145134
1.02591 0.00145352
1.02594 0.00145543
1.02596 0.0014571
1.02599 0.00145856
1.02601 0.00145984
1.02604 0.00146096
1.02606 0.00146194
1.02608 0.0014628
1.02611 0.00146355
1.02613 0.0014642
1.02616 0.00146478
1.02618 0.00146528
1.02621 0.00146572
1.02623 0.0014661
1.02626 0.00146644
1.02628 0.00146674
1.0263 0.00146699
1.02633 0.00146722
1.02635 0.00147047
1.02638 0.00147332
1.0264 0.00147582
1.02643 0.001478
1.02645 0.00147991
1.02648 0.00148158
1.0265 0.00148304
1.02652 0.00148432
1.02655 0.00148544
1.02657 0.00148642
1.0266 0.00148728
1.02662 0.00148803
1.02665 0.00148868
1.02667 0.00148926
1.0267 0.00148976
1.02672 0.0014902
1.02675 0.00149058
1.02677 0.00149092
1.02679 0.00149121
1.02682 0.00149147
1.02684 0.0014917
1.02687 0.00149496
1.02689 0.00149781
1.02692 0.0015003
1.02694 0.00150248
1.02697 0.00150439
1.02699 0.00150606
1.02701 0.00150752
1.02704 0.0015088
1.02706 0.00150992
1.02709 0.0015109
1.02711 0.00151176
1.02714 0.00151251
1.02716 0.00151316
1.02719 0.00151374
1.02721 0.00151424
1.02723 0.00151468
1.02726 0.00151506
1.02728 0.0015154
1.02731 0.0015157
1.02733 0.00151595
1.02736 0.00151618
1.02738 0.00151943
1.02741 0.00152228
1.02743 0.00152478
1.02746 0.00152696
1.02748 0.00152887
1.0275 0.00153054
1.02753 0.001532
1.02755 0.00153328
1.02758 0.0015344
1.0276 0.00153538
1.02763 0.00153624
1.02765 0.00153699
1.02768 0.00153764
1.0277 0.00153822
1.02772 0.00153872
1.02775 0.00153916
1.02777 0.00153954
1.0278 0.00153988
1.02782 0.00154017
1.02785 0.00154043
1.02787 0.00154066
1.0279 0.00154391
1.02792 0.00154676
1.02794 0.00154926
1.02797 0.00155144
1.02799 0.00155335
1.02802 0.00155502
1.02804 0.00155648
1.02807 0.00155776
1.02809 0.00155888
1.02812 0.00155986
1.02814 0.00156072
1.02817 0.00156147
1.02819 0.00156212
1.02821 0.0015627
1.02824 0.0015632
1.02826 0.00156364
1.02829 0.00156402
1.02831 0.00156436
1.02834 0.00156465
1.02836 0.00156491
1.02839 0.00156514
1.02841 0.00156839
1.02843 0.00157124
1.02846 0.00157374
1.02848 0.00157592
1.02851 0.00157783
1.02853 0.0015795
1.02856 0.00158096
1.02858 0.00158224
1.02861 0.00158336
1.02863 0.00158434
1.02865 0.0015852
1.02868 0.00158595
1.0287 0.0015866
1.02873 0.00158718
1.02875 0.00158768
1.02878 0.00158812
1.0288 0.0015885
1.02883 0.00158884
1.02885 0.00158913
1.02887 0.00158939
1.0289 0.00158962
1.02892 0.00159288
1.02895 0.00159573
1.02897 0.00159822
1.029 0.0016004
1.02902 0.00160231
1.02905 0.00160398
1.02907 0.00160544
1.0291 0.00160672
1.02912 0.00160784
1.02914 0.00160882
1.02917 0.00160968
1.02919 0.00161043
1.02922 0.00161108
1.02924 0.00161166
1.02927 0.00161216
1.02929 0.0016126
1.02932 0.00161298
1.02934 0.00161332
1.02936 0.00161362
1.02939 0.00161387
1.02941 0.0016141
1.02944 0.00161736
1.02946 0.0016202
1.02949 0.0016227
1.02951 0.00162488
1.02954 0.00162679
1.02956 0.00162846
1.02958 0.00162992
1.02961 0.0016312
1.02963 0.00163232
1.02966 0.0016333
1.02968 0.00163416
1.02971 0.00163491
1.02973 0.00163556
1.02976 0.00163614
1.02978 0.00163664
1.02981 0.00163708
1.02983 0.00163746
1.02985 0.0016378
1.02988 0.0016381
1.0299 0.00163835
1.02993 0.00163858
1.02995 0.00164183
1.02998 0.00164468
1.03 0.00164718
1.03003 0.00164936
1.03005 0.00165127
1.03007 0.00165294
1.0301 0.0016544
1.03012 0.00165568
1.03015 0.0016568
1.03017 0.00165778
1.0302 0.00165864
1.03022 0.00165939
1.03025 0.00166004
1.03027 0.00166062
1.03029 0.00166112
1.03032 0.00166156
1.03034 0.00166194
1.03037 0.00166228
1.03039 0.00166257
1.03042 0.00166283
1.03044 0.00166306
1.03047 0.00166632
1.03049 0.00166917
1.03052 0.00167166
1.03054 0.00167384
1.03056 0.00167575
1.03059 0.00167742
1.03061 0.00167888
1.03064 0.00168016
1.03066 0.00168128
1.03069 0.00168226
1.03071 0.00168312
1.03074 0.00168387
1.03076 0.00168452
1.03078 0.0016851
1.03081 0.0016856
1.03083 0.00168604
1.03086 0.00168642
1.03088 0.00168676
1.03091 0.00168706
1.03093 0.00168731
1.03096 0.00168754
1.03098 0.00169079
1.031 0.00169364
1.03103 0.00169614
1.03105 0.00169832
1.03108 0.00170023
1.0311 0.0017019
1.03113 0.00170336
1.03115 0.00170464
1.03118 0.00170576
1.0312 0.00170674
1.03123 0.0017076
1.03125 0.00170835
1.03127 0.001709
1.0313 0.00170958
1.03132 0.00171008
1.03135 0.00171052
1.03137 0.0017109
1.0314 0.00171124
1.03142 0.00171153
1.03145 0.00171179
1.03147 0.00171202
1.03481 0.00168918
1.03488 0.00167227
1.03491 0.00165748
1.03496 0.00164454
1.03498 0.00163322
1.03502 0.00162331
1.03504 0.00161464
1.03509 0.00160858
1.03512 0.00160328
1.03515 0.00159865
1.03522 0.00159459
1.03524 0.00159104
1.03528 0.00158793
1.0353 0.00158524
1.03533 0.00158594
1.03535 0.00158962
1.03536 0.00159436
1.03539 0.00160157
1.03541 0.00161094
1.03542 0.00161608
1.03545 0.00161905
1.03547 0.00162012
1.03561 0.00161493
1.03567 0.00161042
1.03569 0.00160953
1.0357 0.00161028
1.03573 0.00161399
1.03575 0.00162031
1.03577 0.00162736
1.03579 0.00163659
1.03582 0.00164773
1.03584 0.00166053
1.03586 0.0016748
1.03589 0.00169034
1.03591 0.001707
1.03605 0.00169251
1.0361 0.00167984
1.03612 0.00167182
1.03613 0.00166633
1.03616 0.00166459
1.03617 0.0016646
1.03619 0.00166766
1.03621 0.00167187
1.03623 0.00167862
1.03624 0.00168605
1.03627 0.00169561
1.03629 0.00170704
1.0363 0.00171857
1.03633 0.00173172
1.03644 0.00171875
1.03649 0.00170433
1.03651 0.00169172
1.03656 0.00168068
1.03659 0.00167103
1.03662 0.00166258
1.03665 0.00165519
1.0367 0.00164872
1.03673 0.00164459
1.03677 0.00164097
1.03683 0.00163781
1.03686 0.00163504
1.03689 0.00163262
1.03692 0.0016305
1.03694 0.00163171
1.03695 0.00163124
1.03698 0.00163082
1.03699 0.00163046
1.03701 0.00163014
1.03704 0.00162986
1.03705 0.00162962
1.03708 0.00162941
1.0371 0.00162922
1.03723 0.00162906
1.03731 0.00163044
1.03733 0.00163166
1.03735 0.00163272
1.03737 0.00163365
1.03739 0.00163446
1.03741 0.00163517
1.03743 0.0016358
1.03746 0.00163634
1.03748 0.00163682
1.0375 0.00163724
1.03753 0.0016376
1.03755 0.00163792
1.0377 0.00163973
1.03775 0.00164131
1.03777 0.0016427
1.03779 0.00164391
1.03781 0.00164497
1.03782 0.0016459
1.03785 0.00164671
1.03786 0.00164742
1.03788 0.00164804
1.0379 0.00164859
1.03792 0.00164906
1.03794 0.00164948
1.03796 0.00164985
1.03798 0.00165016
1.0381 0.00165197
1.03815 0.00165356
1.03818 0.00165494
1.03823 0.00165615
1.03825 0.00165721
1.03829 0.00165814
1.03831 0.00165895
1.03836 0.00165966
1.03841 0.00166182
1.03845 0.0016637
1.03851 0.00166534
1.03853 0.00166679
1.03857 0.00166805
1.03859 0.00166915
1.03862 0.00167012
1.03863 0.00167096
1.03865 0.0016717
1.03867 0.00167235
1.03869 0.00167291
1.03872 0.00167341
1.03873 0.00167384
1.03875 0.00167422
1.03878 0.00167455
1.03892 0.00167637
1.039 0.00167797
1.03902 0.00167936
1.03903 0.00168058
1.03906 0.00168165
1.03908 0.00168258
1.0391 0.0016834
1.03912 0.00168411
1.03914 0.00168474
1.03918 0.00168681
1.03921 0.00168863
1.03923 0.00169022
1.03925 0.00169162
1.0394 0.00169283
1.03945 0.0016939
1.03947 0.00169483
1.03949 0.00169565
1.03951 0.00169636
1.03952 0.00169699
1.03955 0.00169753
1.03956 0.00169801
1.03958 0.00169843
1.0396 0.00169879
1.03962 0.00169911
1.03965 0.00169939
1.03966 0.00169964
1.03968 0.00169985
1.03981 0.00170004
1.03985 0.0017002
1.03988 0.00170035
1.03993 0.00170047
1.03995 0.00170058
1.03999 0.00170068
1.04001 0.00170076
1.04006 0.00170084
1.04011 0.0017009
1.04015 0.00170096
1.04021 0.00170101
1.04023 0.00170105
1.04027 0.00170109
1.04029 0.00170112
1.04032 0.00170115
1.04033 0.00170118
1.04036 0.0017012
1.04037 0.00170122
1.04039 0.00170124
1.04042 0.00170125
1.04043 0.00170126
1.04045 0.00170128
1.04048 0.00170129
1.04063 0.0017013
1.0407 0.0017013
1.04072 0.00170131
1.04074 0.00170132
1.04076 0.00170132
1.04078 0.00170133
1.0408 0.00170133
1.04082 0.00170133
1.04085 0.00170134
1.04088 0.00170134
1.04091 0.00170134
1.04093 0.00170134
1.04096 0.00170134
1.0411 0.00170135
1.04115 0.00170135
1.04118 0.00170135
1.04119 0.00170135
1.04121 0.00170135
1.04123 0.00170135
1.04125 0.00170135
1.04126 0.00170135
1.08943 0.00170441
1.08946 0.00170556
1.0895 0.00170656
1.08956 0.00170744
1.08959 0.00170821
1.08962 0.00170889
1.08965 0.00170948
1.08967 0.00170999
1.08968 0.00171044
1.08971 0.00171083
1.08972 0.00171118
1.08974 0.00171148
1.08977 0.00171175
1.08978 0.00171198
1.08981 0.00171218
1.08983 0.00171236
1.08998 0.00171251
1.09005 0.00171265
1.09007 0.00171277
1.09009 0.00171287
1.09011 0.00171296
1.09014 0.00171304
1.09015 0.00171311
1.09017 0.00171317
1.0902 0.00171322
1.09023 0.00171327
1.09026 0.00171331
1.09028 0.00171335
1.09031 0.00171338
1.09045 0.00171341
1.0905 0.00171343
1.09053 0.00171345
1.09054 0.00171347
1.09056 0.00171349
1.09058 0.0017135
1.0906 0.00171351
1.09061 0.00171352
1.09064 0.00171353
1.09065 0.00171354
1.09067 0.00171355
1.0907 0.00171355
1.09071 0.00171356
1.09074 0.00171356
1.09086 0.00171357
1.09091 0.00171357
1.09093 0.00171357
1.09098 0.00171358
1.09101 0.00171358
1.09104 0.00171358
1.09107 0.00171358
1.09112 0.00171359
1.09114 0.00171359
1.09118 0.00171359
1.09121 0.00171359
1.09127 0.00171359
1.0913 0.00171359
1.09134 0.00171359
1.09136 0.00171359
1.09138 0.00171359
1.10349 0.00170899
1.10364 0.00170495
1.10372 0.00169989
1.10374 0.00169547
1.10377 0.00169007
1.10378 0.00168534
1.10382 0.00167968
1.10387 0.00167319
1.10389 0.00166751
1.10405 0.00166101
1.1041 0.00165533
1.10413 0.00164882
1.10415 0.00164313
1.10418 0.00163662
1.10419 0.00163093
1.10421 0.00162441
1.10425 0.00161718
1.10426 0.00161086
1.1044 0.00160379
1.10445 0.00159761
1.10451 0.00159067
1.10453 0.0015846
1.10458 0.00157775
1.10463 0.00157177
1.1047 0.00156347
1.10476 0.0015562
1.10479 0.00154985
1.10483 0.00154429
1.10485 0.00153943
1.10487 0.00153517
1.10489 0.00153144
1.10491 0.00152819
1.10494 0.00152533
1.10496 0.00152286
1.10498 0.00152375
1.10501 0.001523
1.10516 0.00152235
1.10524 0.00152177
1.10525 0.00152127
1.10529 0.00152083
1.1053 0.00152045
1.10534 0.00152011
1.10539 0.00151982
1.10541 0.00151956
1.10557 0.00151933
1.10562 0.00151914
1.10565 0.00151896
1.10567 0.00151881
1.10569 0.00151868
1.10571 0.00151856
1.10573 0.00151846
1.10577 0.00151838
1.10578 0.0015183
1.10591 0.00151823
1.10596 0.00151817
1.10602 0.00151812
1.10605 0.00151808
1.1061 0.00151804
1.10615 0.001518
1.10622 0.00151797
1.10628 0.00151794
1.10631 0.00151792
1.10634 0.0015179
1.10637 0.00151788
1.10639 0.00151787
1.1064 0.00151785
1.10643 0.00151784
1.10645 0.00151783
1.10648 0.00151782
1.1065 0.00151781
1.10653 0.00151781
1.10667 0.0015178
1.10676 0.00151779
1.10677 0.00151779
1.10681 0.00151779
1.10682 0.00151778
1.10686 0.00151778
1.10691 0.00151778
1.10693 0.00151777
1.10709 0.00151777
1.10714 0.00151777
1.10716 0.00151777
1.10719 0.00151777
1.10721 0.00151777
1.10722 0.00151776
1.10725 0.00151776
1.10729 0.00151776
1.1073 0.00151776
1.10743 0.00151776
1.10748 0.00151776
1.17323 0.00152082
1.17325 0.00152197
1.17327 0.00152297
1.1733 0.00152385
1.17332 0.00152462
1.17347 0.00152529
1.17355 0.00152588
1.17356 0.00152639
1.1736 0.00152684
1.17361 0.00152724
1.17365 0.00152758
1.1737 0.00152788
1.17372 0.00152815
1.17388 0.00152838
1.17393 0.00152858
1.17396 0.00152876
1.17398 0.00152891
1.17401 0.00152905
1.17402 0.00152917
1.17404 0.00152927
1.17408 0.00152936
1.17409 0.00152944
1.17423 0.00152951
1.17427 0.00152957
1.17434 0.00152962
1.17436 0.00152967
1.17441 0.00152971
1.17446 0.00152975
1.17453 0.00152978
1.17459 0.00152981
1.17462 0.00152983
1.17465 0.00152985
1.17468 0.00152987
1.1747 0.00152988
1.17472 0.0015299
1.17474 0.00152991
1.17476 0.00152992
1.17478 0.00152993
1.1748 0.00152994
1.17483 0.00152995
1.17485 0.00152995
1.175 0.00152996
1.17508 0.00152996
1.17509 0.00152997
1.17513 0.00152997
1.17514 0.00152997
1.17518 0.00152998
1.17523 0.00152998
1.17525 0.00152998
1.17541 0.00152998
1.17546 0.00152998
1.17549 0.00152999
1.17551 0.00152999
1.17554 0.00152999
1.17555 0.00152999
1.17557 0.00152999
1.17561 0.00152999
1.17562 0.00152999
1.17576 0.00152999
1.30153 0.00153125
1.30159 0.00153246
1.30162 0.00153352
1.30166 0.00153445
1.30168 0.00153526
1.3017 0.00153597
1.30172 0.00153659
1.30174 0.00153713
1.30177 0.00153761
1.30178 0.00153803
1.3018 0.00153839
1.30183 0.00153871
1.30185 0.00153899
1.302 0.00153923
1.30208 0.00153945
1.3021 0.00153963
1.30213 0.0015398
1.30214 0.00153994
1.30218 0.00154006
1.30223 0.00154017
1.30225 0.00154027
1.30241 0.00154035
1.30246 0.00154043
1.30249 0.00154049
1.30251 0.00154055
1.30254 0.0015406
1.30255 0.00154064
1.30257 0.00154068
1.30261 0.00154071
1.30262 0.00154074
1.30276 0.00154076
1.30281 0.00154079
1.30287 0.0015408
1.30289 0.00154082
1.30294 0.00154084
1.30299 0.00154085
1.30306 0.00153961
1.30312 0.00153841
1.30315 0.00153736
1.30319 0.00153644
1.30321 0.00153563
1.30323 0.00153493
1.30325 0.00153431
1.30327 0.00153377
1.3033 0.0015333
1.30331 0.00153289
1.30333 0.00153252
1.30336 0.00153221
1.30338 0.00153193
1.30353 0.00153169
1.30361 0.00153148
1.30363 0.00153129
1.30366 0.00153113
1.30367 0.00153099
1.30371 0.00153086
1.30376 0.00153076
1.30378 0.00153066
1.30394 0.00153058
1.30399 0.0015305
1.30402 0.00153044
1.30404 0.00153038
1.30407 0.00153034
1.30408 0.00153029
1.3041 0.00153026
1.30414 0.00153022
1.30415 0.0015302
1.30429 0.00153017
1.30434 0.00153015
1.3044 0.00153013
1.30442 0.00153011
1.30447 0.0015301
1.30452 0.00153009
1.30459 0.00153007
1.30465 0.00153006
1.30468 0.00153006
1.30472 0.00153005
1.30474 0.00153004
1.30476 0.00153004
1.30478 0.00153003
1.3048 0.00153003
1.30483 0.00153002
1.30484 0.00153002
1.30486 0.00153002
1.30489 0.00153001
1.30491 0.00153001
1.30506 0.00153001
1.30514 0.00153001
1.30516 0.00153001
1.30519 0.00153001
1.3052 0.00153001
1.30524 0.00153
1.30529 0.00153
1.30531 0.00153
1.30547 0.00153
1.30552 0.00153
1.32626 0.00153153
1.32628 0.0015344
1.32629 0.00153538
1.32632 0.00153623
1.32634 0.00153699
1.32649 0.00153764
1.32658 0.00153821
1.32659 0.00153872
1.32662 0.00153916
1.32664 0.00153954
1.32667 0.00153988
1.32672 0.00154017
1.32675 0.00154043
1.32691 0.00154066
1.32696 0.00154086
1.32698 0.00154103
1.327 0.00154118
1.32703 0.00154131
1.32704 0.00154143
1.32707 0.00154153
1.3271 0.00154162
1.32711 0.00154169
1.32725 0.00154176
1.3273 0.00154182
1.32736 0.00154187
1.32738 0.00154192
1.32743 0.00154196
1.32748 0.00154199
1.32756 0.00154202
1.32762 0.00154205
1.32764 0.00154207
1.32768 0.00154209
1.3277 0.00154211
1.32773 0.00154213
1.32774 0.00154214
1.32776 0.00154215
1.32779 0.00154216
1.3278 0.00154217
1.32782 0.00154218
1.32784 0.00154219
1.32786 0.00154219
1.32789 0.0015422
1.32803 0.0015422
1.32812 0.00154221
1.32813 0.00154221
1.32817 0.00154221
1.32818 0.00154222
1.32822 0.00154222
1.32826 0.00154222
1.32829 0.00154222
1.32845 0.00154222
1.3285 0.00154223
1.32852 0.00154223
1.32855 0.00154223
1.32857 0.00154223
1.32858 0.00154223
1.32861 0.00154223
1.32864 0.00154223
1.32866 0.00154223
1.46145 0.00154529
1.46149 0.00154644
1.46155 0.00154744
1.46157 0.00154832
1.46162 0.00154909
1.46167 0.00154977
1.46174 0.00155036
1.4618 0.00155087
1.46183 0.00155132
1.46186 0.00155171
1.46189 0.00155206
1.46191 0.00155236
1.46193 0.00155263
1.46195 0.00155286
1.46197 0.00155306
1.46199 0.00155324
1.46201 0.00155339
1.46202 0.00155353
1.46205 0.00155365
1.46207 0.00155375
1.46222 0.00155384
1.46231 0.00155392
1.46232 0.00155399
1.46235 0.00155405
1.46237 0.0015541
1.4624 0.00155415
1.46245 0.00155419
1.46248 0.00155423
1.46264 0.00155426
1.46268 0.00155429
1.46271 0.00155431
1.46273 0.00155433
1.46276 0.00155435
1.46277 0.00155437
1.46279 0.00155438
1.46283 0.00155439
1.46284 0.0015544
1.46298 0.00155441
1.463 0.00155442
1.46304 0.00155443
1.4631 0.00155443
1.46313 0.00155444
1.46317 0.00155444
1.46322 0.00155445
1.4633 0.00155445
1.46336 0.00155445
1.46338 0.00155446
1.46342 0.00155446
1.46344 0.00155446
1.46347 0.00155446
1.46348 0.00155447
1.4635 0.00155447
1.46353 0.00155447
1.46354 0.00155447
1.46357 0.00155447
1.46358 0.00155447
1.4636 0.00155447
1.46363 0.00155447
1.46377 0.00155447
1.48579 0.00155753
1.48581 0.00155868
1.48597 0.00155968
1.48601 0.00156056
1.48604 0.00156133
1.48606 0.00156201
1.48609 0.00156259
1.4861 0.00156311
1.48612 0.00156356
1.48616 0.00156395
1.48617 0.0015643
1.48631 0.0015646
1.48633 0.00156487
1.48637 0.0015651
1.48643 0.0015653
1.48645 0.00156548
1.4865 0.00156563
1.48655 0.00156577
1.48663 0.00156589
1.48669 0.00156599
1.48671 0.00156608
1.48675 0.00156616
1.48677 0.00156623
1.4868 0.00156629
1.48681 0.00156634
1.48683 0.00156639
1.48686 0.00156643
1.48687 0.00156647
1.4869 0.0015665
1.48691 0.00156653
1.48693 0.00156655
1.48696 0.00156657
1.4871 0.00156659
1.48719 0.0015666
1.4872 0.00156662
1.48724 0.00156663
1.48725 0.00156664
1.48729 0.00156665
1.48734 0.00156666
1.48736 0.00156667
1.48737 0.00156667
1.48753 0.00156668
1.48758 0.00156668
1.48761 0.00156669
1.48763 0.00156669
1.48765 0.00156669
1.48767 0.0015667
1.48769 0.0015667
1.48773 0.0015667
1.48774 0.0015667
1.48787 0.00156671
1.4879 0.00156671
1.48794 0.00156671
1.488 0.00156671
1.48802 0.00156671
1.48807 0.00156671
1.48812 0.00156671
1.48819 0.00156671
1.48825 0.00156671
1.50171 0.0014642
1.50172 0.00137604
1.50173 0.00129889
1.50174 0.00123292
1.50175 0.00117366
1.50177 0.00112335
1.50178 0.00107932
1.50179 0.00104232
1.5018 0.00100842
1.50182 0.000980288
1.50183 0.000954142
1.50184 0.000932794
1.50185 0.000897284
1.50186 0.000867743
1.50188 0.000832715
1.50189 0.000803595
1.5019 0.000778115
1.50191 0.00075735
1.50193 0.000736121
1.50194 0.000719075
1.50195 0.00070416
1.50196 0.00069264
1.50198 0.0006795
1.50199 0.000669532
1.50201 0.00065775
1.50204 0.000650501
1.50206 0.000644158
1.50207 0.000640138
1.5021 0.00063815
1.50212 0.000639471
1.50226 0.000637567
1.50228 0.000638961
1.50232 0.00063865
1.50234 0.000641438
1.50235 0.000642348
1.50237 0.000644674
1.50238 0.000646709
1.50239 0.00065002
1.5024 0.000652917
1.50242 0.000656982
1.50243 0.000660539
1.50244 0.000665181
1.50245 0.000669243
1.50246 0.000672797
1.50248 0.000675907
1.50249 0.000678628
1.5025 0.000681009
1.50251 0.000683092
1.50253 0.000684915
1.50254 0.00068651
1.50255 0.000687906
1.50256 0.000689127
1.50257 0.000690196
1.50259 0.000691131
1.5026 0.000691949
1.50261 0.000692665
1.50262 0.000693291
1.50264 0.000693839
1.50266 0.000695849
1.50267 0.000697607
1.5027 0.000700676
1.50271 0.000703361
1.50273 0.00070571
1.50275 0.000706236
1.50276 0.000705166
1.50278 0.00070576
1.50281 0.00070628
1.50283 0.000706735
1.50297 0.000707133
1.50299 0.000707481
1.50303 0.000707785
1.50305 0.000708051
1.50306 0.000708284
1.50308 0.000708488
1.50309 0.000708667
1.5031 0.000708823
1.50311 0.00070896
1.50313 0.00070908
1.50314 0.000709185
1.50315 0.000709276
1.50316 0.000709356
1.50317 0.000709426
1.50319 0.000709487
1.5032 0.000709541
1.50321 0.000709588
1.50322 0.000709629
1.50324 0.000709665
1.50325 0.000709696
1.50326 0.000709724
1.50327 0.000709748
1.50328 0.000709769
1.5033 0.000709787
1.50331 0.000709803
1.50332 0.000709817
1.50333 0.000709829
1.50335 0.00070984
1.50337 0.00070985
1.50338 0.000709858
1.50341 0.000709865
1.50342 0.000709871
1.50344 0.000709877
1.50346 0.000709882
1.50347 0.000709886
1.50349 0.00070989
1.50352 0.000709893
1.50355 0.000711426
1.50369 0.000712767
1.50371 0.000713941
1.50375 0.000714968
1.50377 0.000715867
1.50379 0.000716653
1.5038 0.000717341
1.50381 0.000717943
1.50382 0.00071847
1.50384 0.000718931
1.50385 0.000719334
1.50386 0.000719687
1.50387 0.000719996
1.50388 0.000720266
1.5039 0.000720502
1.50391 0.000720709
1.50392 0.00072089
1.50393 0.000721048
1.50395 0.000721187
1.50396 0.000721308
1.50397 0.000721414
1.50398 0.000721507
1.50399 0.000721588
1.50401 0.000721659
1.50402 0.000721721
1.50403 0.000721775
1.50404 0.000721823
1.50406 0.000721865
1.50407 0.000721901
1.50409 0.000721933
1.5041 0.000721961
1.50413 0.000721985
1.50414 0.000722006
1.50417 0.000722025
1.50418 0.000722041
1.50419 0.000722055
1.50421 0.000722068
1.50424 0.000722079
1.50429 0.000723619
1.50442 0.000724966
1.50445 0.000726145
1.50448 0.000727176
1.50451 0.000728079
1.50452 0.000728869
1.50453 0.00072956
1.50455 0.000730165
1.50456 0.000730694
1.50457 0.000731157
1.50458 0.000731562
1.50459 0.000731916
1.50461 0.000732226
1.50462 0.000732497
1.50463 0.000732734
1.50464 0.000732942
1.50466 0.000733124
1.50467 0.000733283
1.50468 0.000733422
1.50469 0.000733544
1.5047 0.000733651
1.50472 0.000733744
1.50473 0.000733826
1.50474 0.000733897
1.50475 0.000733959
1.50477 0.000734014
1.50478 0.000734062
1.50479 0.000734104
1.5048 0.000734141
1.50483 0.000734173
1.50484 0.000734201
1.50486 0.000734225
1.50488 0.000734246
1.5049 0.000734265
1.50491 0.000734281
1.50492 0.000734295
1.50495 0.000734308
1.50499 0.000735849
1.50504 0.000737197
1.50517 0.000738377
1.50519 0.000739409
1.50523 0.000740312
1.50526 0.000741103
1.50527 0.000741795
1.50528 0.0007424
1.50529 0.00074293
1.5053 0.000743393
1.50532 0.000743798
1.50533 0.000744153
1.50534 0.000744463
1.50535 0.000744735
1.50537 0.000744973
1.50538 0.000745181
1.50539 0.000745363
1.5054 0.000745522
1.50541 0.000745661
1.50543 0.000745783
1.50544 0.00074589
1.50545 0.000745983
1.50546 0.000746065
1.50548 0.000746136
1.50549 0.000746199
1.5055 0.000746254
1.50551 0.000746302
1.50552 0.000746344
1.50554 0.000746381
1.50555 0.000746413
1.50557 0.000746441
1.50559 0.000746465
1.50561 0.000746486
1.50563 0.000748035
1.50566 0.00074939
1.50567 0.000750576
1.50568 0.000751614
1.50571 0.000752522
1.50574 0.000753316
1.50579 0.000754011
1.50593 0.000754619
1.50595 0.000755151
1.50599 0.000755617
1.50603 0.000757554
1.50604 0.000759249
1.50605 0.000760732
1.50606 0.00076203
1.50608 0.000763166
1.50609 0.00076416
1.5061 0.00076503
1.50611 0.000765791
1.50612 0.000766457
1.50614 0.000767039
1.50615 0.000767549
1.50616 0.000767995
1.50617 0.000768385
1.50619 0.000768726
1.5062 0.000769025
1.50621 0.000769286
1.50622 0.000769515
1.50623 0.000769715
1.50625 0.00076989
1.50626 0.000770043
1.50627 0.000770177
1.50628 0.000770294
1.5063 0.000770397
1.50631 0.000770487
1.50632 0.000770566
1.50634 0.000770635
1.50636 0.000770695
1.50638 0.000770748
1.50641 0.000770794
1.50643 0.000770834
1.50644 0.000770869
1.50645 0.0007709
1.50648 0.000770927
1.50652 0.000770951
1.50657 0.000770972
1.5067 0.00077099
1.50674 0.000772536
1.50677 0.000773889
1.50681 0.000775072
1.50682 0.000776108
1.50683 0.000777014
1.50685 0.000777807
1.50686 0.000778501
1.50687 0.000779108
1.50688 0.000779639
1.5069 0.000780104
1.50691 0.000780511
1.50692 0.000780867
1.50693 0.000781178
1.50694 0.00078145
1.50696 0.000781688
1.50697 0.000781897
1.50698 0.000782079
1.50699 0.000782239
1.50701 0.000782379
1.50702 0.000782501
1.50703 0.000782608
1.50704 0.000782702
1.50705 0.000782784
1.50707 0.000782856
1.50708 0.000782919
1.50709 0.000782974
1.5071 0.000783022
1.50713 0.000783064
1.50714 0.000783101
1.50716 0.000783133
1.50719 0.000783161
1.50721 0.000783185
1.50723 0.000783206
1.50724 0.000783225
1.50726 0.000783241
1.5073 0.000783255
1.50735 0.000783268
1.50748 0.000783279
1.50753 0.000784819
1.50757 0.000786166
1.50761 0.000787345
1.50762 0.000788376
1.50763 0.000789279
1.50764 0.000790069
1.50765 0.00079076
1.50767 0.000791365
1.50768 0.000791894
1.50769 0.000792357
1.5077 0.000792762
1.50772 0.000793116
1.50773 0.000793426
1.50774 0.000793697
1.50775 0.000793934
1.50776 0.000794142
1.50778 0.000794324
1.50779 0.000794483
1.5078 0.000794622
1.50781 0.000794744
1.50783 0.000794851
1.50784 0.000794944
1.50785 0.000795026
1.50786 0.000795097
1.50787 0.000795159
1.50789 0.000795214
1.5079 0.000795262
1.50792 0.000795304
1.50794 0.000795341
1.50796 0.000795373
1.50798 0.000795401
1.50801 0.000795425
1.50802 0.000795446
1.50803 0.000795465
1.50806 0.000795481
1.5081 0.000795495
1.50814 0.000795508
1.50829 0.000797049
1.50834 0.000798397
1.50838 0.000799577
1.50841 0.000800609
1.50843 0.000801512
1.50844 0.000802303
1.50845 0.000802995
1.50846 0.0008036
1.50847 0.00080413
1.50849 0.000804593
1.5085 0.000804998
1.50851 0.000805353
1.50852 0.000805663
1.50854 0.000805935
1.50855 0.000806173
1.50856 0.000806381
1.50857 0.000806563
1.50858 0.000806722
1.5086 0.000806861
1.50861 0.000806983
1.50862 0.00080709
1.50863 0.000807183
1.50865 0.000807265
1.50866 0.000807336
1.50867 0.000807399
1.50868 0.000807454
1.50869 0.000807502
1.50871 0.000807544
1.50873 0.000807581
1.50876 0.000809143
1.50878 0.00081051
1.5088 0.000811706
1.50883 0.000812752
1.50884 0.000813668
1.50885 0.000814469
1.50888 0.00081517
1.50892 0.000815783
1.50896 0.00081632
1.50911 0.00081679
1.50917 0.000818731
1.50921 0.000820429
1.50925 0.000821915
1.50926 0.000823215
1.50927 0.000824353
1.50928 0.000825348
1.50929 0.000826219
1.50931 0.000826981
1.50932 0.000827648
1.50933 0.000828232
1.50934 0.000828743
1.50936 0.00082919
1.50937 0.000829581
1.50938 0.000829923
1.50939 0.000830222
1.5094 0.000830484
1.50942 0.000830713
1.50943 0.000830913
1.50944 0.000831088
1.50945 0.000831242
1.50947 0.000831376
1.50948 0.000831494
1.50949 0.000831597
1.5095 0.000831687
1.50951 0.000831766
1.50953 0.000831835
1.50954 0.000831895
1.50956 0.000831948
1.50959 0.000831994
1.50961 0.000832034
1.50964 0.000832069
1.50966 0.0008321
1.50967 0.000832127
1.50969 0.000832151
1.50971 0.000832172
1.50975 0.00083219
1.5098 0.000832206
1.50994 0.00083222
1.51002 0.000833762
1.51005 0.000835111
1.51009 0.000836292
1.5101 0.000837325
1.51011 0.000838229
1.51013 0.00083902
1.51014 0.000839712
1.51015 0.000840318
1.51016 0.000840848
1.51018 0.000841312
1.51019 0.000841718
1.5102 0.000842073
1.51021 0.000842383
1.51022 0.000842655
1.51024 0.000842893
1.51025 0.000843101
1.51026 0.000843283
1.51027 0.000843442
1.51029 0.000843581
1.5103 0.000843703
1.51031 0.00084381
1.51032 0.000843903
1.51033 0.000843985
1.51035 0.000844056
1.51036 0.000844119
1.51037 0.000844174
1.51038 0.000844222
1.51041 0.000844264
1.51043 0.000844301
1.51046 0.000844333
1.51049 0.000845891
1.51052 0.000847254
1.51053 0.000848447
1.51054 0.000849491
1.51057 0.000850404
1.5106 0.000851203
1.51065 0.000851902
1.5108 0.000852514
1.51087 0.000853049
1.51092 0.000855047
1.51096 0.000856796
1.51097 0.000858326
1.51098 0.000859665
1.511 0.000860836
1.51101 0.000861861
1.51102 0.000862758
1.51103 0.000863543
1.51104 0.00086423
1.51106 0.000864831
1.51107 0.000865357
1.51108 0.000865817
1.51109 0.000866219
1.51111 0.000866571
1.51112 0.000866879
1.51113 0.000867149
1.51114 0.000867385
1.51116 0.000867591
1.51117 0.000867772
1.51118 0.00086793
1.51119 0.000868068
1.5112 0.000868189
1.51122 0.000868295
1.51123 0.000868388
1.51124 0.000868469
1.51125 0.00086854
1.51128 0.000868602
1.5113 0.000868656
1.51133 0.000868704
1.51136 0.000868746
1.51139 0.000868782
1.5114 0.000868814
1.51141 0.000868842
1.51144 0.000868866
1.51147 0.000868887
1.51152 0.000868906
1.51168 0.000870452
1.51175 0.000871805
1.5118 0.000872989
1.51184 0.000874025
1.51186 0.000876461
1.51188 0.000878593
1.51189 0.000880458
1.5119 0.00088209
1.51191 0.000883518
1.51193 0.000884768
1.51194 0.000885862
1.51195 0.000886819
1.51196 0.000887656
1.51198 0.000888389
1.51199 0.00088903
1.512 0.000889591
1.51201 0.000890082
1.51202 0.000890511
1.51204 0.000890887
1.51205 0.000891216
1.51206 0.000891504
1.51207 0.000891756
1.51209 0.000891976
1.5121 0.000892169
1.51211 0.000892337
1.51212 0.000892484
1.51213 0.000892613
1.51215 0.000892726
1.51217 0.000892825
1.5122 0.000892911
1.51222 0.000892987
1.51226 0.000893053
1.51228 0.000893111
1.51229 0.000893162
1.51231 0.000893206
1.51233 0.000893245
1.51237 0.000893279
1.51242 0.000893309
1.51257 0.000893335
1.51266 0.000894888
1.51271 0.000896247
1.51275 0.000897436
1.51277 0.000898476
1.51278 0.000899386
1.5128 0.000900182
1.51281 0.000900879
1.51282 0.000901489
1.51283 0.000902022
1.51284 0.000902489
1.51286 0.000902897
1.51287 0.000903254
1.51288 0.000903567
1.51289 0.000903841
1.51291 0.00090408
1.51292 0.00090429
1.51293 0.000904473
1.51294 0.000904633
1.51295 0.000904773
1.51297 0.000904896
1.51298 0.000905004
1.51299 0.000905098
1.513 0.00090518
1.51302 0.000905252
1.51303 0.000905315
1.51304 0.00090537
1.51305 0.000905418
1.51308 0.00090546
1.5131 0.000905497
1.51313 0.000905529
1.51316 0.000905557
1.5132 0.000907112
1.51321 0.000908473
1.51322 0.000909663
1.51325 0.000910705
1.51328 0.000911616
1.51333 0.000912414
1.51349 0.000913112
1.51359 0.000915253
1.51364 0.000917126
1.51368 0.000918765
1.5137 0.000920199
1.51371 0.000921454
1.51373 0.000922552
1.51374 0.000923513
1.51375 0.000924353
1.51376 0.000925088
1.51377 0.000925732
1.51379 0.000926295
1.5138 0.000926788
1.51381 0.000927219
1.51382 0.000927596
1.51384 0.000927926
1.51385 0.000928215
1.51386 0.000928468
1.51387 0.000928689
1.51388 0.000928882
1.5139 0.000929051
1.51391 0.000929199
1.51392 0.000929329
1.51393 0.000929442
1.51395 0.000929541
1.51396 0.000929628
1.51397 0.000929704
1.51398 0.000929771
1.51401 0.000929829
1.51403 0.00092988
1.51406 0.000929925
1.51409 0.000929964
1.51413 0.000929998
1.51414 0.000930028
1.51415 0.000930054
1.51418 0.000930077
1.51423 0.000931627
1.51428 0.000932983
1.51444 0.00093417
1.51453 0.000935208
1.51459 0.000937647
1.51463 0.000939781
1.51466 0.000941648
1.51467 0.000943282
1.51468 0.000944711
1.51469 0.000945962
1.5147 0.000947056
1.51472 0.000948014
1.51473 0.000948852
1.51474 0.000949585
1.51475 0.000950226
1.51477 0.000950787
1.51478 0.000951278
1.51479 0.000951708
1.5148 0.000952084
1.51481 0.000952413
1.51483 0.000952701
1.51484 0.000952953
1.51485 0.000953173
1.51486 0.000953366
1.51488 0.000953535
1.51489 0.000953683
1.5149 0.000953812
1.51491 0.000953925
1.51492 0.000954024
1.51494 0.000954111
1.51496 0.000954187
1.51499 0.000954253
1.51501 0.000954311
1.51505 0.000954362
1.51508 0.000954406
1.5151 0.000954445
1.51511 0.000954479
1.51513 0.000954509
1.51518 0.000954535
1.51524 0.000956088
1.5154 0.000957447
1.5155 0.000958636
1.51557 0.000961206
1.51561 0.000963455
1.51563 0.000965423
1.51565 0.000967145
1.51566 0.000968651
1.51567 0.000969969
1.51568 0.000971122
1.5157 0.000972131
1.51571 0.000973014
1.51572 0.000973787
1.51573 0.000974463
1.51575 0.000975055
1.51576 0.000975573
1.51577 0.000976026
1.51578 0.000976422
1.51579 0.000976769
1.51581 0.000977072
1.51582 0.000977338
1.51583 0.00097757
1.51584 0.000977773
1.51586 0.000977951
1.51587 0.000978107
1.51588 0.000978243
1.51589 0.000978362
1.5159 0.000978466
1.51592 0.000978557
1.51594 0.000978637
1.51597 0.000978707
1.51599 0.000978768
1.51603 0.000978822
1.51606 0.000978869
1.51608 0.00097891
1.51609 0.000978946
1.51611 0.000978977
1.51616 0.000979004
1.51623 0.000980558
1.51639 0.000981918
1.51649 0.000983108
1.51658 0.000985679
1.51661 0.000987929
1.51664 0.000989897
1.51665 0.000991619
1.51666 0.000993126
1.51668 0.000994445
1.51669 0.000995599
1.5167 0.000996609
1.51671 0.000997492
1.51672 0.000998265
1.51674 0.000998941
1.51675 0.000999533
1.51676 0.00100005
1.51677 0.0010005
1.51679 0.0010009
1.5168 0.00100125
1.51681 0.00100155
1.51682 0.00100182
1.51683 0.00100205
1.51685 0.00100225
1.51686 0.00100243
1.51687 0.00100259
1.51688 0.00100272
1.5169 0.00100284
1.51691 0.00100295
1.51692 0.00100304
1.51694 0.00100312
1.51697 0.00100319
1.51699 0.00100325
1.51703 0.0010033
1.51707 0.00100335
1.51708 0.00100339
1.51709 0.00100343
1.51712 0.00100346
1.51718 0.00100501
1.51725 0.00100638
1.51741 0.00100757
1.51752 0.00101014
1.51761 0.00101239
1.51764 0.00101436
1.51767 0.00101609
1.51768 0.0010176
1.51769 0.00101892
1.5177 0.00102007
1.51772 0.00102108
1.51773 0.00102197
1.51774 0.00102274
1.51775 0.00102342
1.51776 0.00102401
1.51778 0.00102453
1.51779 0.00102498
1.5178 0.00102538
1.51781 0.00102573
1.51783 0.00102603
1.51784 0.0010263
1.51785 0.00102653
1.51786 0.00102673
1.51787 0.00102691
1.51789 0.00102707
1.5179 0.0010272
1.51791 0.00102732
1.51792 0.00102742
1.51794 0.00102752
1.51795 0.0010276
1.51797 0.00102767
1.518 0.00102773
1.51802 0.00102778
1.51806 0.00102783
1.5181 0.00102787
1.51811 0.0010279
1.51812 0.00102794
1.51814 0.00102796
1.51821 0.00102799
1.51828 0.00102801
1.51844 0.00102803
1.51855 0.00102804
1.51863 0.00102806
1.51867 0.00102807
1.51869 0.00102808
1.51871 0.00102809
1.51872 0.0010281
1.51873 0.00102811
1.51874 0.00102811
1.51876 0.00102812
1.51877 0.00102812
1.51878 0.00102813
1.51879 0.00102813
1.51881 0.00102813
1.51882 0.00102814
1.51883 0.00102814
1.51884 0.00102814
1.51885 0.00102814
1.51887 0.00102814
1.51888 0.00102815
1.51889 0.00102815
1.5189 0.00102815
1.51892 0.00102815
1.51893 0.00102815
1.51894 0.00102815
1.51895 0.00102815
1.51896 0.00102815
1.54237 0.00102968
1.54238 0.00103102
1.54239 0.00103219
1.5424 0.00103322
1.54242 0.00103412
1.54243 0.0010349
1.54244 0.00103559
1.54245 0.00103619
1.54246 0.00103671
1.54248 0.00103717
1.54249 0.00103758
1.5425 0.00103793
1.54251 0.00103824
1.54253 0.00103851
1.54254 0.00103874
1.54255 0.00103895
1.54256 0.00103913
1.54258 0.00103929
1.54259 0.00103943
1.5426 0.00103955
1.54261 0.00103966
1.54262 0.00103975
1.54264 0.00103983
1.54266 0.0010399
1.54269 0.00103996
1.54271 0.00104002
1.54275 0.00104006
1.54278 0.00104011
1.5428 0.00104014
1.54281 0.00104017
1.54283 0.0010402
1.54289 0.00104023
1.54297 0.00104025
1.54313 0.00104027
1.54324 0.00104028
1.54332 0.0010403
1.54336 0.00104031
1.54338 0.00104032
1.54341 0.00104033
1.54342 0.00104034
1.54343 0.00104035
1.54344 0.00104035
1.54346 0.00104036
1.54347 0.00104036
1.54348 0.00104037
1.54349 0.00104037
1.54351 0.00104037
1.54352 0.00104038
1.54353 0.00104038
1.54354 0.00104038
1.54355 0.00104038
1.54357 0.00104039
1.54358 0.00104039
1.54359 0.00104039
1.5436 0.00104039
1.54362 0.00104039
1.54363 0.00104039
1.54364 0.00104039
1.54365 0.00104039
1.54366 0.00104039
1.59369 0.00104345
1.5937 0.0010446
1.59374 0.00104561
1.59378 0.00104648
1.59379 0.00104725
1.5938 0.00104793
1.59382 0.00104851
1.59389 0.00104903
1.59396 0.00104948
1.59412 0.00104988
1.59423 0.00105022
1.59431 0.00105052
1.59435 0.00105079
1.59437 0.00105102
1.5944 0.00105122
1.59441 0.0010514
1.59442 0.00105155
1.59444 0.00105169
1.59445 0.00105181
1.59446 0.00105191
1.59447 0.001052
1.59448 0.00105208
1.5945 0.00105215
1.59451 0.00105221
1.59452 0.00105226
1.59453 0.00105231
1.59455 0.00105235
1.59456 0.00105239
1.59457 0.00105242
1.59458 0.00105245
1.5946 0.00105247
1.59461 0.00105249
1.59462 0.00105251
1.59463 0.00105252
1.59464 0.00105254
1.59466 0.00105255
1.59467 0.00105256
1.59469 0.00105257
1.59472 0.00105258
1.59474 0.00105259
1.59475 0.00105259
1.59479 0.0010526
1.59483 0.0010526
1.59484 0.00105261
1.59485 0.00105261
1.59488 0.00105261
1.59494 0.00105262
1.59501 0.00105262
1.59517 0.00105262
1.59528 0.00105262
1.59537 0.00105262
1.5954 0.00105263
1.59543 0.00105263
1.59545 0.00105263
1.59546 0.00105263
1.59548 0.00105263
1.59549 0.00105263
1.5955 0.00105263
1.59551 0.00105263
1.69897 0.00105416
1.69899 0.00105703
1.69901 0.00105801
1.69905 0.00105887
1.69906 0.00105962
1.69908 0.00106028
1.6991 0.00106085
1.69916 0.00106136
1.69923 0.0010618
1.69939 0.00106218
1.6995 0.00106252
1.69959 0.00106281
1.69963 0.00106307
1.69965 0.0010633
1.69968 0.0010635
1.69969 0.00106367
1.6997 0.00106382
1.69971 0.00106395
1.69972 0.00106407
1.69974 0.00106417
1.69975 0.00106426
1.69976 0.00106433
1.69977 0.0010644
1.69979 0.00106446
1.6998 0.00106451
1.69981 0.00106456
1.69982 0.0010646
1.69983 0.00106463
1.69985 0.00106466
1.69986 0.00106469
1.69987 0.00106471
1.69988 0.00106473
1.6999 0.00106475
1.69991 0.00106477
1.69992 0.00106478
1.69993 0.00106479
1.69994 0.0010648
1.69997 0.00106481
1.69999 0.00106482
1.70002 0.00106483
1.70003 0.00106483
1.70005 0.00106484
1.70008 0.00106484
1.70012 0.00106485
1.70013 0.00106485
1.70014 0.00106485
1.70017 0.00106486
1.70023 0.00106486
1.7003 0.00106486
1.70046 0.00106486
1.70057 0.00106486
1.70065 0.00106487
1.70069 0.00106487
1.70072 0.00106487
1.70074 0.00106487
1.70075 0.00106487
1.70076 0.00106487
1.70078 0.00106487
1.70079 0.00106487
1.7437 0.0010664
1.74372 0.00106621
1.74374 0.00106604
1.74378 0.0010659
1.74379 0.00106577
1.7438 0.00106566
1.74383 0.00106556
1.74389 0.00106547
1.74396 0.0010654
1.74412 0.00106533
1.74423 0.00106528
1.74431 0.00106523
1.74435 0.00106518
1.74438 0.00106515
1.7444 0.00106511
1.74441 0.00106508
1.74442 0.00106506
1.74444 0.00106503
1.74445 0.00106501
1.74446 0.001065
1.74447 0.00106498
1.74449 0.00106497
1.7445 0.00106496
1.74451 0.00106495
1.74452 0.00106494
1.74454 0.00106493
1.74455 0.00106492
1.74456 0.00106492
1.74457 0.00106491
1.74458 0.00106491
1.7446 0.0010649
1.74461 0.0010649
1.74462 0.0010649
1.74463 0.00106489
1.74465 0.00106489
1.74466 0.00106489
1.74467 0.00106489
1.74469 0.00106489
1.74472 0.00106489
1.74474 0.00106489
1.74477 0.00106488
1.74478 0.00106488
1.7448 0.00106488
1.74484 0.00106488
1.74485 0.00106488
1.75294 0.00106641
1.75296 0.00106775
1.75297 0.00106892
1.75298 0.00106994
1.75299 0.00107084
1.75301 0.00107163
1.75302 0.00107231
1.75303 0.00107291
1.75304 0.00107344
1.75305 0.0010739
1.75307 0.0010743
1.75308 0.00107465
1.75309 0.00107496
1.7531 0.00107523
1.75312 0.00107547
1.75313 0.00107567
1.75314 0.00107585
1.75315 0.00107601
1.75316 0.00107615
1.75318 0.00107627
1.75319 0.00107638
1.7532 0.00107647
1.75323 0.00107655
1.75325 0.00107662
1.75327 0.00107668
1.7533 0.00107674
1.75331 0.00107678
1.75334 0.00107683
1.75337 0.00107686
1.75338 0.00107689
1.7534 0.00107692
1.75342 0.00107695
1.75348 0.00107697
1.75356 0.00107699
1.75372 0.001077
1.75383 0.00107702
1.75391 0.00107703
1.75395 0.00107704
1.75397 0.00107705
1.754 0.00107706
1.75402 0.00107706
1.75403 0.00107707
1.75405 0.00107708
1.75406 0.00107708
1.75407 0.00107709
1.75408 0.00107709
1.75409 0.00107709
1.75411 0.0010771
1.75412 0.0010771
1.75413 0.0010771
1.75414 0.0010771
1.75416 0.00107711
1.75417 0.00107711
1.75418 0.00107711
1.75419 0.00107711
1.7542 0.00107711
1.75422 0.00107711
1.75423 0.00107711
1.75424 0.00107711
1.75425 0.00107711
1.80609 0.00107864
1.80611 0.00108151
1.80613 0.00108249
1.80616 0.00108335
1.80618 0.0010841
1.80619 0.00108476
1.80621 0.00108533
1.80627 0.00108584
1.80635 0.00108628
1.80651 0.00108666
1.80662 0.001087
1.8067 0.00108729
1.80674 0.00108755
1.80676 0.00108778
1.80679 0.00108797
1.80681 0.00108815
1.80682 0.0010883
1.80684 0.00108843
1.80685 0.00108855
1.80686 0.00108865
1.80687 0.00108874
1.80689 0.00108881
1.8069 0.00108888
1.80691 0.00108894
1.80692 0.00108899
1.80693 0.00108904
1.80695 0.00108908
1.80696 0.00108911
1.80697 0.00108914
1.80698 0.00108917
1.807 0.00108919
1.80701 0.00108921
1.80702 0.00108923
1.80703 0.00108925
1.80704 0.00108926
1.80706 0.00108927
1.80707 0.00108928
1.80709 0.00108929
1.80712 0.0010893
1.80714 0.00108931
1.80717 0.00108931
1.80718 0.00108932
1.8072 0.00108932
1.80722 0.00108933
1.80725 0.00108933
1.80727 0.00108933
1.80728 0.00108934
1.8073 0.00108934
1.80736 0.00108934
1.80744 0.00108934
1.8076 0.00108935
1.80771 0.00108935
1.80779 0.00108935
1.80783 0.00108935
1.80785 0.00108935
1.80788 0.00108935
1.8079 0.00108935
1.80791 0.00108935
1.80793 0.00108935
1.81482 0.00109088
1.81483 0.00109069
1.81484 0.00109052
1.81488 0.00109038
1.81489 0.00109025
1.8149 0.00109014
1.81493 0.00109004
1.81499 0.00108996
1.81506 0.00108988
1.81522 0.00108982
1.81533 0.00108976
1.81542 0.00108971
1.81545 0.00108966
1.81548 0.00108963
1.8155 0.00108959
1.81553 0.00108956
1.81554 0.00108954
1.81555 0.00108951
1.81556 0.00108949
1.81558 0.00108948
1.81559 0.00108946
1.8156 0.00108945
1.81561 0.00108944
1.81563 0.00108943
1.81564 0.00108942
1.81565 0.00108941
1.81566 0.0010894
1.81567 0.0010894
1.81569 0.00108939
1.8157 0.00108939
1.81571 0.00108938
1.81572 0.00108938
1.81574 0.00108938
1.81575 0.00108938
1.81576 0.00108937
1.81577 0.00108937
1.81578 0.00108937
1.81581 0.00108937
1.81583 0.00108937
1.81586 0.00108936
1.81588 0.00108936
1.81591 0.00108936
1.81592 0.00108936
1.81593 0.00108936
1.81597 0.00108936
1.82318 0.00109089
1.82319 0.00109223
1.8232 0.0010934
1.82321 0.00109442
1.82323 0.00109532
1.82324 0.0010961
1.82325 0.00109679
1.82326 0.00109739
1.82328 0.00109792
1.82329 0.00109838
1.8233 0.00109878
1.82331 0.00109913
1.82332 0.00109944
1.82334 0.00109971
1.82335 0.00109995
1.82336 0.00110015
1.82337 0.00110033
1.82339 0.00110049
1.8234 0.00110063
1.82341 0.00110075
1.82342 0.00110086
1.82345 0.00110095
1.82347 0.00110103
1.8235 0.0011011
1.82352 0.00110116
1.82354 0.00110122
1.82356 0.00110126
1.82357 0.00110131
1.82361 0.00110134
1.82362 0.00110137
1.82363 0.0011014
1.82365 0.00110143
1.82372 0.00110145
1.82379 0.00110147
1.82395 0.00110148
1.82406 0.0011015
1.82414 0.00110151
1.82418 0.00110152
1.82421 0.00110153
1.82423 0.00110154
1.82425 0.00110154
1.82428 0.00110155
1.82429 0.00110156
1.8243 0.00110156
1.82432 0.00110157
1.82433 0.00110157
1.82434 0.00110157
1.82435 0.00110158
1.82436 0.00110158
1.82438 0.00110158
1.82439 0.00110158
1.8244 0.00110158
1.82441 0.00110159
1.82443 0.00110159
1.82444 0.00110159
1.82445 0.00110159
1.82446 0.00110159
1.82447 0.00110159
1.82449 0.00110159
1.8245 0.00110159
1.91609 0.00110312
1.9161 0.00110446
1.91613 0.00110716
1.91615 0.001108
1.91616 0.00110873
1.91618 0.00110937
1.9162 0.00110993
1.91626 0.00111042
1.91634 0.00111084
1.91649 0.00111122
1.91661 0.00111154
1.91669 0.00111183
1.91673 0.00111208
1.91675 0.0011123
1.91678 0.00111249
1.9168 0.00111266
1.91683 0.00111281
1.91684 0.00111294
1.91685 0.00111305
1.91686 0.00111315
1.91687 0.00111323
1.91689 0.00111331
1.9169 0.00111337
1.91691 0.00111343
1.91692 0.00111348
1.91694 0.00111353
1.91695 0.00111357
1.91696 0.0011136
1.91697 0.00111363
1.91698 0.00111366
1.917 0.00111368
1.91701 0.0011137
1.91702 0.00111372
1.91703 0.00111373
1.91705 0.00111374
1.91706 0.00111376
1.91707 0.00111377
1.91709 0.00111378
1.91712 0.00111378
1.91714 0.00111379
1.91717 0.0011138
1.91719 0.0011138
1.9172 0.00111381
1.91722 0.00111381
1.91724 0.00111381
1.91727 0.00111381
1.91728 0.00111382
1.91729 0.00111382
1.91731 0.00111382
1.91738 0.00111382
1.91745 0.00111383
1.91761 0.00111383
1.91772 0.00111383
1.9178 0.00111383
1.91784 0.00111383
1.91787 0.00111383
1.91789 0.00111383
1.91791 0.00111383
2.00115 0.00111461
2.0013 0.00103753
2.00131 0.000971616
2.00133 0.00091394
2.00134 0.000865003
2.00135 0.000822183
2.00136 0.000786246
2.00138 0.000753271
2.00139 0.000725948
2.00141 0.00069745
2.00142 0.000674044
2.00149 0.000652034
2.0015 0.000634305
2.0019 0.000647842
2.00192 0.000662747
2.00202 0.000655633
2.00203 0.000649408
2.00204 0.000645492
2.00205 0.000635945
2.00207 0.000629121
2.00208 0.00062315
2.00209 0.000619456
2.00272 0.000644534
2.00274 0.000669537
2.00275 0.000689884
2.00276 0.000709218
2.00278 0.000707775
2.00279 0.000706513
2.00385 0.000760488
2.00388 0.000810777
2.00389 0.000853249
2.0039 0.000890412
2.00392 0.00092446
2.00393 0.000954252
2.00394 0.00098032
2.00396 0.00100466
2.00557 0.00108257
2.00558 0.00114921
2.00713 0.00120069
2.00714 0.00124573
2.00781 0.00117494
2.00784 0.00111759
2.00787 0.00106893
2.00791 0.00103095
2.00918 0.00107344
2.0092 0.00111368
2.00923 0.00114736
2.00925 0.00117989
2.00926 0.00120682
2.00929 0.00123345
2.00931 0.00125522
2.00934 0.00127732
2.01061 0.00129667
2.01064 0.00131665
2.01065 0.00133261
2.01067 0.00134658
2.0107 0.00135879
2.01071 0.00136948
2.01073 0.00137884
2.01076 0.00138702
2.01078 0.00139418
2.01206 0.00140045
2.01208 0.00140593
2.01209 0.00141073
2.01212 0.00141493
2.01214 0.0014186
2.01215 0.00142182
2.01218 0.00142463
2.0122 0.00142709
2.01223 0.00142924
2.0135 0.00143113
2.01352 0.00143278
2.01354 0.00143422
2.01356 0.00143548
2.01359 0.00143658
2.0136 0.00143755
2.01362 0.0014384
2.01365 0.00143914
2.01367 0.00143978
2.01445 0.00137512
2.01446 0.00131853
2.01447 0.00126749
2.01448 0.00121976
2.0145 0.00117648
2.01451 0.00114013
2.01452 0.0011068
2.01453 0.0010761
2.01454 0.00105077
2.01495 0.00098268
2.01498 0.000926159
2.015 0.000878233
2.01503 0.000839357
2.01505 0.000806871
2.01506 0.000779976
2.01507 0.000756443
2.01509 0.000737381
2.0151 0.000720702
2.01511 0.000707638
2.01512 0.000696207
2.01514 0.000687735
2.01515 0.000680322
2.01516 0.000675365
2.01517 0.000671028
2.01519 0.000668763
2.0152 0.000666781
2.01521 0.000666577
2.01546 0.000646954
2.01549 0.000632844
2.0155 0.000618968
2.01552 0.000609887
2.01554 0.000600411
2.01556 0.000595179
2.01557 0.000589071
2.0156 0.000586787
2.01561 0.000583258
2.01562 0.0005817
2.01563 0.000580337
2.01565 0.000580674
2.01566 0.000580969
2.01567 0.000582757
2.01568 0.000584322
2.01569 0.000587221
2.01571 0.000589758
2.01572 0.000593508
2.01573 0.000596789
2.01574 0.00060119
2.01576 0.000605041
2.01577 0.00060994
2.01578 0.000614227
2.01579 0.000619508
2.0158 0.000624129
2.01582 0.000629702
2.01583 0.000634579
2.01584 0.000640376
2.01585 0.000645449
2.01588 0.000652947
2.0159 0.000661038
2.01593 0.000671178
2.01595 0.00068158
2.01598 0.000693742
2.016 0.000705914
2.01603 0.000719624
2.01611 0.000710761
2.01614 0.000706065
2.01616 0.000701956
2.01617 0.000699891
2.0162 0.000699614
2.01621 0.000700902
2.01622 0.000700499
2.01625 0.000703206
2.01626 0.000705575
2.01627 0.000709178
2.01629 0.00071233
2.01631 0.000715088
2.01632 0.000715972
2.01633 0.000716745
2.01634 0.000717421
2.01636 0.000718013
2.01637 0.000718531
2.01638 0.000718984
2.01639 0.000719381
2.0164 0.000719728
2.01642 0.000720032
2.01643 0.000720298
2.01644 0.00072053
2.01645 0.000720733
2.01647 0.000720911
2.01648 0.000721067
2.01649 0.000721203
2.0165 0.000721322
2.01651 0.000721426
2.01653 0.000721517
2.01654 0.000721597
2.01655 0.000721667
2.01656 0.000721728
2.01659 0.000723312
2.0166 0.000723168
2.01662 0.000723042
2.01665 0.000722931
2.01667 0.000722834
2.0167 0.000722749
2.01672 0.000722675
2.01675 0.00072261
2.01683 0.000722553
2.01686 0.000722503
2.01688 0.00072246
2.01691 0.000723952
2.01693 0.000725258
2.01694 0.0007264
2.01696 0.0007274
2.01698 0.000728275
2.01699 0.00072904
2.017 0.00072971
2.01703 0.000730296
2.01704 0.000730809
2.01705 0.000731257
2.01707 0.000731649
2.01708 0.000731992
2.01709 0.000732293
2.0171 0.000732556
2.01711 0.000732786
2.01713 0.000732987
2.01714 0.000733163
2.01715 0.000733317
2.01716 0.000733452
2.01718 0.00073357
2.01719 0.000733673
2.0172 0.000733763
2.01721 0.000733842
2.01722 0.000733911
2.01724 0.000733972
2.01725 0.000734025
2.01726 0.000734071
2.01727 0.000734112
2.01729 0.000734148
2.0173 0.000734179
2.01732 0.000734206
2.01733 0.00073423
2.01736 0.000734251
2.01738 0.000734269
2.01741 0.000734285
2.01743 0.000734299
2.01746 0.000734311
2.01748 0.000734322
2.01757 0.000734331
2.01759 0.000734339
2.01762 0.000734346
2.01764 0.000734352
2.01767 0.000734358
2.01769 0.000735893
2.0177 0.000737236
2.01773 0.000738411
2.01774 0.000739439
2.01775 0.000740339
2.01778 0.000741126
2.01779 0.000741815
2.0178 0.000742418
2.01781 0.000742945
2.01782 0.000743406
2.01784 0.00074381
2.01785 0.000741103
2.01786 0.000738735
2.01787 0.000738193
2.01789 0.000736188
2.0179 0.000734434
2.01791 0.000732899
2.01792 0.000733086
2.01793 0.00073325
2.01795 0.000734923
2.01796 0.000733327
2.01797 0.000733461
2.01798 0.000733578
2.018 0.00073521
2.01801 0.000736638
2.01802 0.000737888
2.01804 0.000740512
2.01806 0.000742808
2.01807 0.000743287
2.01809 0.000745236
2.01811 0.000745411
2.01813 0.000745564
2.01815 0.000745698
2.01818 0.000745815
2.0182 0.000745918
2.0183 0.000744478
2.01834 0.000741688
2.01836 0.000739247
2.01839 0.000740171
2.0184 0.000739449
2.01842 0.000741877
2.01845 0.000744002
2.01846 0.000745861
2.01849 0.000747488
2.0185 0.000748912
2.01851 0.000750158
2.01853 0.000751248
2.01855 0.000752202
2.01856 0.000753036
2.01857 0.000750706
2.01858 0.000748667
2.0186 0.000746883
2.01861 0.000745322
2.01862 0.000743956
2.01863 0.000742761
2.01864 0.000741715
2.01866 0.0007408
2.01867 0.00074
2.01868 0.0007393
2.01869 0.000738687
2.01871 0.000738151
2.01872 0.000737682
2.01873 0.000738801
2.01874 0.00073978
2.01875 0.000742167
2.01878 0.000745786
2.01879 0.000748952
2.0188 0.000750193
2.01882 0.000751278
2.01884 0.000753758
2.01885 0.000754398
2.01886 0.000754958
2.01889 0.000755448
2.01891 0.000755877
2.01894 0.000756252
2.01907 0.00075352
2.0191 0.00075113
2.01912 0.000749038
2.01913 0.000748738
2.01916 0.000750005
2.01918 0.000754174
2.01921 0.000754762
2.01922 0.000755276
2.01924 0.000758786
2.01926 0.000760327
2.01927 0.000761676
2.01928 0.000762856
2.01931 0.000763889
2.01932 0.000764792
2.01933 0.000765583
2.01934 0.000763215
2.01935 0.000761143
2.01937 0.00075933
2.01938 0.000757743
2.01939 0.000757885
2.0194 0.000756479
2.01942 0.000755249
2.01943 0.000754172
2.01944 0.00075476
2.01945 0.000753745
2.01946 0.000752856
2.01948 0.000752079
2.01949 0.000751399
2.0195 0.000750804
2.01953 0.000750283
2.01954 0.000751357
2.01955 0.000750767
2.01956 0.000750251
2.01959 0.000749799
2.0196 0.000750934
2.01961 0.000750397
2.01964 0.000749927
2.01966 0.000752576
2.01968 0.000751834
2.01971 0.000754244
2.01984 0.000753293
2.01987 0.000752461
2.01989 0.000753263
2.01992 0.000753965
2.01994 0.000754579
2.01997 0.000755116
2.01998 0.000755586
2.02 0.000755997
2.02002 0.000756357
2.02003 0.000756672
2.02004 0.000756948
2.02006 0.000757189
2.02008 0.0007574
2.02009 0.000757585
2.0201 0.000757746
2.02011 0.000757887
2.02013 0.000758011
2.02014 0.000758119
2.02015 0.000758214
2.02016 0.000758297
2.02017 0.000758369
2.02019 0.000758432
2.0202 0.000758488
2.02021 0.000758537
2.02022 0.000758579
2.02024 0.000758616
2.02025 0.000758649
2.02026 0.000758677
2.02028 0.000758702
2.0203 0.000758724
2.02031 0.000758743
2.02032 0.00075876
2.02035 0.000758775
2.02036 0.000758788
2.02037 0.000758799
2.02039 0.000758809
2.02042 0.000758817
2.02044 0.000758824
2.02047 0.000758831
2.0206 0.000758837
2.02064 0.000760372
2.02066 0.000761715
2.02069 0.00076289
2.02071 0.000763918
2.02074 0.000764818
2.02075 0.000765605
2.02077 0.000766294
2.02079 0.000766897
2.0208 0.000767424
2.02081 0.000767886
2.02084 0.00076829
2.02085 0.000768643
2.02086 0.000768952
2.02087 0.000769223
2.02088 0.00077099
2.0209 0.000771006
2.02091 0.00077102
2.02092 0.000771032
2.02093 0.000771043
2.02095 0.000772582
2.02096 0.000772399
2.02097 0.000772239
2.02098 0.000772099
2.02099 0.000773506
2.02101 0.000773207
2.02102 0.000772946
2.02103 0.000772717
2.02106 0.000772517
2.02107 0.000772342
2.02108 0.000772189
2.02109 0.000772055
2.02112 0.000774998
2.02113 0.000774513
2.02114 0.000774088
2.02117 0.000773717
2.02119 0.000773392
2.02121 0.000773108
2.02124 0.000772859
2.02137 0.000772641
2.02142 0.00077398
2.02145 0.000775152
2.02147 0.000776178
2.0215 0.000777075
2.02152 0.00077786
2.02153 0.000778547
2.02156 0.000782208
2.02157 0.000783882
2.02158 0.000785346
2.02159 0.000786627
2.02161 0.000787748
2.02163 0.000788729
2.02164 0.000789587
2.02166 0.000790338
2.02167 0.000790995
2.02168 0.00079157
2.02169 0.000792073
2.0217 0.000792513
2.02172 0.000792898
2.02173 0.000793235
2.02174 0.00079353
2.02175 0.000793788
2.02177 0.000794014
2.02178 0.000794212
2.02179 0.000794385
2.0218 0.000794536
2.02181 0.000794669
2.02183 0.000794785
2.02185 0.000794886
2.02186 0.000794975
2.02188 0.000795053
2.02189 0.000795121
2.02191 0.00079518
2.02192 0.000795232
2.02194 0.000795278
2.02196 0.000795318
2.02199 0.000795353
2.02201 0.000795383
2.02204 0.00079541
2.02217 0.000795433
2.02223 0.000796983
2.02226 0.00079834
2.02228 0.000799527
2.0223 0.000800566
2.02233 0.000801475
2.02234 0.00080227
2.02237 0.000802966
2.02238 0.000803575
2.02239 0.000804108
2.0224 0.000804574
2.02241 0.000804982
2.02244 0.000805339
2.02245 0.000805651
2.02246 0.000805924
2.02248 0.000806163
2.02249 0.000806372
2.0225 0.000806555
2.02251 0.000806715
2.02252 0.000806855
2.02254 0.000806978
2.02255 0.000807085
2.02256 0.000807179
2.02257 0.000807261
2.02259 0.000807333
2.0226 0.000807396
2.02261 0.000807451
2.02262 0.000807499
2.02263 0.000807541
2.02266 0.000807578
2.02267 0.00080761
2.02268 0.000807638
2.0227 0.000807663
2.02272 0.000807685
2.02273 0.000807704
2.02274 0.000807721
2.02277 0.000807735
2.02281 0.000809278
2.02283 0.000810628
2.02286 0.000811809
2.02299 0.000812842
2.02305 0.000813746
2.02308 0.000814537
2.0231 0.000815229
2.02312 0.000815835
2.02316 0.000817895
2.02317 0.000819698
2.0232 0.000821275
2.02321 0.000822655
2.02322 0.000823863
2.02323 0.00082492
2.02325 0.000825845
2.02327 0.000826654
2.02328 0.000827362
2.0233 0.000827981
2.02331 0.000828523
2.02332 0.000828997
2.02333 0.000829412
2.02334 0.000829775
2.02336 0.000830093
2.02337 0.000830371
2.02338 0.000830614
2.02339 0.000830827
2.02341 0.000831013
2.02342 0.000831176
2.02343 0.000832849
2.02344 0.000834312
2.02345 0.000835593
2.02347 0.000836713
2.02349 0.000839223
2.0235 0.00083989
2.02352 0.000840473
2.02353 0.000840983
2.02354 0.00084143
2.02357 0.000841821
2.02358 0.000842163
2.02359 0.000842462
2.02361 0.000842724
2.02365 0.000842953
2.02368 0.000843153
2.0237 0.000843328
2.02383 0.000843482
2.02391 0.000845146
2.02393 0.000846602
2.02396 0.000847876
2.02398 0.000848991
2.02402 0.000849967
2.02403 0.000850821
2.02405 0.000851568
2.02407 0.000852222
2.02408 0.000852794
2.02409 0.000853294
2.0241 0.000853732
2.02413 0.000854115
2.02414 0.00085445
2.02415 0.000854743
2.02416 0.000855
2.02418 0.000855225
2.02419 0.000855421
2.0242 0.000855593
2.02421 0.000855743
2.02423 0.000855875
2.02424 0.00085599
2.02425 0.000856091
2.02426 0.000856179
2.02427 0.000856256
2.02429 0.000856324
2.0243 0.000856383
2.02431 0.000856435
2.02432 0.00085648
2.02435 0.00085652
2.02436 0.000856555
2.02437 0.000856585
2.02439 0.000856611
2.0244 0.000856634
2.02442 0.000856654
2.02443 0.000856672
2.02445 0.000856688
2.02447 0.000856702
2.02451 0.000856714
2.02453 0.000856724
2.02456 0.000856733
2.02469 0.000856741
2.02478 0.000858278
2.0248 0.000859623
2.02483 0.0008608
2.02485 0.00086183
2.02489 0.000862731
2.0249 0.000863519
2.02492 0.000864209
2.02494 0.000864812
2.02495 0.00086534
2.02496 0.000865802
2.02497 0.000866206
2.025 0.00086656
2.02502 0.0008684
2.02503 0.00087001
2.02505 0.000871418
2.02506 0.00087265
2.02507 0.000873728
2.02508 0.000874672
2.0251 0.000875498
2.02511 0.00087622
2.02512 0.000876852
2.02513 0.000877405
2.02514 0.000877889
2.02516 0.000878312
2.02517 0.000878683
2.02518 0.000879007
2.02519 0.000879291
2.02521 0.000879539
2.02523 0.000879756
2.02524 0.000879946
2.02525 0.000880112
2.02527 0.000880258
2.02528 0.000880385
2.0253 0.000880496
2.02532 0.000880594
2.02533 0.000880679
2.02535 0.000880754
2.02539 0.000880819
2.02541 0.000880876
2.02544 0.000880926
2.02557 0.00088097
2.02566 0.000881008
2.02569 0.000882572
2.02572 0.00088394
2.02574 0.000885137
2.02578 0.000886184
2.02579 0.000887101
2.02582 0.000887903
2.02583 0.000888605
2.02584 0.000889219
2.02585 0.000889756
2.02587 0.000890226
2.02589 0.000890637
2.02592 0.000890997
2.02593 0.000891312
2.02594 0.000891588
2.02595 0.000891829
2.02596 0.00089204
2.02598 0.000892225
2.02599 0.000892386
2.026 0.000892527
2.02601 0.000892651
2.02603 0.000892759
2.02604 0.000892854
2.02605 0.000892937
2.02606 0.000893009
2.02607 0.000893072
2.02609 0.000893128
2.0261 0.000893177
2.02612 0.000893219
2.02614 0.000893256
2.02615 0.000893289
2.02616 0.000893317
2.02617 0.000893342
2.0262 0.000893364
2.02621 0.000893383
2.02622 0.0008934
2.02625 0.000893415
2.02628 0.000893428
2.02631 0.000893439
2.02633 0.000893449
2.02647 0.000893457
2.02656 0.000894994
2.0266 0.000896339
2.02663 0.000897516
2.02665 0.000898546
2.02669 0.000899447
2.02671 0.000901766
2.02674 0.000903795
2.02675 0.00090557
2.02676 0.000907123
2.02677 0.000908482
2.02678 0.000909671
2.02681 0.000910712
2.02683 0.000911623
2.02685 0.00091242
2.02686 0.000913117
2.02687 0.000913727
2.02688 0.000914261
2.02689 0.000914728
2.02691 0.000915137
2.02692 0.000915494
2.02693 0.000915807
2.02694 0.000916081
2.02696 0.00091632
2.02697 0.00091653
2.02698 0.000916713
2.02699 0.000916873
2.027 0.000917013
2.02702 0.000917136
2.02704 0.000917244
2.02705 0.000917338
2.02707 0.00091742
2.02708 0.000917492
2.02709 0.000917555
2.02711 0.00091761
2.02713 0.000917658
2.02714 0.0009177
2.02716 0.000917737
2.0272 0.000917769
2.02722 0.000917797
2.02725 0.000917822
2.02738 0.000917844
2.02749 0.000919393
2.02753 0.000920748
2.02756 0.000921934
2.02758 0.000922972
2.02762 0.00092388
2.02764 0.000924675
2.02767 0.00092537
2.02768 0.000925978
2.02769 0.00092651
2.0277 0.000926976
2.02771 0.000927384
2.02774 0.000927741
2.02776 0.000928053
2.02778 0.000928326
2.02779 0.000928565
2.0278 0.000928774
2.02781 0.000928957
2.02782 0.000929117
2.02784 0.000929257
2.02785 0.000929379
2.02786 0.000929486
2.02787 0.00092958
2.02789 0.000929662
2.0279 0.000929734
2.02791 0.000929797
2.02792 0.000929852
2.02793 0.0009299
2.02795 0.000929942
2.02797 0.000929979
2.02798 0.000930011
2.028 0.000930039
2.02801 0.000930064
2.02802 0.000930086
2.02804 0.000930105
2.02806 0.000930121
2.02807 0.000930135
2.02809 0.000930148
2.02814 0.000931689
2.02817 0.000933037
2.02819 0.000934217
2.02833 0.000935249
2.02844 0.000936152
2.02849 0.000938473
2.02851 0.000940503
2.02853 0.00094228
2.02857 0.000943835
2.0286 0.000945195
2.02862 0.000946385
2.02863 0.000947426
2.02864 0.000948337
2.02866 0.000949134
2.02867 0.000949832
2.02869 0.000950443
2.02872 0.000950977
2.02873 0.000951444
2.02874 0.000951853
2.02875 0.000952211
2.02877 0.000952524
2.02878 0.000952798
2.02879 0.000953038
2.0288 0.000953248
2.02882 0.000953432
2.02883 0.000953593
2.02884 0.000953733
2.02885 0.000953856
2.02886 0.000953964
2.02888 0.000954058
2.02889 0.00095414
2.0289 0.000954212
2.02893 0.000954275
2.02894 0.00095433
2.02895 0.000954378
2.02896 0.00095442
2.02898 0.000954457
2.029 0.000954489
2.02901 0.000954517
2.02902 0.000954542
2.02905 0.000954564
2.0291 0.000954583
2.02912 0.0009546
2.02915 0.000954615
2.02929 0.000956158
2.0294 0.000957508
2.02945 0.000958689
2.02949 0.000961252
2.02951 0.000963495
2.02955 0.000965458
2.02957 0.000967175
2.0296 0.000968678
2.02961 0.000969993
2.02962 0.000971143
2.02964 0.00097215
2.02965 0.000973031
2.02967 0.000973802
2.0297 0.000974476
2.02971 0.000975066
2.02972 0.000975582
2.02973 0.000976034
2.02975 0.000976429
2.02976 0.000976775
2.02977 0.000977078
2.02978 0.000977343
2.0298 0.000977575
2.02981 0.000977778
2.02982 0.000977955
2.02983 0.00097811
2.02984 0.000978246
2.02986 0.000978365
2.02987 0.000978469
2.02988 0.00097856
2.02991 0.00097864
2.02992 0.00097871
2.02993 0.000978771
2.02994 0.000978824
2.02995 0.000978871
2.02998 0.000978912
2.02999 0.000978948
2.03 0.000978979
2.03003 0.000979006
2.03008 0.00097903
2.0301 0.000979051
2.03013 0.000979069
2.03027 0.000979085
2.03039 0.000980629
2.03044 0.00098198
2.03048 0.000983162
2.03052 0.000985726
2.03055 0.00098797
2.03058 0.000989933
2.0306 0.000991651
2.03062 0.000993154
2.03063 0.000994469
2.03064 0.00099562
2.03065 0.000996627
2.03068 0.000997508
2.0307 0.000998279
2.03071 0.000998954
2.03073 0.000999544
2.03074 0.00100006
2.03075 0.00100051
2.03076 0.00100091
2.03077 0.00100125
2.03079 0.00100156
2.0308 0.00100182
2.03081 0.00100205
2.03082 0.00100226
2.03084 0.00100243
2.03085 0.00100259
2.03086 0.00100272
2.03087 0.00100284
2.03088 0.00100295
2.03091 0.00100304
2.03092 0.00100312
2.03093 0.00100319
2.03095 0.00100325
2.03096 0.0010033
2.03098 0.00100335
2.03099 0.00100339
2.03101 0.00100343
2.03103 0.00100346
2.03108 0.00100348
2.0311 0.00100351
2.03113 0.00100353
2.03128 0.00100355
2.03141 0.00100509
2.03146 0.00100645
2.0315 0.00100763
2.03155 0.0010102
2.03158 0.00101244
2.03161 0.00101441
2.03163 0.00101613
2.03164 0.00101763
2.03166 0.00101895
2.03167 0.0010201
2.03168 0.0010211
2.0317 0.00102199
2.03173 0.00102276
2.03174 0.00102343
2.03175 0.00102402
2.03177 0.00102454
2.03178 0.00102499
2.03179 0.00102539
2.0318 0.00102573
2.03181 0.00102604
2.03183 0.0010263
2.03184 0.00102653
2.03185 0.00102674
2.03186 0.00102691
2.03188 0.00102707
2.03189 0.00102721
2.0319 0.00102732
2.03191 0.00102743
2.03194 0.00102752
2.03195 0.0010276
2.03196 0.00102767
2.03197 0.00102773
2.03199 0.00102778
2.03201 0.00102783
2.03202 0.00102787
2.03204 0.00102791
2.03206 0.00102794
2.03211 0.00102797
2.03213 0.00102799
2.03216 0.00102801
2.0323 0.00102803
2.03245 0.00102957
2.0325 0.00103093
2.03255 0.00103364
2.0326 0.00103601
2.03263 0.00103809
2.03266 0.00103991
2.03268 0.0010415
2.0327 0.00104289
2.03271 0.00104411
2.03272 0.00104518
2.03273 0.00104611
2.03276 0.00104693
2.03278 0.00104764
2.03279 0.00104827
2.03281 0.00104881
2.03282 0.00104929
2.03283 0.00104971
2.03284 0.00105007
2.03286 0.00105039
2.03287 0.00105067
2.03288 0.00105092
2.03289 0.00105113
2.0329 0.00105132
2.03292 0.00105149
2.03293 0.00105163
2.03294 0.00105175
2.03295 0.00105186
2.03297 0.00105196
2.03299 0.00105204
2.033 0.00105212
2.03301 0.00105218
2.03303 0.00105224
2.03304 0.00105229
2.03306 0.00105233
2.03308 0.00105237
2.03309 0.0010524
2.03311 0.00105243
2.03316 0.00105246
2.03319 0.00105248
2.03321 0.0010525
2.03337 0.00105405
2.03352 0.0010554
2.03358 0.00105812
2.03363 0.00106049
2.03368 0.00106257
2.03371 0.00106439
2.03374 0.00106598
2.03376 0.00106737
2.03377 0.00106859
2.03379 0.00106965
2.0338 0.00107059
2.03381 0.0010714
2.03383 0.00107212
2.03386 0.00107274
2.03387 0.00107329
2.03388 0.00107377
2.0339 0.00107419
2.03391 0.00107455
2.03392 0.00107487
2.03393 0.00107515
2.03394 0.0010754
2.03396 0.00107561
2.03397 0.0010758
2.03398 0.00107596
2.03399 0.00107611
2.03401 0.00107624
2.03402 0.00107635
2.03403 0.00107644
2.03404 0.00107653
2.03407 0.0010766
2.03408 0.00107666
2.03409 0.00107672
2.0341 0.00107677
2.03412 0.00107681
2.03414 0.00107685
2.03415 0.00107688
2.03416 0.00107691
2.03419 0.00107694
2.03425 0.00107849
2.03428 0.00107985
2.0343 0.00108104
2.03446 0.00108208
2.03461 0.00108299
2.03467 0.00108378
2.03472 0.00108448
2.03476 0.00108509
2.0348 0.00108562
2.03483 0.00108609
2.03485 0.0010865
2.03486 0.00108685
2.03487 0.00108717
2.03489 0.00108744
2.0349 0.00108768
2.03492 0.00108789
2.03495 0.00108807
2.03496 0.00108823
2.03497 0.00108837
2.03498 0.0010885
2.035 0.0010886
2.03501 0.0010887
2.03502 0.00108878
2.03503 0.00108885
2.03505 0.00108891
2.03506 0.00108897
2.03507 0.00108902
2.03508 0.00108906
2.0351 0.0010891
2.03511 0.00108913
2.03512 0.00108916
2.03513 0.00108918
2.03516 0.0010892
2.03517 0.00108922
2.03518 0.00108924
2.03519 0.00108925
2.03521 0.00108927
2.03523 0.00108928
2.03524 0.00108929
2.03525 0.0010893
2.03528 0.0010893
2.03534 0.00108931
2.03536 0.00108932
2.03539 0.00108932
2.03555 0.00108933
2.03569 0.00108933
2.03576 0.00108933
2.03581 0.00108934
2.03585 0.00108934
2.03589 0.00108934
2.03592 0.00108934
2.03594 0.00108935
2.03595 0.00108935
2.03596 0.00108935
2.03598 0.00108935
2.03599 0.00108935
2.03601 0.00108935
2.03604 0.00108935
2.03605 0.00108935
2.03606 0.00108935
2.0426 0.00109088
2.04261 0.00109222
2.04262 0.00109339
2.04263 0.00109442
2.04265 0.00109532
2.04266 0.0010961
2.04267 0.00109679
2.04268 0.00109739
2.0427 0.00109792
2.04271 0.00109837
2.04272 0.00109878
2.04273 0.00109913
2.04275 0.00109944
2.04276 0.00109971
2.04277 0.00109994
2.04279 0.00110015
2.04281 0.00110033
2.04282 0.00110049
2.04283 0.00110063
2.04284 0.00110075
2.04287 0.00110085
2.04288 0.00110095
2.04289 0.00110103
2.04292 0.0011011
2.04298 0.00110116
2.043 0.00110122
2.04303 0.00110126
2.04319 0.00110131
2.04333 0.00110134
2.04339 0.00110137
2.04344 0.0011014
2.04349 0.00110143
2.04353 0.00110145
2.04355 0.00110147
2.04358 0.00110148
2.04359 0.0011015
2.0436 0.00110151
2.04361 0.00110152
2.04363 0.00110153
2.04365 0.00110154
2.04368 0.00110154
2.0437 0.00110155
2.04371 0.00110156
2.04372 0.00110156
2.04374 0.00110157
2.04375 0.00110157
2.04376 0.00110157
2.04377 0.00110158
2.04379 0.00110158
2.0438 0.00110158
2.04381 0.00110158
2.04382 0.00110158
2.04383 0.00110159
2.04385 0.00110159
2.04386 0.00110159
2.04387 0.00110159
2.0439 0.00110159
2.04391 0.00110159
2.04392 0.00110159
2.04393 0.00110159
2.1011 0.00110285
2.10112 0.00110406
2.10113 0.00110512
2.10114 0.00110605
2.10115 0.00110686
2.10117 0.00110757
2.10119 0.00110819
2.1012 0.00110873
2.10121 0.00110921
2.10123 0.00110963
2.10124 0.00110999
2.10126 0.00111031
2.10128 0.00111059
2.10129 0.00111083
2.10131 0.00111105
2.10139 0.00111276
2.10141 0.00111426
2.10143 0.00111558
2.10159 0.00111673
2.10174 0.00111773
2.10181 0.00112015
2.10186 0.00112225
2.1019 0.00112257
2.10194 0.00112285
2.10196 0.00112309
2.10199 0.0011233
2.102 0.00112349
2.10201 0.00112365
2.10202 0.00112379
2.10203 0.00112391
2.10206 0.00112402
2.10207 0.00112259
2.1021 0.00112133
2.10211 0.00112023
2.10212 0.00111927
2.10213 0.00111843
2.10214 0.00111769
2.10216 0.00111705
2.10217 0.00111648
2.10218 0.00111599
2.10219 0.00111556
2.10221 0.00111393
2.10222 0.00111239
2.10223 0.00111104
2.10224 0.00110986
2.10225 0.00110882
2.10227 0.00110792
2.10229 0.00110713
2.1023 0.00110644
2.10232 0.00110583
2.10233 0.0011053
2.10234 0.00110484
2.10236 0.00110443
2.10238 0.00110408
2.10239 0.00110377
2.10241 0.0011035
2.10249 0.00110326
2.10251 0.00110305
2.10254 0.00110287
2.1027 0.00110271
2.10284 0.00110257
2.10292 0.00110245
2.10296 0.00110234
2.103 0.00110225
2.10304 0.00110217
2.10306 0.0011021
2.10309 0.00110203
2.1031 0.00110198
2.10311 0.00110193
2.10312 0.00110189
2.10314 0.00110185
2.10316 0.00110182
2.10317 0.00110179
2.1032 0.00110177
2.10321 0.00110175
2.10322 0.00110173
2.10323 0.00110171
2.10325 0.0011017
2.10326 0.00110169
2.10327 0.00110167
2.10328 0.00110166
2.1033 0.00110166
2.10331 0.00110165
2.10332 0.00110164
2.10333 0.00110164
2.10334 0.00110163
2.10336 0.00110163
2.10337 0.00110162
2.10339 0.00110162
2.10341 0.00110162
2.10342 0.00110161
2.10343 0.00110161
2.10344 0.00110161
2.10347 0.00110161
2.10348 0.00110161
2.10349 0.00110161
2.10352 0.0011016
2.10359 0.0011016
2.10361 0.0011016
2.10364 0.0011016
2.1038 0.0011016
2.10394 0.0011016
2.13199 0.00110313
2.132 0.00110447
2.13201 0.00110564
2.13203 0.00110819
2.13205 0.0011089
2.13206 0.00110952
2.13207 0.00111006
2.13208 0.00111053
2.1321 0.00111094
2.13212 0.0011113
2.13213 0.00111162
2.13214 0.0011119
2.13217 0.00111214
2.13224 0.00111235
2.13227 0.00111254
2.13229 0.0011127
2.13245 0.00111284
2.1326 0.00111297
2.13267 0.00111308
2.13272 0.00111317
2.13276 0.00111325
2.13279 0.00111333
2.13282 0.00111339
2.13284 0.00111345
2.13285 0.00111349
2.13287 0.00111354
2.13288 0.00111357
2.13289 0.00111361
2.13292 0.00111364
2.13293 0.00111366
2.13295 0.00111368
2.13296 0.0011137
2.13298 0.00111372
2.13299 0.00111374
2.133 0.00111375
2.13301 0.00111376
2.13303 0.00111377
2.13304 0.00111378
2.13305 0.00111378
2.13306 0.00111379
2.13308 0.0011138
2.13309 0.0011138
2.1331 0.00111381
2.13311 0.00111381
2.13312 0.00111381
2.13315 0.00111382
2.13316 0.00111382
2.13317 0.00111382
2.13319 0.00111382
2.1332 0.00111382
2.13321 0.00111383
2.13323 0.00111383
2.13325 0.00111383
2.13326 0.00111383
2.13328 0.00111383
2.13336 0.00111383
2.13338 0.00111383
2.13341 0.00111383
2.24338 0.00111536
2.24339 0.0011167
2.24342 0.0011194
2.24343 0.00112024
2.24344 0.00112097
2.24346 0.00112161
2.24347 0.00112217
2.24348 0.00112265
2.24349 0.00112308
2.24352 0.00112346
2.24353 0.00112378
2.24354 0.00112407
2.24357 0.00112432
2.24364 0.00112454
2.24366 0.00112473
2.24369 0.0011249
2.24385 0.00112505
2.24399 0.00112518
2.24407 0.00112529
2.24412 0.00112539
2.24415 0.00112547
2.24419 0.00112555
2.24421 0.00112561
2.24424 0.00112567
2.24425 0.00112572
2.24426 0.00112577
2.24428 0.00112581
2.24429 0.00112584
2.24431 0.00112587
2.24432 0.0011259
2.24435 0.00112592
2.24436 0.00112594
2.24437 0.00112596
2.24439 0.00112597
2.2444 0.00112598
2.24441 0.001126
2.24442 0.00112601
2.24443 0.00112601
2.24445 0.00112602
2.24446 0.00112603
2.24447 0.00112604
2.24448 0.00112604
2.2445 0.00112604
2.24451 0.00112605
2.24452 0.00112605
2.24454 0.00112605
2.24456 0.00112606
2.24457 0.00112606
2.24458 0.00112606
2.24459 0.00112606
2.24461 0.00112607
2.24462 0.00112607
2.24464 0.00112607
2.24465 0.00112607
2.24467 0.00112607
2.24469 0.00112607
2.24477 0.00112607
2.24479 0.00112607
2.2547 0.0011276
2.25472 0.00112894
2.25473 0.00113011
2.25474 0.00113114
2.25475 0.00113204
2.25477 0.00113282
2.25478 0.00113198
2.25479 0.00113124
2.2548 0.00113059
2.25483 0.00113003
2.2549 0.00112954
2.25492 0.0011291
2.25495 0.00112873
2.25511 0.00112839
2.25525 0.0011281
2.25533 0.00112785
2.25538 0.00112763
2.25541 0.00112743
2.25545 0.00112726
2.25548 0.00112712
2.2555 0.00112699
2.25551 0.00112687
2.25552 0.00112677
2.25554 0.00112669
2.25555 0.00112661
2.25557 0.00112654
2.25559 0.00112648
2.25561 0.00112643
2.25562 0.00112639
2.25563 0.00112635
2.25565 0.00112632
2.25566 0.00112629
2.25567 0.00112626
2.25568 0.00112624
2.2557 0.00112622
2.25571 0.0011262
2.25572 0.00112618
2.25573 0.00112617
2.25574 0.00112616
2.25576 0.00112615
2.25577 0.00112614
2.25578 0.00112613
2.25581 0.00112612
2.25583 0.00112612
2.25584 0.00112611
2.25585 0.00112611
2.25587 0.00112611
2.25588 0.0011261
2.25589 0.0011261
2.2559 0.00112609
2.25592 0.00112609
2.25593 0.00112609
2.25595 0.00112609
2.25603 0.00112609
2.25605 0.00112609
2.25607 0.00112608
2.25623 0.00112608
2.25638 0.00112608
2.25645 0.00112608
2.2565 0.00112608
2.25654 0.00112608
2.26712 0.00112761
2.26713 0.00112895
2.26714 0.00113012
2.26715 0.00113114
2.26716 0.00113204
2.26718 0.00113283
2.26719 0.00113351
2.2672 0.00113411
2.26721 0.00113311
2.26729 0.00113223
2.26731 0.00113146
2.26734 0.00113079
2.26749 0.0011302
2.26764 0.00112968
2.26772 0.00112923
2.26776 0.00112884
2.2678 0.00112849
2.26784 0.00112819
2.26786 0.00112793
2.26789 0.0011277
2.2679 0.00112749
2.26791 0.00112732
2.26792 0.00112716
2.26794 0.00112703
2.26796 0.00112691
2.26797 0.0011268
2.268 0.00112671
2.26801 0.00112663
2.26802 0.00112656
2.26803 0.0011265
2.26805 0.00112645
2.26806 0.0011264
2.26807 0.00112636
2.26808 0.00112633
2.26809 0.00112629
2.26811 0.00112627
2.26812 0.00112624
2.26813 0.00112622
2.26814 0.0011262
2.26816 0.00112619
2.26817 0.00112617
2.26819 0.00112616
2.26822 0.00112615
2.26824 0.00112614
2.26825 0.00112613
2.26827 0.00112613
2.26828 0.00112612
2.26829 0.00112612
2.2683 0.00112611
2.26831 0.00112611
2.26833 0.0011261
2.26834 0.0011261
2.26841 0.0011261
2.26844 0.00112609
2.26846 0.00112609
2.26862 0.00112609
2.26877 0.00112609
2.26884 0.00112609
2.26889 0.00112609
2.26893 0.00112608
2.26896 0.00112608
2.26899 0.00112608
2.26901 0.00112608
2.26902 0.00112608
2.26904 0.00112608
2.28716 0.00112761
2.28718 0.00112895
2.28719 0.00113012
2.2872 0.00113114
2.28721 0.00113204
2.28723 0.00113283
2.28724 0.00113351
2.28725 0.00113411
2.28726 0.00113464
2.28727 0.0011351
2.28729 0.0011355
2.2873 0.00113585
2.28731 0.00113616
2.28732 0.00113643
2.28735 0.00113667
2.28737 0.00113687
2.2874 0.00113705
2.28741 0.00113721
2.28742 0.00113735
2.28743 0.00113747
2.28745 0.00113758
2.28746 0.00113767
2.28747 0.00113775
2.28748 0.00113782
2.28749 0.00113788
2.28757 0.00113794
2.28759 0.00113798
2.28762 0.00113803
2.28778 0.00113806
2.28792 0.00113809
2.288 0.00113812
2.28805 0.00113815
2.28808 0.00113817
2.28812 0.00113819
2.28814 0.0011382
2.28817 0.00113822
2.28818 0.00113823
2.28819 0.00113824
2.2882 0.00113825
2.28822 0.00113826
2.28824 0.00113826
2.28825 0.00113827
2.28828 0.00113828
2.2883 0.00113828
2.28831 0.00113829
2.28833 0.00113829
2.28834 0.00113829
2.28835 0.0011383
2.28836 0.0011383
2.28838 0.0011383
2.28839 0.0011383
2.2884 0.00113831
2.28841 0.00113831
2.28843 0.00113831
2.28844 0.00113831
2.28845 0.00113831
2.28846 0.00113831
2.28849 0.00113831
2.28851 0.00113831
2.28854 0.00113831
2.30114 0.00113957
2.30115 0.00114078
2.30117 0.00114184
2.30124 0.00114277
2.30126 0.00114358
2.30129 0.00114429
2.30145 0.00114491
2.30161 0.00114698
2.30168 0.0011488
2.30173 0.00115039
2.30178 0.00115331
2.30181 0.00115586
2.30184 0.0011581
2.30186 0.00116005
2.30188 0.00116176
2.30189 0.00116326
2.3019 0.00116457
2.30191 0.00116571
2.30194 0.00116672
2.30195 0.0011676
2.30196 0.00116683
2.30199 0.00116617
2.302 0.00116558
2.30201 0.00116507
2.30202 0.00116463
2.30203 0.00116424
2.30205 0.00116389
2.30206 0.00116359
2.30207 0.00116333
2.30208 0.0011631
2.3021 0.0011629
2.30211 0.00116273
2.30212 0.00116257
2.30213 0.00116244
2.30214 0.00116232
2.30216 0.00116069
2.30218 0.00115926
2.30221 0.00115801
2.30222 0.00115692
2.30223 0.00115596
2.30224 0.00115512
2.30226 0.00115439
2.30227 0.00115375
2.30228 0.00115193
2.30229 0.00115023
2.3023 0.00114874
2.30238 0.00114744
2.3024 0.0011463
2.30243 0.0011453
2.30259 0.00114443
2.30274 0.00114366
2.30282 0.001143
2.30287 0.00114241
2.30292 0.0011419
2.30295 0.00114145
2.30298 0.00114106
2.303 0.00114072
2.30301 0.00114042
2.30303 0.00114015
2.30304 0.00113992
2.30305 0.00113972
2.30308 0.00113955
2.30309 0.00113939
2.3031 0.00113926
2.30312 0.00113914
2.30314 0.00113904
2.30315 0.00113895
2.30316 0.00113887
2.30317 0.0011388
2.30319 0.00113874
2.3032 0.00113869
2.30321 0.00113864
2.30322 0.0011386
2.30323 0.00113857
2.30325 0.00113853
2.30326 0.00113851
2.30327 0.00113848
2.30328 0.00113846
2.3033 0.00113844
2.30332 0.00113843
2.30334 0.00113841
2.30336 0.0011384
2.30337 0.00113839
2.30338 0.00113838
2.30339 0.00113837
2.30341 0.00113837
2.30342 0.00113836
2.30343 0.00113835
2.30344 0.00113835
2.30352 0.00113835
2.30354 0.00113834
2.30356 0.00113834
2.30372 0.00113834
2.30388 0.00113833
2.30396 0.00113833
2.30401 0.00113833
2.30405 0.00113833
2.30409 0.00113833
2.30412 0.00113833
2.30414 0.00113832
2.30415 0.00113832
2.30416 0.00113832
2.30418 0.00113832
2.30419 0.00113832
2.30421 0.00113832
2.35678 0.00113985
2.3568 0.00114119
2.35682 0.00114389
2.35683 0.00114472
2.35686 0.00114545
2.35687 0.00114609
2.35688 0.00114665
2.35689 0.00114714
2.35691 0.00114756
2.35692 0.00114794
2.35693 0.00114826
2.35694 0.00114855
2.35696 0.0011488
2.35703 0.00114902
2.35705 0.00114921
2.35708 0.00114938
2.35724 0.00114953
2.3574 0.00114966
2.35747 0.00114977
2.35752 0.00114987
2.35757 0.00114995
2.3576 0.00115003
2.35763 0.00115009
2.35765 0.00115015
2.35767 0.0011502
2.35768 0.00115025
2.35769 0.00115029
2.3577 0.00115032
2.35773 0.00115035
2.35774 0.00115038
2.35775 0.0011504
2.35778 0.00115042
2.35779 0.00115044
2.3578 0.00115045
2.35781 0.00115046
2.35782 0.00115048
2.35784 0.00115049
2.35785 0.0011505
2.35786 0.0011505
2.35787 0.00115051
2.35789 0.00115052
2.3579 0.00115052
2.35791 0.00115052
2.35792 0.00115053
2.35793 0.00115053
2.35795 0.00115053
2.35797 0.00115054
2.35798 0.00115054
2.35801 0.00115054
2.35802 0.00115054
2.35803 0.00115055
2.35804 0.00115055
2.35806 0.00115055
2.35807 0.00115055
2.35808 0.00115055
2.35809 0.00115055
2.35811 0.00115055
2.35818 0.00115055
2.47185 0.00115208
2.47188 0.00115495
2.47189 0.00115593
2.4719 0.00115679
2.47193 0.00115754
2.47194 0.0011582
2.47195 0.00115877
2.47196 0.00115928
2.47197 0.00115972
2.47199 0.0011601
2.472 0.00116044
2.47201 0.00116073
2.47202 0.00116099
2.4721 0.00116122
2.47212 0.00116141
2.47215 0.00116159
2.47231 0.00116174
2.47246 0.00116187
2.47254 0.00116199
2.47259 0.00116209
2.47264 0.00116218
2.47267 0.00116225
2.4727 0.00116232
2.47272 0.00116238
2.47273 0.00116243
2.47275 0.00116248
2.47276 0.00116252
2.47277 0.00116255
2.47279 0.00116258
2.47281 0.00116261
2.47282 0.00116263
2.47284 0.00116265
2.47286 0.00116267
2.47287 0.00116269
2.47288 0.0011627
2.47289 0.00116271
2.47291 0.00116272
2.47292 0.00116273
2.47293 0.00116274
2.47294 0.00116275
2.47295 0.00116275
2.47297 0.00116276
2.47298 0.00116276
2.47299 0.00116277
2.473 0.00116277
2.47302 0.00116277
2.47304 0.00116278
2.47305 0.00116278
2.47306 0.00116278
2.47309 0.00116278
2.4731 0.00116278
2.47311 0.00116279
2.47313 0.00116279
2.47314 0.00116279
2.47315 0.00116279
2.47316 0.00116279
2.47317 0.00116279
2.47319 0.00116279
2.47326 0.00116279
2.47747 0.00116432
2.47748 0.00116566
2.4775 0.0011653
2.47751 0.00116499
2.47752 0.00116472
2.47753 0.00116448
2.47754 0.00116427
2.47756 0.00116408
2.47757 0.00116392
2.47758 0.00116378
2.47759 0.00116366
2.47761 0.00116355
2.47762 0.00116346
2.47763 0.00116337
2.47764 0.0011633
2.47765 0.00116324
2.47767 0.00116318
2.47769 0.00116314
2.4777 0.00116309
2.47772 0.00116306
2.47774 0.00116302
2.47775 0.001163
2.47776 0.00116297
2.47778 0.00116295
2.47779 0.00116293
2.4778 0.00116291
2.47781 0.0011629
2.47783 0.00116289
2.47784 0.00116287
2.47791 0.00116286
2.47794 0.00116286
2.47796 0.00116285
2.47812 0.00116284
2.47828 0.00116284
2.47835 0.00116283
2.4784 0.00116283
2.47845 0.00116282
2.47849 0.00116282
2.47851 0.00116282
2.47854 0.00116281
2.47855 0.00116281
2.47856 0.00116281
2.47857 0.00116281
2.47858 0.00116281
2.47861 0.00116281
2.47863 0.00116281
2.47865 0.0011628
2.47866 0.0011628
2.47867 0.0011628
2.47868 0.0011628
2.47869 0.0011628
