1.00055 2920
1.00113 4380
1.00115 5840
1.0017 7300
1.00173 8760
1.00175 10220
1.00178 11680
1.00228 13140
1.00231 14600
1.00233 16060
1.00236 17520
1.00238 18980
1.0024 20440
1.00243 21900
1.00245 23360
1.00351 24820
1.00419 26280
1.00484 27740
1.00547 29200
1.00607 30660
1.00665 32120
1.0072 33580
1.00773 35040
1.00823 36500
1.00872 37960
1.00921 39420
1.0097 40880
1.01019 42340
1.01068 43800
1.01117 45260
1.01166 46720
1.01215 48180
1.01264 49640
1.01313 51100
1.01362 52560
1.01411 54020
1.0146 55480
1.01509 56940
1.01558 58400
1.01607 59860
1.01656 61320
1.01705 62780
1.01754 64240
1.01802 65700
1.01851 67160
1.019 68620
1.01949 70080
1.01998 71540
1.02047 73000
1.02096 74460
1.02145 75920
1.02194 77380
1.02243 78840
1.02292 80300
1.02341 81760
1.0239 83220
1.02439 84680
1.02488 86140
1.02537 87600
1.02586 89060
1.02635 90520
1.02684 91980
1.02733 93440
1.02752 60924
1.02755 60172
1.02782 61632
1.02782 60172
1.02831 61632
1.02831 60172
1.0288 61632
1.0288 60172
1.02929 61632
1.02929 60172
1.02978 61632
1.02978 60172
1.03026 61632
1.03026 60172
1.03075 61632
1.03075 60172
1.03124 61632
1.03124 60172
1.03173 61632
1.03173 60172
1.03222 61632
1.03222 60172
1.03271 61632
1.03271 60172
1.0332 61632
1.0332 60172
1.03369 61632
1.03369 60172
1.03418 61632
1.03418 60172
1.03467 61632
1.03467 60172
1.03516 61632
1.03516 60172
1.03565 61632
1.03565 60172
1.03614 61632
1.03614 60172
1.03663 61632
1.03663 60172
1.03712 61632
1.03712 60172
1.03761 61632
1.03761 60172
1.0381 61632
1.0381 60172
1.03859 61632
1.03859 60172
1.03908 61632
1.03908 60172
1.03957 61632
1.03957 60172
1.04006 61632
1.04006 60172
1.04055 61632
1.04055 60172
1.04104 61632
1.04104 60172
1.04153 61632
1.04153 60172
1.04202 61632
1.04202 60172
1.0425 61632
1.0425 60172
1.04299 61632
1.04299 60172
1.04348 61632
1.04348 60172
1.04397 61632
1.04397 60172
1.04446 61632
1.04446 60172
1.04495 61632
1.04495 60172
1.04544 61632
1.04544 60172
1.04593 61632
1.04593 60172
1.04642 61632
1.04642 60172
1.04691 61632
1.04691 60172
1.0474 61632
1.0474 60172
1.04789 61632
1.04789 60172
1.04838 61632
1.04838 60172
1.04887 61632
1.04887 60172
1.04936 61632
1.04936 60172
1.04985 61632
1.04985 60172
1.05034 61632
1.05034 60172
1.05083 61632
1.05083 60172
1.05132 61632
1.05132 60172
1.05181 61632
1.05181 60172
1.0523 61632
1.0523 60172
1.05279 61632
1.05279 60172
1.05328 61632
1.05328 60172
1.05377 61632
1.05377 60172
1.05426 61632
1.05426 60172
1.05474 61632
1.05474 60172
1.05523 61632
1.05523 60172
1.05572 61632
1.05572 60172
1.05621 61632
1.05621 60172
1.0567 61632
1.0567 60172
1.05719 61632
1.05719 60172
1.05768 61632
1.05768 60172
1.05817 61632
1.05817 60172
1.05866 61632
1.05866 60172
1.05915 61632
1.05915 60172
1.05964 61632
1.05964 60172
1.06013 61632
1.06013 60172
1.06062 61632
1.06062 60172
1.06111 61632
1.06111 60172
1.0616 61632
1.0616 60172
1.06209 61632
1.06209 60172
1.06258 61632
1.06258 60172
1.06307 61632
1.06307 60172
1.06356 61632
1.06356 60172
1.06405 61632
1.06405 60172
1.06454 61632
1.06454 60172
1.06503 61632
1.06503 60172
1.06552 61632
1.06552 60172
1.06601 61632
1.06601 60172
1.0665 61632
1.0665 60172
1.06698 61632
1.06698 60172
1.06747 61632
1.06747 60172
1.06796 61632
1.06796 60172
1.06845 61632
1.06845 60172
1.06894 61632
1.06894 60172
1.06943 61632
1.06943 60172
1.06992 61632
1.06992 60172
1.07041 61632
1.07041 60172
1.0709 61632
1.0709 60172
1.07139 61632
1.07139 60172
1.07188 61632
1.07188 60172
1.07237 61632
1.07237 60172
1.07286 61632
1.07286 60172
1.07335 61632
1.07335 60172
1.07384 61632
1.07384 60172
1.07433 61632
1.07433 60172
1.07482 61632
1.07482 60172
1.07531 61632
1.07531 60172
1.0758 61632
1.0758 60172
1.07629 61632
1.07629 60172
1.07678 61632
1.07678 60172
1.07727 61632
1.07727 60172
1.07776 61632
1.07776 60172
1.07825 61632
1.07825 60172
1.07874 61632
1.07874 60172
1.07922 61632
1.07922 60172
1.07971 61632
1.07971 60172
1.0802 61632
1.0802 60172
1.08069 61632
1.08069 60172
1.08118 61632
1.08118 60172
1.08167 61632
1.08167 60172
1.08216 61632
1.08216 60172
1.08265 61632
1.08265 60172
1.08314 61632
1.08314 60172
1.08363 61632
1.08363 60172
1.08412 61632
1.08412 60172
1.08461 61632
1.08461 60172
1.0851 61632
1.0851 60172
1.08559 61632
1.08559 60172
1.08608 61632
1.08608 60172
1.08657 61632
1.08657 60172
1.08706 61632
1.08706 60172
1.08755 61632
1.08755 60172
1.08804 61632
1.08804 60172
1.08853 61632
1.08853 60172
1.08902 61632
1.08902 60172
1.08951 61632
1.08951 60172
1.09 61632
1.09 60172
1.09049 61632
1.09049 60172
1.09098 61632
1.09098 60172
1.09146 61632
1.09146 60172
1.09195 61632
1.09195 60172
1.09244 61632
1.09244 60172
1.09293 61632
1.09293 60172
1.09342 61632
1.09342 60172
1.09391 61632
1.09391 60172
1.0944 61632
1.0944 60172
1.09489 61632
1.09489 60172
1.09538 61632
1.09538 60172
1.09587 61632
1.09587 60172
1.09636 61632
1.09636 60172
1.09685 61632
1.09685 60172
1.09734 61632
1.09734 60172
1.09783 61632
1.09783 60172
1.09832 61632
1.09832 60172
1.09881 61632
1.09881 60172
1.0993 61632
1.0993 60172
1.09979 61632
1.09979 60172
1.10028 61632
1.10077 63092
1.10077 62424
1.1013 63884
1.1013 62424
1.10179 63884
1.10179 62424
1.10228 63884
1.10228 62424
1.10277 63884
1.10277 62424
1.10326 63884
1.10326 62424
1.10375 63884
1.10375 62424
1.10424 63884
1.10424 62424
1.10473 63884
1.10473 62424
1.10522 63884
1.10522 62424
1.10571 63884
1.10571 62424
1.1062 63884
1.1062 62424
1.10669 63884
1.10669 62424
1.10718 63884
1.10718 62424
1.10767 63884
1.10767 62424
1.10816 63884
1.10816 62424
1.10865 63884
1.10865 62424
1.10914 63884
1.10914 62424
1.10963 63884
1.10963 62424
1.11012 63884
1.11012 62424
1.11061 63884
1.11061 62424
1.1111 63884
1.1111 62424
1.11159 63884
1.11159 62424
1.11208 63884
1.11208 62424
1.11257 63884
1.11257 62424
1.11305 63884
1.11305 62424
1.11354 63884
1.11354 62424
1.11403 63884
1.11403 62424
1.11452 63884
1.11452 62424
1.11501 63884
1.11501 62424
1.1155 63884
1.1155 62424
1.11599 63884
1.11599 62424
1.11648 63884
1.11648 62424
1.11697 63884
1.11697 62424
1.11746 63884
1.11746 62424
1.11795 63884
1.11795 62424
1.11844 63884
1.11844 62424
1.11893 63884
1.11893 62424
1.11942 63884
1.11942 62424
1.11991 63884
1.11991 62424
1.1204 63884
1.1204 62424
1.12089 63884
1.12089 62424
1.12138 63884
1.12138 62424
1.12187 63884
1.12187 62424
1.12236 63884
1.12236 62424
1.12285 63884
1.12285 62424
1.12334 63884
1.12334 62424
1.12383 63884
1.12383 62424
1.12432 63884
1.12432 62424
1.12481 63884
1.12481 62424
1.12529 63884
1.12529 62424
1.12578 63884
1.12578 62424
1.12627 63884
1.12627 62424
1.12676 63884
1.12676 62424
1.12725 63884
1.12725 62424
1.12774 63884
1.12774 62424
1.12823 63884
1.12823 62424
1.12872 63884
1.12872 62424
1.12921 63884
1.12921 62424
1.1297 63884
1.1297 62424
1.13019 63884
1.13019 62424
1.13068 63884
1.13068 62424
1.13117 63884
1.13117 62424
1.13166 63884
1.13166 62424
1.13215 63884
1.13215 62424
1.13264 63884
1.13264 62424
1.13313 63884
1.13313 62424
1.13362 63884
1.13362 62424
1.13411 63884
1.13411 62424
1.1346 63884
1.1346 62424
1.13509 63884
1.13509 62424
1.13558 63884
1.13558 62424
1.13607 63884
1.13607 62424
1.13656 63884
1.13656 62424
1.13705 63884
1.13705 62424
1.13753 63884
1.13753 62424
1.13802 63884
1.13802 62424
1.13851 63884
1.13851 62424
1.139 63884
1.139 62424
1.13949 63884
1.13949 62424
1.13998 63884
1.13998 62424
1.14047 63884
1.14047 62424
1.14096 63884
1.14096 62424
1.14145 63884
1.14145 62424
1.14194 63884
1.14194 62424
1.14243 63884
1.14243 62424
1.14292 63884
1.14292 62424
1.14341 63884
1.14341 62424
1.1439 63884
1.1439 62424
1.14439 63884
1.14439 62424
1.14488 63884
1.14488 62424
1.14537 63884
1.14537 62424
1.14586 63884
1.14586 62424
1.14635 63884
1.14635 62424
1.14684 63884
1.14684 62424
1.14733 63884
1.14733 62424
1.14782 63884
1.14782 62424
1.14831 63884
1.14831 62424
1.1488 63884
1.1488 62424
1.14929 63884
1.14929 62424
1.14977 63884
1.14977 62424
1.15026 63884
1.15026 62424
1.15075 63884
1.15075 62424
1.15124 63884
1.15124 62424
1.15173 63884
1.15173 62424
1.15222 63884
1.15222 62424
1.15271 63884
1.15271 62424
1.1532 63884
1.1532 62424
1.15369 63884
1.15369 62424
1.15418 63884
1.15418 62424
1.15467 63884
1.15467 62424
1.15516 63884
1.15516 62424
1.15565 63884
1.15565 62424
1.15614 63884
1.15614 62424
1.15663 63884
1.15663 62424
1.15712 63884
1.15712 62424
1.15761 63884
1.15761 62424
1.1581 63884
1.1581 62424
1.15859 63884
1.15859 62424
1.15908 63884
1.15908 62424
1.15957 63884
1.15957 62424
1.16006 63884
1.16006 62424
1.16055 63884
1.16055 62424
1.16104 63884
1.16104 62424
1.16153 63884
1.16153 62424
1.16201 63884
1.16201 62424
1.1625 63884
1.1625 62424
1.16299 63884
1.16299 62424
1.16348 63884
1.16348 62424
1.16397 63884
1.16397 62424
1.16446 63884
1.16446 62424
1.16495 63884
1.16495 62424
1.16544 63884
1.16544 62424
1.16593 63884
1.16593 62424
1.16642 63884
1.16642 62424
1.16691 63884
1.16691 62424
1.1674 63884
1.1674 62424
1.16789 63884
1.16789 62424
1.16838 63884
1.16838 62424
1.16887 63884
1.16887 62424
1.16936 63884
1.16936 62424
1.16985 63884
1.16985 62424
1.17034 63884
1.17034 62424
1.17083 63884
1.17083 62424
1.17132 63884
1.17132 62424
1.17181 63884
1.17181 62424
1.1723 63884
1.1723 62424
1.17279 63884
1.17279 62424
1.17328 63884
1.17328 62424
1.17377 63884
1.17377 62424
1.17425 63884
1.17425 62424
1.17474 63884
1.17474 62424
1.17523 63884
1.17523 62424
1.17572 63884
1.17572 62424
1.17621 63884
1.17621 62424
1.1767 63884
1.1767 62424
1.17719 63884
1.17719 62424
1.17768 63884
1.17768 62424
1.17817 63884
1.17817 62424
1.17866 63884
1.17866 62424
1.17915 63884
1.17915 62424
1.17964 63884
1.17964 62424
1.18013 63884
1.18013 62424
1.18062 63884
1.18062 62424
1.18111 63884
1.18111 62424
1.1816 63884
1.1816 62424
1.18209 63884
1.18209 62424
1.18258 63884
1.18258 62424
1.18307 63884
1.18307 62424
1.18356 63884
1.18356 62424
1.18405 63884
1.18405 62424
1.18454 63884
1.18454 62424
1.18503 63884
1.18503 62424
1.18552 63884
1.18552 62424
1.18601 63884
1.18601 62424
1.18649 63884
1.18649 62424
1.18698 63884
1.18698 62424
1.18747 63884
1.18747 62424
1.18796 63884
1.18796 62424
1.18845 63884
1.18845 62424
1.18894 63884
1.18894 62424
1.18943 63884
1.18943 62424
1.18992 63884
1.18992 62424
1.19041 63884
1.19041 62424
1.1909 63884
1.1909 62424
1.19139 63884
1.19139 62424
1.19188 63884
1.19188 62424
1.19237 63884
1.19237 62424
1.19286 63884
1.19286 62424
1.19335 63884
1.19335 62424
1.19384 63884
1.19384 62424
1.19433 63884
1.19433 62424
1.19482 63884
1.19482 62424
1.19531 63884
1.19531 62424
1.1958 63884
1.1958 62424
1.19629 63884
1.19629 62424
1.19678 63884
1.19678 62424
1.19727 63884
1.19727 62424
1.19776 63884
1.19776 62424
1.19825 63884
1.19825 62424
1.19873 63884
1.19873 62424
1.19922 63884
1.19922 62424
1.19971 63884
1.19971 62424
1.2002 63884
1.2002 62424
1.20069 63884
1.20069 62424
1.20118 63884
1.20118 62424
1.20167 63884
1.20167 62424
1.20216 63884
1.20216 62424
1.20265 63884
1.20265 62424
1.20314 63884
1.20314 62424
1.20363 63884
1.20363 62424
1.20412 63884
1.20412 62424
1.20461 63884
1.20461 62424
1.2051 63884
1.2051 62424
1.20559 63884
1.20559 62424
1.20608 63884
1.20608 62424
1.20657 63884
1.20657 62424
1.20706 63884
1.20706 62424
1.20755 63884
1.20755 62424
1.20804 63884
1.20804 62424
1.20853 63884
1.20853 62424
1.20902 63884
1.20902 62424
1.20951 63884
1.20951 62424
1.21 63884
1.21 62424
1.21049 63884
1.21049 62424
1.21097 63884
1.21097 62424
1.21146 63884
1.21146 62424
1.21195 63884
1.21195 62424
1.21244 63884
1.21244 62424
1.21293 63884
1.21293 62424
1.21342 63884
1.21342 62424
1.21391 63884
1.21391 62424
1.2144 63884
1.2144 62424
1.21489 63884
1.21489 62424
1.21538 63884
1.21538 62424
1.21587 63884
1.21587 62424
1.21636 63884
1.21636 62424
1.21685 63884
1.21685 62424
1.21734 63884
1.21734 62424
1.21783 63884
1.21783 62424
1.21832 63884
1.21832 62424
1.21881 63884
1.21881 62424
1.2193 63884
1.2193 62424
1.21979 63884
1.21979 62424
1.22028 63884
1.22028 62424
1.22077 63884
1.22077 62424
1.22126 63884
1.22126 62424
1.22175 63884
1.22175 62424
1.22224 63884
1.22224 62424
1.22273 63884
1.22273 62424
1.22321 63884
1.22321 62424
1.2237 63884
1.2237 62424
1.22419 63884
1.22419 62424
1.22468 63884
1.22468 62424
1.22517 63884
1.22517 62424
1.22566 63884
1.22566 62424
1.22615 63884
1.22615 62424
1.22664 63884
1.22664 62424
1.22713 63884
1.22713 62424
1.22762 63884
1.22762 62424
1.22811 63884
1.22811 62424
1.2286 63884
1.2286 62424
1.22909 63884
1.22909 62424
1.22958 63884
1.22958 62424
1.23007 63884
1.23007 62424
1.23056 63884
1.23056 62424
1.23105 63884
1.23105 62424
1.23154 63884
1.23154 62424
1.23203 63884
1.23203 62424
1.23252 63884
1.23252 62424
1.23301 63884
1.23301 62424
1.2335 63884
1.2335 62424
1.23399 63884
1.23399 62424
1.23448 63884
1.23448 62424
1.23497 63884
1.23497 62424
1.23545 63884
1.23545 62424
1.23594 63884
1.23594 62424
1.23643 63884
1.23643 62424
1.23692 63884
1.23692 62424
1.23741 63884
1.23741 62424
1.2379 63884
1.2379 62424
1.23839 63884
1.23839 62424
1.23888 63884
1.23888 62424
1.23937 63884
1.23937 62424
1.23986 63884
1.23986 62424
1.24035 63884
1.24035 62424
1.24084 63884
1.24084 62424
1.24133 63884
1.24133 62424
1.24182 63884
1.24182 62424
1.24231 63884
1.24231 62424
1.2428 63884
1.2428 62424
1.24329 63884
1.24329 62424
1.24378 63884
1.24378 62424
1.24427 63884
1.24427 62424
1.24476 63884
1.24476 62424
1.24525 63884
1.24525 62424
1.24574 63884
1.24574 62424
1.24623 63884
1.24623 62424
1.24672 63884
1.24672 62424
1.24721 63884
1.24721 62424
1.24769 63884
1.24769 62424
1.24818 63884
1.24818 62424
1.24867 63884
1.24867 62424
1.24916 63884
1.24916 62424
1.24965 63884
1.24965 62424
1.25014 63884
1.25014 62424
1.25063 63884
1.25063 62424
1.25112 63884
1.25112 62424
1.25161 63884
1.25161 62424
1.2521 63884
1.2521 62424
1.25259 63884
1.25259 62424
1.25308 63884
1.25308 62424
1.25357 63884
1.25357 62424
1.25406 63884
1.25406 62424
1.25455 63884
1.25455 62424
1.25504 63884
1.25504 62424
1.25553 63884
1.25553 62424
1.25602 63884
1.25602 62424
1.25651 63884
1.25651 62424
1.257 63884
1.257 62424
1.25749 63884
1.25749 62424
1.25798 63884
1.25798 62424
1.25847 63884
1.25847 62424
1.25896 63884
1.25896 62424
1.25945 63884
1.25945 62424
1.25993 63884
1.25993 62424
1.26042 63884
1.26042 62424
1.26091 63884
1.26091 62424
1.2614 63884
1.2614 62424
1.26189 63884
1.26189 62424
1.26238 63884
1.26238 62424
1.26287 63884
1.26287 62424
1.26336 63884
1.26336 62424
1.26385 63884
1.26385 62424
1.26434 63884
1.26434 62424
1.26483 63884
1.26483 62424
1.26532 63884
1.26532 62424
1.26581 63884
1.26581 62424
1.2663 63884
1.2663 62424
1.26679 63884
1.26679 62424
1.26728 63884
1.26728 62424
1.26777 63884
1.26777 62424
1.26826 63884
1.26826 62424
1.26875 63884
1.26875 62424
1.26924 63884
1.26924 62424
1.26973 63884
1.26973 62424
1.27022 63884
1.27022 62424
1.27071 63884
1.27071 62424
1.2712 63884
1.2712 62424
1.27169 63884
1.27169 62424
1.27217 63884
1.27217 62424
1.27266 63884
1.27266 62424
1.27315 63884
1.27315 62424
1.27364 63884
1.27364 62424
1.27413 63884
1.27413 62424
1.27462 63884
1.27462 62424
1.27511 63884
1.27511 62424
1.2756 63884
1.2756 62424
1.27609 63884
1.27609 62424
1.27658 63884
1.27658 62424
1.27707 63884
1.27707 62424
1.27756 63884
1.27756 62424
1.27805 63884
1.27805 62424
1.27854 63884
1.27854 62424
1.27903 63884
1.27903 62424
1.27952 63884
1.27952 62424
1.28001 63884
1.28001 62424
1.2805 63884
1.2805 62424
1.28099 63884
1.28099 62424
1.28148 63884
1.28148 62424
1.28197 63884
1.28197 62424
1.28246 63884
1.28246 62424
1.28295 63884
1.28295 62424
1.28344 63884
1.28344 62424
1.28393 63884
1.28393 62424
1.28441 63884
1.28441 62424
1.2849 63884
1.2849 62424
1.28539 63884
1.28539 62424
1.28588 63884
1.28588 62424
1.28637 63884
1.28637 62424
1.28686 63884
1.28686 62424
1.28735 63884
1.28735 62424
1.28784 63884
1.28784 62424
1.28833 63884
1.28833 62424
1.28882 63884
1.28882 62424
1.28931 63884
1.28931 62424
1.2898 63884
1.2898 62424
1.29029 63884
1.29029 62424
1.29078 63884
1.29078 62424
1.29127 63884
1.29127 62424
1.29176 63884
1.29176 62424
1.29225 63884
1.29225 62424
1.29274 63884
1.29274 62424
1.29323 63884
1.29323 62424
1.29372 63884
1.29372 62424
1.29421 63884
1.29421 62424
1.2947 63884
1.2947 62424
1.29519 63884
1.29519 62424
1.29568 63884
1.29568 62424
1.29617 63884
1.29617 62424
1.29665 63884
1.29665 62424
1.29714 63884
1.29714 62424
1.29763 63884
1.29763 62424
1.29812 63884
1.29812 62424
1.29861 63884
1.29861 62424
1.2991 63884
1.2991 62424
1.29959 63884
1.29959 62424
1.30008 63884
1.30008 62424
1.30057 63884
1.30111 65344
1.3016 66804
1.3016 65424
1.30209 66884
1.30209 65424
1.30258 66884
1.30258 65424
1.30307 66884
1.30307 65424
1.30356 66884
1.30356 65424
1.30405 66884
1.30405 65424
1.30454 66884
1.30454 65424
1.30503 66884
1.30503 65424
1.30551 66884
1.30551 65424
1.306 66884
1.306 65424
1.30649 66884
1.30649 65424
1.30698 66884
1.30698 65424
1.30747 66884
1.30747 65424
1.30796 66884
1.30796 65424
1.30845 66884
1.30845 65424
1.30894 66884
1.30894 65424
1.30943 66884
1.30943 65424
1.30992 66884
1.30992 65424
1.31041 66884
1.31041 65424
1.3109 66884
1.3109 65424
1.31139 66884
1.31139 65424
1.31188 66884
1.31188 65424
1.31237 66884
1.31237 65424
1.31286 66884
1.31286 65424
1.31335 66884
1.31335 65424
1.31384 66884
1.31384 65424
1.31433 66884
1.31433 65424
1.31482 66884
1.31482 65424
1.31531 66884
1.31531 65424
1.3158 66884
1.3158 65424
1.31629 66884
1.31629 65424
1.31678 66884
1.31678 65424
1.31727 66884
1.31727 65424
1.31775 66884
1.31775 65424
1.31824 66884
1.31824 65424
1.31873 66884
1.31873 65424
1.31922 66884
1.31922 65424
1.31971 66884
1.31971 65424
1.3202 66884
1.3202 65424
1.32069 66884
1.32069 65424
1.32118 66884
1.32118 65424
1.32167 66884
1.32167 65424
1.32216 66884
1.32216 65424
1.32265 66884
1.32265 65424
1.32314 66884
1.32314 65424
1.32363 66884
1.32363 65424
1.32412 66884
1.32412 65424
1.32461 66884
1.32461 65424
1.3251 66884
1.3251 65424
1.32559 66884
1.32559 65424
1.32608 66884
1.32608 65424
1.32657 66884
1.32657 65424
1.32706 66884
1.32706 65424
1.32755 66884
1.32755 65424
1.32804 66884
1.32804 65424
1.32853 66884
1.32853 65424
1.32902 66884
1.32902 65424
1.32951 66884
1.32951 65424
1.32999 66884
1.32999 65424
1.33048 66884
1.33048 65424
1.33097 66884
1.33097 65424
1.33146 66884
1.33146 65424
1.33195 66884
1.33195 65424
1.33244 66884
1.33244 65424
1.33293 66884
1.33293 65424
1.33342 66884
1.33342 65424
1.33391 66884
1.33391 65424
1.3344 66884
1.3344 65424
1.33489 66884
1.33489 65424
1.33538 66884
1.33538 65424
1.33587 66884
1.33587 65424
1.33636 66884
1.33636 65424
1.33685 66884
1.33685 65424
1.33734 66884
1.33734 65424
1.33783 66884
1.33783 65424
1.33832 66884
1.33832 65424
1.33881 66884
1.33881 65424
1.3393 66884
1.3393 65424
1.33979 66884
1.33979 65424
1.34028 66884
1.34028 65424
1.34077 66884
1.34077 65424
1.34126 66884
1.34126 65424
1.34175 66884
1.34175 65424
1.34223 66884
1.34223 65424
1.34272 66884
1.34272 65424
1.34321 66884
1.34321 65424
1.3437 66884
1.3437 65424
1.34419 66884
1.34419 65424
1.34468 66884
1.34468 65424
1.34517 66884
1.34517 65424
1.34566 66884
1.34566 65424
1.34615 66884
1.34615 65424
1.34664 66884
1.34664 65424
1.34713 66884
1.34713 65424
1.34762 66884
1.34762 65424
1.34811 66884
1.34811 65424
1.3486 66884
1.3486 65424
1.34909 66884
1.34909 65424
1.34958 66884
1.34958 65424
1.35007 66884
1.35007 65424
1.35056 66884
1.35056 65424
1.35105 66884
1.35105 65424
1.35154 66884
1.35154 65424
1.35203 66884
1.35203 65424
1.35252 66884
1.35252 65424
1.35301 66884
1.35301 65424
1.3535 66884
1.3535 65424
1.35399 66884
1.35399 65424
1.35447 66884
1.35447 65424
1.35496 66884
1.35496 65424
1.35545 66884
1.35545 65424
1.35594 66884
1.35594 65424
1.35643 66884
1.35643 65424
1.35692 66884
1.35692 65424
1.35741 66884
1.35741 65424
1.3579 66884
1.3579 65424
1.35839 66884
1.35839 65424
1.35888 66884
1.35888 65424
1.35937 66884
1.35937 65424
1.35986 66884
1.35986 65424
1.36035 66884
1.36035 65424
1.36084 66884
1.36084 65424
1.36133 66884
1.36133 65424
1.36182 66884
1.36182 65424
1.36231 66884
1.36231 65424
1.3628 66884
1.3628 65424
1.36329 66884
1.36329 65424
1.36378 66884
1.36378 65424
1.36427 66884
1.36427 65424
1.36476 66884
1.36476 65424
1.36525 66884
1.36525 65424
1.36574 66884
1.36574 65424
1.36623 66884
1.36623 65424
1.36671 66884
1.36671 65424
1.3672 66884
1.3672 65424
1.36769 66884
1.36769 65424
1.36818 66884
1.36818 65424
1.36867 66884
1.36867 65424
1.36916 66884
1.36916 65424
1.36965 66884
1.36965 65424
1.37014 66884
1.37014 65424
1.37063 66884
1.37063 65424
1.37112 66884
1.37112 65424
1.37161 66884
1.37161 65424
1.3721 66884
1.3721 65424
1.37259 66884
1.37259 65424
1.37308 66884
1.37308 65424
1.37357 66884
1.37357 65424
1.37406 66884
1.37406 65424
1.37455 66884
1.37455 65424
1.37504 66884
1.37504 65424
1.37553 66884
1.37553 65424
1.37602 66884
1.37602 65424
1.37651 66884
1.37651 65424
1.377 66884
1.377 65424
1.37749 66884
1.37749 65424
1.37798 66884
1.37798 65424
1.37847 66884
1.37847 65424
1.37895 66884
1.37895 65424
1.37944 66884
1.37944 65424
1.37993 66884
1.37993 65424
1.38042 66884
1.38042 65424
1.38091 66884
1.38091 65424
1.3814 66884
1.3814 65424
1.38189 66884
1.38189 65424
1.38238 66884
1.38238 65424
1.38287 66884
1.38287 65424
1.38336 66884
1.38336 65424
1.38385 66884
1.38385 65424
1.38434 66884
1.38434 65424
1.38483 66884
1.38483 65424
1.38532 66884
1.38532 65424
1.38581 66884
1.38581 65424
1.3863 66884
1.3863 65424
1.38679 66884
1.38679 65424
1.38728 66884
1.38728 65424
1.38777 66884
1.38777 65424
1.38826 66884
1.38826 65424
1.38875 66884
1.38875 65424
1.38924 66884
1.38924 65424
1.38973 66884
1.38973 65424
1.39022 66884
1.39022 65424
1.39071 66884
1.39071 65424
1.39119 66884
1.39119 65424
1.39168 66884
1.39168 65424
1.39217 66884
1.39217 65424
1.39266 66884
1.39266 65424
1.39315 66884
1.39315 65424
1.39364 66884
1.39364 65424
1.39413 66884
1.39413 65424
1.39462 66884
1.39462 65424
1.39511 66884
1.39511 65424
1.3956 66884
1.3956 65424
1.39609 66884
1.39609 65424
1.39658 66884
1.39658 65424
1.39707 66884
1.39707 65424
1.39756 66884
1.39756 65424
1.39805 66884
1.39805 65424
1.39854 66884
1.39854 65424
1.39903 66884
1.39903 65424
1.39952 66884
1.39952 65424
1.40001 66884
1.40001 65424
1.4005 66884
1.4005 65424
1.40099 66884
1.40099 65424
1.40148 66884
1.40148 65424
1.40197 66884
1.40197 65424
1.40246 66884
1.40246 65424
1.40295 66884
1.40295 65424
1.40343 66884
1.40343 65424
1.40392 66884
1.40392 65424
1.40441 66884
1.40441 65424
1.4049 66884
1.4049 65424
1.40539 66884
1.40539 65424
1.40588 66884
1.40588 65424
1.40637 66884
1.40637 65424
1.40686 66884
1.40686 65424
1.40735 66884
1.40735 65424
1.40784 66884
1.40784 65424
1.40833 66884
1.40833 65424
1.40882 66884
1.40882 65424
1.40931 66884
1.40931 65424
1.4098 66884
1.4098 65424
1.41029 66884
1.41029 65424
1.41078 66884
1.41078 65424
1.41127 66884
1.41127 65424
1.41176 66884
1.41176 65424
1.41225 66884
1.41225 65424
1.41274 66884
1.41274 65424
1.41323 66884
1.41323 65424
1.41372 66884
1.41372 65424
1.41421 66884
1.41421 65424
1.4147 66884
1.4147 65424
1.41519 66884
1.41519 65424
1.41567 66884
1.41567 65424
1.41616 66884
1.41616 65424
1.41665 66884
1.41665 65424
1.41714 66884
1.41714 65424
1.41763 66884
1.41763 65424
1.41812 66884
1.41812 65424
1.41861 66884
1.41861 65424
1.4191 66884
1.4191 65424
1.41959 66884
1.41959 65424
1.42008 66884
1.42008 65424
1.42057 66884
1.42057 65424
1.42106 66884
1.42106 65424
1.42155 66884
1.42155 65424
1.42204 66884
1.42204 65424
1.42253 66884
1.42253 65424
1.42302 66884
1.42302 65424
1.42351 66884
1.42351 65424
1.424 66884
1.424 65424
1.42449 66884
1.42449 65424
1.42498 66884
1.42498 65424
1.42547 66884
1.42547 65424
1.42596 66884
1.42596 65424
1.42645 66884
1.42645 65424
1.42694 66884
1.42694 65424
1.42743 66884
1.42743 65424
1.42791 66884
1.42791 65424
1.4284 66884
1.4284 65424
1.42889 66884
1.42889 65424
1.42938 66884
1.42938 65424
1.42987 66884
1.42987 65424
1.43036 66884
1.43036 65424
1.43085 66884
1.43085 65424
1.43134 66884
1.43134 65424
1.43183 66884
1.43183 65424
1.43232 66884
1.43232 65424
1.43281 66884
1.43281 65424
1.4333 66884
1.4333 65424
1.43379 66884
1.43379 65424
1.43428 66884
1.43428 65424
1.43477 66884
1.43477 65424
1.43526 66884
1.43526 65424
1.43575 66884
1.43575 65424
1.43624 66884
1.43624 65424
1.43673 66884
1.43673 65424
1.43722 66884
1.43722 65424
1.43771 66884
1.43771 65424
1.4382 66884
1.4382 65424
1.43869 66884
1.43869 65424
1.43918 66884
1.43918 65424
1.43967 66884
1.43967 65424
1.44015 66884
1.44015 65424
1.44064 66884
1.44064 65424
1.44113 66884
1.44113 65424
1.44162 66884
1.44162 65424
1.44211 66884
1.44211 65424
1.4426 66884
1.4426 65424
1.44309 66884
1.44309 65424
1.44358 66884
1.44358 65424
1.44407 66884
1.44407 65424
1.44456 66884
1.44456 65424
1.44505 66884
1.44505 65424
1.44554 66884
1.44554 65424
1.44603 66884
1.44603 65424
1.44652 66884
1.44652 65424
1.44701 66884
1.44701 65424
1.4475 66884
1.4475 65424
1.44799 66884
1.44799 65424
1.44848 66884
1.44848 65424
1.44897 66884
1.44897 65424
1.44946 66884
1.44946 65424
1.44995 66884
1.44995 65424
1.45044 66884
1.45044 65424
1.45093 66884
1.45093 65424
1.45142 66884
1.45142 65424
1.45191 66884
1.45191 65424
1.45239 66884
1.45239 65424
1.45288 66884
1.45288 65424
1.45337 66884
1.45337 65424
1.45386 66884
1.45386 65424
1.45435 66884
1.45435 65424
1.45484 66884
1.45484 65424
1.45533 66884
1.45533 65424
1.45582 66884
1.45582 65424
1.45631 66884
1.45631 65424
1.4568 66884
1.4568 65424
1.45729 66884
1.45729 65424
1.45778 66884
1.45778 65424
1.45827 66884
1.45827 65424
1.45876 66884
1.45876 65424
1.45925 66884
1.45925 65424
1.45974 66884
1.45974 65424
1.46023 66884
1.46023 65424
1.46072 66884
1.46072 65424
1.46121 66884
1.46121 65424
1.4617 66884
1.4617 65424
1.46219 66884
1.46219 65424
1.46268 66884
1.46268 65424
1.46317 66884
1.46317 65424
1.46366 66884
1.46366 65424
1.46415 66884
1.46415 65424
1.46463 66884
1.46463 65424
1.46512 66884
1.46512 65424
1.46561 66884
1.46561 65424
1.4661 66884
1.4661 65424
1.46659 66884
1.46659 65424
1.46708 66884
1.46708 65424
1.46757 66884
1.46757 65424
1.46806 66884
1.46806 65424
1.46855 66884
1.46855 65424
1.46904 66884
1.46904 65424
1.46953 66884
1.46953 65424
1.47002 66884
1.47002 65424
1.47051 66884
1.47051 65424
1.471 66884
1.471 65424
1.47149 66884
1.47149 65424
1.47198 66884
1.47198 65424
1.47247 66884
1.47247 65424
1.47296 66884
1.47296 65424
1.47345 66884
1.47345 65424
1.47394 66884
1.47394 65424
1.47443 66884
1.47443 65424
1.47492 66884
1.47492 65424
1.47541 66884
1.47541 65424
1.4759 66884
1.4759 65424
1.47639 66884
1.47639 65424
1.47687 66884
1.47687 65424
1.47736 66884
1.47736 65424
1.47785 66884
1.47785 65424
1.47834 66884
1.47834 65424
1.47883 66884
1.47883 65424
1.47932 66884
1.47932 65424
1.47981 66884
1.47981 65424
1.4803 66884
1.4803 65424
1.48079 66884
1.48079 65424
1.48128 66884
1.48128 65424
1.48177 66884
1.48177 65424
1.48226 66884
1.48226 65424
1.48275 66884
1.48275 65424
1.48324 66884
1.48324 65424
1.48373 66884
1.48373 65424
1.48422 66884
1.48422 65424
1.48471 66884
1.48471 65424
1.4852 66884
1.4852 65424
1.48569 66884
1.48569 65424
1.48618 66884
1.48618 65424
1.48667 66884
1.48667 65424
1.48716 66884
1.48716 65424
1.48765 66884
1.48765 65424
1.48814 66884
1.48814 65424
1.48863 66884
1.48863 65424
1.48911 66884
1.48911 65424
1.4896 66884
1.4896 65424
1.49009 66884
1.49009 65424
1.49058 66884
1.49058 65424
1.49107 66884
1.49107 65424
1.49156 66884
1.49156 65424
1.49205 66884
1.49205 65424
1.49254 66884
1.49254 65424
1.49303 66884
1.49303 65424
1.49352 66884
1.49352 65424
1.49401 66884
1.49401 65424
1.4945 66884
1.4945 65424
1.49499 66884
1.49499 65424
1.49548 66884
1.49548 65424
1.49597 66884
1.49597 65424
1.49646 66884
1.49646 65424
1.49695 66884
1.49695 65424
1.49744 66884
1.49744 65424
1.49793 66884
1.49793 65424
1.49842 66884
1.49842 65424
1.49891 66884
1.49891 65424
1.4994 66884
1.4994 65424
1.49989 66884
1.49989 65424
1.50016 20616
1.50018 22076
1.50018 20616
1.5002 22076
1.5002 20616
1.50023 22076
1.50023 20116
1.50025 21576
1.50025 20616
1.50028 22076
1.50028 20116
1.5003 21576
1.5003 20616
1.50033 22076
1.50033 19616
1.50035 21076
1.50035 19116
1.50038 20576
1.50038 17616
1.5004 19076
1.5004 17116
1.50042 18576
1.50042 15616
1.50045 17076
1.50045 14616
1.50047 16076
1.50047 13616
1.5005 15076
1.5005 12616
1.50052 14076
1.50052 11616
1.50055 13076
1.50055 10616
1.50057 12076
1.5006 13536
1.50062 14996
1.50065 16456
1.50067 17916
1.50069 19376
1.50072 20836
1.50074 22296
1.50077 23756
1.50099 25216
1.50166 26676
1.50232 28136
1.50294 29596
1.50354 31056
1.50412 32516
1.50468 33976
1.5052 35436
1.50571 36896
1.5062 38356
1.50669 39816
1.50718 41276
1.50767 42736
1.50816 44196
1.50865 45656
1.50914 47116
1.50963 48576
1.51012 50036
1.51031 10616
1.51034 12076
1.51034 10616
1.51036 12076
1.51036 10616
1.51039 12076
1.51039 10616
1.51041 12076
1.51041 10616
1.51043 12076
1.51043 10616
1.51046 12076
1.51046 10616
1.51048 12076
1.51048 10616
1.51051 12076
1.51053 13536
1.51056 14996
1.51058 16456
1.51061 17916
1.51063 19376
1.51065 20836
1.51068 22296
1.5107 23756
1.511 25216
1.51167 26676
1.51232 28136
1.51306 29596
1.51367 31056
1.51424 32516
1.5148 33976
1.51525 35436
1.51577 36896
1.51626 38356
1.51675 39816
1.51726 41276
1.51773 42736
1.51822 44196
1.51871 45656
1.51919 47116
1.51968 48576
1.52021 50036
1.52042 10616
1.52044 12076
1.52044 10616
1.52047 12076
1.52047 10616
1.52049 12076
1.52049 10616
1.52052 12076
1.52052 10616
1.52054 12076
1.52054 10616
1.52057 12076
1.52057 10616
1.52059 12076
1.52061 13536
1.52064 14996
1.52066 16456
1.52069 17916
1.52071 19376
1.52074 20836
1.52076 22296
1.52079 23756
1.52106 25216
1.52171 26676
1.52236 28136
1.52299 29596
1.52359 31056
1.52417 32516
1.52472 33976
1.52525 35436
1.52575 36896
1.52628 38356
1.52679 39816
1.52722 41276
1.52771 42736
1.52825 44196
1.52869 45656
1.52918 47116
1.52973 48576
1.53016 50036
1.53035 10616
1.53038 12076
1.53038 10616
1.53039 12076
1.53039 10616
1.53042 12076
1.53042 10616
1.53045 12076
1.53045 10616
1.5305 12076
1.5305 10616
1.53051 12076
1.53051 10616
1.53053 12076
1.53055 13536
1.53056 14996
1.53058 16456
1.53059 17916
1.5306 19376
1.53061 20836
1.53062 22296
1.53065 23756
1.53102 25216
1.53173 26676
1.53248 28136
1.53308 29596
1.53367 31056
1.53425 32516
1.53482 33976
1.53537 35436
1.53579 36896
1.53624 38356
1.53673 39816
1.53727 41276
1.53785 42736
1.5382 44196
1.53871 45656
1.53931 47116
1.53967 48576
1.54021 50036
1.5404 10616
1.54043 12076
1.54043 10616
1.54045 12076
1.54045 10616
1.54048 12076
1.54048 10616
1.54049 12076
1.54049 10616
1.5405 12076
1.5405 10616
1.54051 12076
1.54051 10616
1.54053 12076
1.54053 10616
1.54055 12076
1.54055 10616
1.54066 12076
1.54069 13536
1.54071 14996
1.54084 16456
1.54088 17916
1.54091 19376
1.54092 20836
1.54093 22296
1.54094 23756
1.54109 25216
1.54173 26676
1.54237 28136
1.54299 29596
1.54361 31056
1.5442 32516
1.54474 33976
1.54527 35436
1.54579 36896
1.54632 38356
1.54684 39816
1.54727 41276
1.54776 42736
1.5483 44196
1.54886 45656
1.54923 47116
1.54978 48576
1.55022 50036
1.5504 10616
1.55041 12076
1.55041 10616
1.55043 12076
1.55043 10616
1.55044 12076
1.55044 10616
1.55046 12076
1.55046 10616
1.55047 12076
1.55047 10616
1.55049 12076
1.55049 10616
1.5505 12076
1.5505 10616
1.55052 12076
1.55052 10616
1.55056 12076
1.55056 10616
1.55057 12076
1.55057 10616
1.55058 12076
1.55061 13536
1.55062 14996
1.55063 16456
1.55066 17916
1.55067 19376
1.55068 20836
1.55071 22296
1.55073 23756
1.55136 25216
1.55198 26676
1.55261 28136
1.55321 29596
1.5538 31056
1.55438 32516
1.55495 33976
1.5555 35436
1.55604 36896
1.55661 38356
1.55699 39816
1.55744 41276
1.55801 42736
1.55863 44196
1.55891 45656
1.55949 47116
1.56014 48576
1.56041 50036
1.56062 11116
1.56065 12576
1.56065 11116
1.56078 12576
1.56088 14036
1.56093 15496
1.56094 16956
1.56095 18416
1.56096 19876
1.56098 21336
1.56099 22796
1.561 24256
1.56118 25716
1.56182 27176
1.56246 28636
1.56308 30096
1.56367 31556
1.56425 33016
1.56481 34476
1.56535 35936
1.56587 37396
1.5664 38856
1.56693 40316
1.56725 41776
1.56778 43236
1.56834 44696
1.56867 46156
1.56922 47616
1.5698 49076
1.57013 50536
1.57067 10616
1.57068 12076
1.57068 10616
1.57069 12076
1.57069 10616
1.57072 12076
1.57072 10616
1.57073 12076
1.57073 10616
1.57074 12076
1.57074 10616
1.57076 12076
1.57076 10616
1.57078 12076
1.57078 10616
1.57079 12076
1.57079 10616
1.57081 12076
1.57081 10616
1.57083 12076
1.57083 10616
1.57085 12076
1.57086 13536
1.57089 14996
1.5709 16456
1.57091 17916
1.57092 19376
1.57094 20836
1.57096 22296
1.57097 23756
1.57125 25216
1.57197 26676
1.57259 28136
1.5732 29596
1.5738 31056
1.57439 32516
1.57497 33976
1.57553 35436
1.57607 36896
1.57646 38356
1.5769 39816
1.57746 41276
1.57802 42736
1.57839 44196
1.57888 45656
1.57947 47116
1.57985 48576
1.58036 50036
1.58085 10616
1.58092 12076
1.58092 10616
1.58095 12076
1.58095 10616
1.58097 12076
1.58097 10616
1.581 12076
1.58101 13536
1.58102 14996
1.58103 16456
1.58105 17916
1.58106 19376
1.58108 20836
1.5811 22296
1.58112 23756
1.58116 25216
1.58177 26676
1.58239 28136
1.58299 29596
1.58358 31056
1.58416 32516
1.58472 33976
1.58528 35436
1.58582 36896
1.58622 38356
1.5866 39816
1.58714 41276
1.5877 42736
1.58813 44196
1.58852 45656
1.58912 47116
1.58956 48576
1.58998 50036
1.59061 51496
1.59087 52956
1.59098 10616
1.59109 12076
1.59109 11116
1.59114 12576
1.59114 10616
1.59117 12076
1.59118 13536
1.59119 14996
1.5912 16456
1.5913 17916
1.59139 19376
1.59141 20836
1.59143 22296
1.59144 23756
1.59166 25216
1.59228 26676
1.59292 28136
1.59354 29596
1.59413 31056
1.59471 32516
1.59527 33976
1.59583 35436
1.59634 36896
1.59689 38356
1.59741 39816
1.59776 41276
1.59831 42736
1.59886 44196
1.59919 45656
1.59977 47116
1.60035 48576
1.60068 50036
1.60112 10616
1.60114 12076
1.60114 10616
1.60117 12076
1.60117 10616
1.60118 12076
1.60118 10616
1.60119 12076
1.60119 10616
1.6012 12076
1.6012 10616
1.60121 12076
1.60121 10616
1.60123 12076
1.60123 10616
1.60125 12076
1.60125 10616
1.60128 12076
1.60129 13536
1.60132 14996
1.60134 16456
1.60135 17916
1.60136 19376
1.60137 20836
1.6014 22296
1.60141 23756
1.60156 25216
1.60243 26676
1.60307 28136
1.60368 29596
1.60429 31056
1.60488 32516
1.60545 33976
1.60602 35436
1.60656 36896
1.60682 38356
1.60736 39816
1.60791 41276
1.60848 42736
1.60873 44196
1.60932 45656
1.60992 47116
1.61019 48576
1.61079 50036
1.61141 51496
1.61145 10616
1.61146 12076
1.61146 10616
1.61147 12076
1.61147 10616
1.61148 12076
1.61148 10616
1.6115 12076
1.6115 10616
1.61151 12076
1.61151 10616
1.61152 12076
1.61152 10616
1.61153 12076
1.61153 10616
1.61154 12076
1.61154 10616
1.61156 12076
1.61156 10616
1.61157 12076
1.61157 10616
1.61158 12076
1.61158 10616
1.61159 12076
1.61159 10616
1.61161 12076
1.61161 10616
1.61162 12076
1.61162 10616
1.61163 12076
1.61164 13536
1.61165 14996
1.61167 16456
1.61168 17916
1.61169 19376
1.61172 20836
1.61174 22296
1.61175 23756
1.61238 25216
1.61301 26676
1.61383 28136
1.61457 29596
1.61517 31056
1.61576 32516
1.6163 33976
1.61672 35436
1.61718 36896
1.61774 38356
1.61831 39816
1.61888 41276
1.61916 42736
1.61975 44196
1.62037 45656
1.6207 47116
1.62125 48576
1.6217 10616
1.62176 12076
1.62176 10616
1.62183 12076
1.62183 10616
1.62186 12076
1.62187 13536
1.6219 14996
1.62192 16456
1.62194 17916
1.62195 19376
1.62196 20836
1.62197 22296
1.62199 23756
1.62205 25216
1.62266 26676
1.62328 28136
1.62388 29596
1.62447 31056
1.62505 32516
1.62561 33976
1.62617 35436
1.62671 36896
1.6271 38356
1.6275 39816
1.62804 41276
1.6286 42736
1.62901 44196
1.62944 45656
1.63002 47116
1.63044 48576
1.63088 50036
1.63152 51496
1.63179 52956
1.63193 10616
1.63198 12076
1.63198 11116
1.63202 12576
1.63202 10616
1.63204 12076
1.63204 10616
1.63206 12076
1.63207 13536
1.63221 14996
1.63229 16456
1.63231 17916
1.63232 19376
1.63234 20836
1.63235 22296
1.63236 23756
1.63257 25216
1.63321 26676
1.63384 28136
1.63445 29596
1.63504 31056
1.63562 32516
1.63618 33976
1.63673 35436
1.63725 36896
1.63779 38356
1.63834 39816
1.63866 41276
1.63921 42736
1.63979 44196
1.64034 45656
1.64068 47116
1.64129 48576
1.6416 50036
1.64187 10616
1.64191 12076
1.64191 10616
1.64197 12076
1.64197 10616
1.64199 12076
1.642 13536
1.64203 14996
1.64205 16456
1.64206 17916
1.64208 19376
1.64209 20836
1.6421 22296
1.64211 23756
1.6424 25216
1.64305 26676
1.64395 28136
1.64455 29596
1.64514 31056
1.64572 32516
1.64628 33976
1.64684 35436
1.64712 36896
1.64763 38356
1.64816 39816
1.64871 41276
1.649 42736
1.64954 44196
1.65012 45656
1.65066 47116
1.65098 48576
1.65159 50036
1.65187 51496
1.65219 10616
1.65222 12076
1.65222 10616
1.65227 12076
1.65227 10616
1.65231 12076
1.65232 13536
1.65233 14996
1.65235 16456
1.65236 17916
1.65237 19376
1.65238 20836
1.6524 22296
1.65241 23756
1.65263 25216
1.65325 26676
1.65387 28136
1.65447 29596
1.65506 31056
1.65564 32516
1.65621 33976
1.65676 35436
1.6573 36896
1.65784 38356
1.65839 39816
1.65865 41276
1.6592 42736
1.65979 44196
1.66032 45656
1.66064 47116
1.66124 48576
1.66151 50036
1.66211 10616
1.66212 12076
1.66212 10616
1.66214 12076
1.66214 10616
1.66216 12076
1.66216 10616
1.66217 12076
1.66217 10616
1.66218 12076
1.66218 10616
1.6622 12076
1.6622 10616
1.66221 12076
1.66221 10616
1.66222 12076
1.66222 10616
1.66223 12076
1.66223 10616
1.66225 12076
1.66225 10616
1.66226 12076
1.66226 10616
1.66227 12076
1.66227 10616
1.66228 12076
1.66228 10616
1.66231 12076
1.66233 13536
1.66234 14996
1.66262 16456
1.66267 17916
1.66274 19376
1.66276 20836
1.66278 22296
1.6628 23756
1.66281 25216
1.66346 26676
1.66409 28136
1.6647 29596
1.66529 31056
1.66587 32516
1.66644 33976
1.667 35436
1.66757 36896
1.66812 38356
1.66858 39816
1.66893 41276
1.6695 42736
1.6701 44196
1.67036 45656
1.67096 47116
1.67159 48576
1.67185 50036
1.67234 10616
1.67236 12076
1.67236 10616
1.67238 12076
1.67238 10616
1.67239 12076
1.67239 10616
1.6724 12076
1.6724 10616
1.67241 12076
1.67241 10616
1.67243 12076
1.67243 10616
1.67244 12076
1.67244 10616
1.67245 12076
1.67245 11116
1.67246 12576
1.67246 10616
1.67248 12076
1.67248 10616
1.67249 12076
1.67249 10616
1.6725 12076
1.67251 13536
1.67252 14996
1.67254 16456
1.67255 17916
1.67256 19376
1.67257 20836
1.67259 22296
1.6726 23756
1.67295 25216
1.67375 26676
1.67438 28136
1.67499 29596
1.67559 31056
1.67618 32516
1.67676 33976
1.67733 35436
1.67781 36896
1.67816 38356
1.67868 39816
1.67924 41276
1.67979 42736
1.68011 44196
1.68067 45656
1.68127 47116
1.68157 48576
1.68217 50036
1.6825 10616
1.68258 12076
1.68258 10616
1.68269 12076
1.68274 13536
1.68277 14996
1.6828 16456
1.68283 17916
1.68285 19376
1.68288 20836
1.6829 22296
1.68291 23756
1.68295 25216
1.68326 26676
1.68417 28136
1.68477 29596
1.68536 31056
1.68594 32516
1.6865 33976
1.68706 35436
1.68736 36896
1.68788 38356
1.68839 39816
1.68893 41276
1.68947 42736
1.68979 44196
1.69034 45656
1.69093 47116
1.69122 48576
1.69181 50036
1.69211 51496
1.69254 10616
1.69255 12076
1.69255 10616
1.69258 12076
1.69258 10616
1.69259 12076
1.69259 11116
1.6926 12576
1.6926 11116
1.69262 12576
1.69262 11116
1.69263 12576
1.69263 10616
1.69264 12076
1.69264 11116
1.69265 12576
1.69265 11116
1.69267 12576
1.69267 11116
1.69268 12576
1.69268 10616
1.69269 12076
1.69269 10616
1.6927 12076
1.6927 10616
1.69271 12076
1.69271 10616
1.69274 12076
1.69275 13536
1.69276 14996
1.6928 16456
1.69282 17916
1.69284 19376
1.69285 20836
1.69286 22296
1.69289 23756
1.69336 25216
1.69403 26676
1.69464 28136
1.69525 29596
1.69585 31056
1.69644 32516
1.69701 33976
1.69758 35436
1.69813 36896
1.69868 38356
1.69901 39816
1.69949 41276
1.70008 42736
1.70068 44196
1.70094 45656
1.70155 47116
1.70218 48576
1.70244 50036
1.70269 10616
1.70281 12076
1.70281 10616
1.70291 12076
1.70296 13536
1.70299 14996
1.703 16456
1.70302 17916
1.70303 19376
1.70304 20836
1.70305 22296
1.70307 23756
1.70321 25216
1.70385 26676
1.70447 28136
1.70508 29596
1.70567 31056
1.70625 32516
1.70682 33976
1.70736 35436
1.7079 36896
1.70842 38356
1.70878 39816
1.70924 41276
1.70981 42736
1.71038 44196
1.71066 45656
1.71125 47116
1.71185 48576
1.71213 50036
1.71268 10616
1.7127 12076
1.7127 10616
1.71271 12076
1.71271 10616
1.71272 12076
1.71272 10616
1.71273 12076
1.71273 10616
1.71275 12076
1.71275 10616
1.71276 12076
1.71276 10616
1.71277 12076
1.71277 10616
1.71278 12076
1.71278 10616
1.71281 12076
1.71281 10616
1.71282 12076
1.71282 10616
1.71283 12076
1.71283 10616
1.71284 12076
1.71284 10616
1.71286 12076
1.71286 10616
1.71287 12076
1.71288 13536
1.7129 14996
1.71292 16456
1.71293 17916
1.71294 19376
1.71295 20836
1.71297 22296
1.71299 23756
1.71334 25216
1.71406 26676
1.7147 28136
1.71531 29596
1.71591 31056
1.7165 32516
1.71708 33976
1.71765 35436
1.71819 36896
1.71856 38356
1.719 39816
1.71957 41276
1.72016 42736
1.72051 44196
1.721 45656
1.72163 47116
1.72198 48576
1.72251 50036
1.72277 10616
1.72279 12076
1.72279 10616
1.72282 12076
1.72282 10616
1.72284 12076
1.72284 10616
1.72293 12076
1.72293 10616
1.72307 12076
1.72313 13536
1.72315 14996
1.72316 16456
1.72318 17916
1.72319 19376
1.72321 20836
1.72322 22296
1.72323 23756
1.72333 25216
1.72396 26676
1.72458 28136
1.72519 29596
1.72578 31056
1.72635 32516
1.72692 33976
1.72747 35436
1.728 36896
1.72855 38356
1.72882 39816
1.72937 41276
1.72996 42736
1.73055 44196
1.73082 45656
1.73142 47116
1.73204 48576
1.73232 50036
1.73271 10616
1.7328 12076
1.73282 13536
1.73285 14996
1.73286 16456
1.73287 17916
1.73289 19376
1.7329 20836
1.73291 22296
1.73292 23756
1.73307 25216
1.73371 26676
1.73435 28136
1.73495 29596
1.73554 31056
1.73612 32516
1.73668 33976
1.73724 35436
1.73775 36896
1.73828 38356
1.73857 39816
1.73913 41276
1.73966 42736
1.74023 44196
1.74053 45656
1.74111 47116
1.74168 48576
1.742 50036
1.7426 51496
1.74261 10616
1.74263 12076
1.74263 10616
1.74265 12076
1.74265 10616
1.74266 12076
1.74266 10616
1.74268 12076
1.74268 10616
1.74269 12076
1.74269 10616
1.7427 12076
1.7427 10616
1.74271 12076
1.74271 10616
1.74272 12076
1.74272 10616
1.74275 12076
1.74275 10616
1.74276 12076
1.74276 10616
1.74279 12076
1.74279 10616
1.7428 12076
1.7428 10616
1.74281 12076
1.74282 13536
1.74283 14996
1.74285 16456
1.74287 17916
1.74288 19376
1.7429 20836
1.74291 22296
1.74292 23756
1.74385 25216
1.74453 26676
1.74517 28136
1.74578 29596
1.74639 31056
1.74698 32516
1.74755 33976
1.74809 35436
1.74859 36896
1.74908 38356
1.74949 39816
1.75008 41276
1.75061 42736
1.75108 44196
1.75154 45656
1.75212 47116
1.75259 48576
1.75288 10616
1.75291 12076
1.75291 10616
1.75293 12076
1.75293 10616
1.75294 12076
1.75294 10616
1.75298 12076
1.75298 10616
1.75301 12076
1.75301 10616
1.75302 12076
1.75302 10616
1.75304 12076
1.75304 10616
1.75305 12076
1.75305 10616
1.75307 12076
1.75308 13536
1.75309 14996
1.7531 16456
1.75312 17916
1.75313 19376
1.75314 20836
1.75315 22296
1.75316 23756
1.75353 25216
1.75424 26676
1.7549 28136
1.75552 29596
1.75613 31056
1.75672 32516
1.75729 33976
1.75785 35436
1.75833 36896
1.75874 38356
1.75922 39816
1.75977 41276
1.76033 42736
1.7607 44196
1.7612 45656
1.76182 47116
1.76217 48576
1.76271 50036
1.76292 10616
1.76295 12076
1.76295 10616
1.76298 12076
1.76298 10616
1.763 12076
1.763 10616
1.76303 12076
1.76303 10616
1.76305 12076
1.76305 10616
1.76309 12076
1.76309 10616
1.76315 12076
1.76322 13536
1.76326 14996
1.76332 16456
1.76336 17916
1.76339 19376
1.76341 20836
1.76343 22296
1.76344 23756
1.76355 25216
1.76419 26676
1.76482 28136
1.76545 29596
1.76605 31056
1.76663 32516
1.76718 33976
1.76771 35436
1.76824 36896
1.76878 38356
1.76934 39816
1.76968 41276
1.77018 42736
1.77075 44196
1.77114 45656
1.77165 47116
1.77223 48576
1.77262 50036
1.77289 10616
1.77295 12076
1.77295 10616
1.77296 12076
1.77296 10616
1.77298 12076
1.77298 10616
1.77299 12076
1.773 13536
1.77301 14996
1.77302 16456
1.77305 17916
1.77306 19376
1.77307 20836
1.7731 22296
1.77311 23756
1.7734 25216
1.77408 26676
1.77471 28136
1.77532 29596
1.77592 31056
1.77651 32516
1.77708 33976
1.77763 35436
1.77817 36896
1.77868 38356
1.77913 39816
1.77956 41276
1.7801 42736
1.78062 44196
1.78111 45656
1.78154 47116
1.78208 48576
1.78246 50036
1.78302 51496
1.78305 10616
1.78306 12076
1.78306 10616
1.78307 12076
1.78307 10616
1.78309 12076
1.78309 10616
1.78311 12076
1.78311 10616
1.78312 12076
1.78312 10616
1.78313 12076
1.78313 10616
1.78316 12076
1.78316 10616
1.78317 12076
1.78317 10616
1.78318 12076
1.78318 10616
1.7832 12076
1.7832 10616
1.78325 12076
1.78327 13536
1.78329 14996
1.78339 16456
1.78344 17916
1.78346 19376
1.78347 20836
1.78349 22296
1.7835 23756
1.78413 25216
1.78485 26676
1.78553 28136
1.78615 29596
1.78676 31056
1.78735 32516
1.7879 33976
1.78842 35436
1.7889 36896
1.78935 38356
1.78989 39816
1.79044 41276
1.79092 42736
1.79136 44196
1.79191 45656
1.79243 47116
1.79286 48576
1.79333 10616
1.79335 12076
1.79335 10616
1.79339 12076
1.79339 10616
1.79341 12076
1.79341 10616
1.79344 12076
1.79344 10616
1.79345 12076
1.79345 10616
1.79346 12076
1.79346 10616
1.79347 12076
1.79347 10616
1.79349 12076
1.79349 10616
1.79351 12076
1.79354 13536
1.79356 14996
1.79357 16456
1.7936 17916
1.79361 19376
1.79362 20836
1.79365 22296
1.79367 23756
1.79374 25216
1.79448 26676
1.79514 28136
1.79578 29596
1.79639 31056
1.79696 32516
1.79752 33976
1.79803 35436
1.79853 36896
1.79902 38356
1.79957 39816
1.79999 41276
1.80045 42736
1.80096 44196
1.80146 45656
1.80193 47116
1.80243 48576
1.80292 50036
1.80323 10616
1.80325 12076
1.80325 10616
1.80326 12076
1.80326 10616
1.80328 12076
1.80328 10616
1.8033 12076
1.8033 10616
1.80331 12076
1.80331 10616
1.80336 12076
1.80336 10616
1.80339 12076
1.80339 10616
1.8034 12076
1.8034 10616
1.80341 12076
1.80343 13536
1.8035 14996
1.80352 16456
1.80354 17916
1.80356 19376
1.80359 20836
1.80363 22296
1.80365 23756
1.80383 25216
1.80458 26676
1.8052 28136
1.80582 29596
1.80641 31056
1.807 32516
1.80758 33976
1.80814 35436
1.80868 36896
1.80909 38356
1.80956 39816
1.81007 41276
1.81064 42736
1.81104 44196
1.8115 45656
1.8121 47116
1.81251 48576
1.81298 50036
1.81332 10616
1.81333 12076
1.81333 10616
1.81335 12076
1.81335 10616
1.81336 12076
1.81336 10616
1.81341 12076
1.81341 10616
1.8135 12076
1.81357 13536
1.8136 14996
1.81364 16456
1.81365 17916
1.81366 19376
1.81368 20836
1.81369 22296
1.8137 23756
1.81379 25216
1.81443 26676
1.81505 28136
1.81567 29596
1.81627 31056
1.81686 32516
1.81743 33976
1.81798 35436
1.81852 36896
1.819 38356
1.81944 39816
1.8199 41276
1.82043 42736
1.82093 44196
1.82132 45656
1.82186 47116
1.82239 48576
1.82277 50036
1.82334 51496
1.8235 10616
1.82351 12076
1.82351 10616
1.82354 12076
1.82354 10616
1.82355 12076
1.82355 11116
1.82356 12576
1.82356 11116
1.82359 12576
1.82359 10616
1.8236 12076
1.8236 11116
1.82362 12576
1.82362 11116
1.82365 12576
1.82365 10616
1.82369 12076
1.82369 10616
1.82372 12076
1.82378 13536
1.82381 14996
1.82383 16456
1.82387 17916
1.82394 19376
1.82398 20836
1.82399 22296
1.82402 23756
1.82424 25216
1.8249 26676
1.82554 28136
1.82634 29596
1.82693 31056
1.82751 32516
1.82807 33976
1.82847 35436
1.82901 36896
1.82952 38356
1.83004 39816
1.83055 41276
1.83096 42736
1.83149 44196
1.832 45656
1.83242 47116
1.83298 48576
1.8335 50036
1.83372 10616
1.83375 12076
1.83375 10616
1.83376 12076
1.83376 10616
1.83377 12076
1.83377 10616
1.83378 12076
1.83378 10616
1.83381 12076
1.83381 10616
1.83382 12076
1.83382 10616
1.83383 12076
1.83383 10616
1.83384 12076
1.83384 10616
1.83386 12076
1.83386 10616
1.83388 12076
1.83388 10616
1.83391 12076
1.83393 13536
1.83394 14996
1.83397 16456
1.83399 17916
1.834 19376
1.83402 20836
1.83404 22296
1.83416 23756
1.83443 25216
1.83512 26676
1.83592 28136
1.83657 29596
1.83717 31056
1.83775 32516
1.83831 33976
1.83881 35436
1.83931 36896
1.83982 38356
1.84034 39816
1.84083 41276
1.84131 42736
1.84181 44196
1.84236 45656
1.8428 47116
1.84332 48576
1.84382 10616
1.84383 12076
1.84383 10616
1.84386 12076
1.84386 10616
1.84392 12076
1.84392 10616
1.84395 12076
1.84395 10616
1.84398 12076
1.84398 10616
1.844 12076
1.84402 13536
1.84403 14996
1.84405 16456
1.84406 17916
1.84408 19376
1.84409 20836
1.84413 22296
1.84415 23756
1.84416 25216
1.84479 26676
1.84543 28136
1.84606 29596
1.84666 31056
1.84724 32516
1.84779 33976
1.84832 35436
1.84886 36896
1.8493 38356
1.8497 39816
1.85022 41276
1.85076 42736
1.85123 44196
1.85163 45656
1.85219 47116
1.85268 48576
1.85309 50036
1.85368 51496
1.85379 10616
1.8538 12076
1.8538 10616
1.85383 12076
1.85383 10616
1.85384 12076
1.85384 10616
1.85385 12076
1.85385 10616
1.85388 12076
1.85388 10616
1.85389 12076
1.85389 10616
1.8539 12076
1.8539 10616
1.85391 12076
1.85391 11116
1.85394 12576
1.85394 10616
1.85395 12076
1.85395 11116
1.85396 12576
1.85396 10616
1.85399 12076
1.85401 13536
1.85402 14996
1.85405 16456
1.85406 17916
1.85412 19376
1.85421 20836
1.85427 22296
1.85429 23756
1.8546 25216
1.85547 26676
1.8561 28136
1.85673 29596
1.85733 31056
1.85792 32516
1.85849 33976
1.85903 35436
1.85956 36896
1.85997 38356
1.86052 39816
1.86099 41276
1.86152 42736
1.86196 44196
1.86252 45656
1.863 47116
1.86344 48576
1.86394 50036
1.86412 10616
1.86413 12076
1.86413 10616
1.86415 12076
1.86415 10616
1.86416 12076
1.86416 10616
1.86417 12076
1.86417 10616
1.86418 12076
1.86418 10616
1.86421 12076
1.86421 10616
1.86423 12076
1.86423 10616
1.86425 12076
1.86425 11116
1.86427 12576
1.86427 10616
1.86428 12076
1.86428 10616
1.86431 12076
1.86431 10616
1.86432 12076
1.8644 13536
1.86448 14996
1.86451 16456
1.86454 17916
1.86455 19376
1.86456 20836
1.86459 22296
1.8646 23756
1.86518 25216
1.86582 26676
1.86646 28136
1.86708 29596
1.86769 31056
1.86828 32516
1.86885 33976
1.86941 35436
1.86989 36896
1.8704 38356
1.87081 39816
1.87134 41276
1.87186 42736
1.87238 44196
1.87278 45656
1.87335 47116
1.87387 48576
1.87428 50036
1.87456 10616
1.8746 12076
1.8746 10616
1.87464 12076
1.87464 10616
1.87466 12076
1.87466 10616
1.87469 12076
1.8747 13536
1.87472 14996
1.87473 16456
1.87477 17916
1.87478 19376
1.8748 20836
1.87482 22296
1.87483 23756
1.87509 25216
1.87573 26676
1.87636 28136
1.87696 29596
1.87756 31056
1.87814 32516
1.87869 33976
1.87925 35436
1.87977 36896
1.8803 38356
1.88083 39816
1.88115 41276
1.88171 42736
1.88226 44196
1.88257 45656
1.88315 47116
1.88373 48576
1.88405 50036
1.88454 10616
1.88455 12076
1.88455 10616
1.88457 12076
1.88457 10616
1.8846 12076
1.8846 10616
1.88462 12076
1.88462 10616
1.88465 12076
1.88465 10616
1.88467 12076
1.88467 10616
1.88468 12076
1.88468 10616
1.88469 12076
1.88469 10616
1.88471 12076
1.88471 10616
1.88472 12076
1.88473 13536
1.88476 14996
1.88477 16456
1.88478 17916
1.88479 19376
1.8848 20836
1.88482 22296
1.88483 23756
1.88493 25216
1.88585 26676
1.88649 28136
1.88711 29596
1.88772 31056
1.88831 32516
1.88888 33976
1.88944 35436
1.88991 36896
1.89025 38356
1.8908 39816
1.89137 41276
1.89195 42736
1.89221 44196
1.89281 45656
1.89342 47116
1.89369 48576
1.89431 50036
1.89466 10616
1.89479 12076
1.89479 10616
1.89484 12076
1.89494 13536
1.89499 14996
1.895 16456
1.89501 17916
1.89503 19376
1.89505 20836
1.89506 22296
1.89507 23756
1.8951 25216
1.89535 26676
1.89631 28136
1.89692 29596
1.89751 31056
1.89808 32516
1.89865 33976
1.8992 35436
1.89946 36896
1.9 38356
1.90054 39816
1.90109 41276
1.90138 42736
1.90192 44196
1.90251 45656
1.90306 47116
1.90337 48576
1.90398 50036
1.90426 51496
1.90459 10616
1.90463 12076
1.9047 13536
1.90471 14996
1.90473 16456
1.90474 17916
1.90475 19376
1.90476 20836
1.90477 22296
1.90479 23756
1.90501 25216
1.90565 26676
1.90629 28136
1.9069 29596
1.90749 31056
1.90807 32516
1.90863 33976
1.90918 35436
1.90969 36896
1.91022 38356
1.91076 39816
1.91108 41276
1.91161 42736
1.91216 44196
1.9125 45656
1.91306 47116
1.91363 48576
1.91395 50036
1.91449 10616
1.9145 12076
1.9145 10616
1.91451 12076
1.91451 10616
1.91453 12076
1.91453 10616
1.91455 12076
1.91455 10616
1.91456 12076
1.91456 10616
1.91458 12076
1.91458 10616
1.9146 12076
1.9146 10616
1.91461 12076
1.91461 10616
1.91462 12076
1.91462 10616
1.91465 12076
1.91465 10616
1.91466 12076
1.91467 13536
1.91469 14996
1.91471 16456
1.91472 17916
1.91474 19376
1.91475 20836
1.91476 22296
1.91478 23756
1.91508 25216
1.91579 26676
1.91643 28136
1.91704 29596
1.91766 31056
1.91825 32516
1.91881 33976
1.91938 35436
1.9199 36896
1.92029 38356
1.92075 39816
1.9213 41276
1.92187 42736
1.92224 44196
1.92275 45656
1.92335 47116
1.9237 48576
1.92424 50036
1.92449 10616
1.92451 12076
1.92451 10616
1.92454 12076
1.92454 10616
1.92457 12076
1.92457 10616
1.9246 12076
1.9246 10616
1.92466 12076
1.92472 13536
1.92481 14996
1.92484 16456
1.92488 17916
1.92489 19376
1.92492 20836
1.92494 22296
1.92495 23756
1.92506 25216
1.9257 26676
1.92632 28136
1.92692 29596
1.92751 31056
1.92809 32516
1.92865 33976
1.92921 35436
1.92975 36896
1.93027 38356
1.93054 39816
1.93111 41276
1.93167 42736
1.93224 44196
1.93251 45656
1.93311 47116
1.93373 48576
1.93399 50036
1.93453 10616
1.93456 12076
1.93456 10616
1.93457 12076
1.93457 10616
1.93458 12076
1.93458 10616
1.93459 12076
1.93459 10616
1.93461 12076
1.93461 10616
1.93462 12076
1.93462 10616
1.93463 12076
1.93463 10616
1.93464 12076
1.93464 10616
1.93466 12076
1.93466 10616
1.93467 12076
1.93467 10616
1.93468 12076
1.93468 10616
1.93469 12076
1.93469 10616
1.9347 12076
1.9347 10616
1.93473 12076
1.93474 13536
1.93475 14996
1.93477 16456
1.93478 17916
1.93479 19376
1.9348 20836
1.93481 22296
1.93483 23756
1.93493 25216
1.93592 26676
1.93655 28136
1.93716 29596
1.93776 31056
1.93835 32516
1.93893 33976
1.9395 35436
1.94004 36896
1.94031 38356
1.94087 39816
1.94145 41276
1.94205 42736
1.9423 44196
1.9429 45656
1.94353 47116
1.9438 48576
1.94438 10616
1.9444 12076
1.9444 10616
1.94441 12076
1.94441 10616
1.94442 12076
1.94442 10616
1.94443 12076
1.94443 10616
1.94444 12076
1.94444 10616
1.94446 12076
1.94446 10616
1.94447 12076
1.94447 10616
1.94448 12076
1.94448 10616
1.94449 12076
1.94449 10616
1.94451 12076
1.94451 10616
1.94452 12076
1.94452 10616
1.94454 12076
1.94454 10616
1.94456 12076
1.94456 10616
1.94458 12076
1.94459 13536
1.9446 14996
1.94462 16456
1.94464 17916
1.94465 19376
1.94473 20836
1.94491 22296
1.94503 23756
1.94512 25216
1.94578 26676
1.94641 28136
1.94702 29596
1.94763 31056
1.94822 32516
1.94879 33976
1.94936 35436
1.94991 36896
1.95046 38356
1.95076 39816
1.95127 41276
1.95186 42736
1.95246 44196
1.95272 45656
1.95333 47116
1.95395 48576
1.95422 50036
1.95447 10616
1.95455 12076
1.95455 10616
1.95463 12076
1.95471 13536
1.95476 14996
1.95478 16456
1.9548 17916
1.95481 19376
1.95482 20836
1.95483 22296
1.95485 23756
1.95499 25216
1.95563 26676
1.95625 28136
1.95686 29596
1.95745 31056
1.95803 32516
1.9586 33976
1.95914 35436
1.95968 36896
1.9602 38356
1.96053 39816
1.96104 41276
1.96159 42736
1.96216 44196
1.96246 45656
1.96303 47116
1.96363 48576
1.96394 50036
1.96446 10616
1.96448 12076
1.96448 10616
1.96449 12076
1.96449 10616
1.9645 12076
1.9645 10616
1.96451 12076
1.96451 10616
1.96452 12076
1.96452 10616
1.96454 12076
1.96454 10616
1.96455 12076
1.96455 10616
1.96457 12076
1.96457 10616
1.96459 12076
1.96459 10616
1.9646 12076
1.9646 10616
1.96461 12076
1.96461 10616
1.96462 12076
1.96462 10616
1.96463 12076
1.96463 10616
1.96465 12076
1.96467 13536
1.9647 14996
1.96473 16456
1.96475 17916
1.96476 19376
1.96477 20836
1.96478 22296
1.96481 23756
1.96512 25216
1.96584 26676
1.96648 28136
1.96709 29596
1.96769 31056
1.96828 32516
1.96886 33976
1.96943 35436
1.96997 36896
1.97034 38356
1.97078 39816
1.97135 41276
1.97194 42736
1.97229 44196
1.97278 45656
1.97341 47116
1.97378 48576
1.97429 50036
1.97457 10616
1.9746 12076
1.9746 10616
1.97461 12076
1.97461 10616
1.97463 12076
1.97463 10616
1.97472 12076
1.97485 13536
1.97491 14996
1.97493 16456
1.97494 17916
1.97496 19376
1.97497 20836
1.97499 22296
1.975 23756
1.9751 25216
1.97572 26676
1.97634 28136
1.97697 29596
1.97756 31056
1.97813 32516
1.9787 33976
1.97923 35436
1.97977 36896
1.9803 38356
1.98058 39816
1.98112 41276
1.98166 42736
1.98222 44196
1.98251 45656
1.98308 47116
1.98366 48576
1.98397 50036
1.98455 51496
1.98475 10616
1.98477 12076
1.98477 10616
1.98478 12076
1.98478 10616
1.98479 12076
1.98479 10616
1.9848 12076
1.9848 10616
1.98482 12076
1.98482 10616
1.98484 12076
1.98484 10616
1.98486 12076
1.98486 10616
1.98488 12076
1.98488 10616
1.98489 12076
1.98489 10616
1.98493 12076
1.98516 13536
1.98524 14996
1.98526 16456
1.98527 17916
1.98528 19376
1.98529 20836
1.9853 22296
1.98532 23756
1.98543 25216
1.98607 26676
1.98668 28136
1.98728 29596
1.9879 31056
1.98849 32516
1.98905 33976
1.98962 35436
1.99016 36896
1.9907 38356
1.99119 39816
1.99153 41276
1.99211 42736
1.99269 44196
1.99296 45656
1.99358 47116
1.99419 48576
1.99447 50036
1.99474 10616
1.99481 12076
1.99481 10616
1.99485 12076
1.99486 13536
1.9949 14996
1.99493 16456
1.99497 17916
1.995 19376
1.99501 20836
1.99502 22296
1.99503 23756
1.99525 25216
1.99588 26676
1.99651 28136
1.99711 29596
1.9977 31056
1.99828 32516
1.99884 33976
1.9994 35436
1.99993 36896
2.00046 38356
2.00094 2920
2.00097 4380
2.00097 2920
2.00101 4380
2.00101 2920
2.00103 4380
2.00103 2920
2.00105 4380
2.00105 2920
2.00107 4380
2.00107 2920
2.00108 4380
2.00108 2920
2.00109 4380
2.00109 2920
2.0011 4380
2.0011 2920
2.00112 4380
2.00112 2920
2.00113 4380
2.00113 2920
2.00114 4380
2.00114 2920
2.00115 4380
2.00115 2920
2.00118 4380
2.00118 2920
2.0012 4380
2.0012 2920
2.00121 4380
2.00121 2920
2.00123 4380
2.00123 2920
2.0014 4380
2.00193 7300
2.00194 5840
2.00195 4380
2.00197 2920
2.00307 4380
2.00307 2920
2.00308 4380
2.00308 2920
2.00469 4380
2.00469 2920
2.00471 4380
2.00471 2920
2.00556 4380
2.00556 2920
2.00558 4380
2.00558 2920
2.00644 4380
2.00644 2920
2.00646 4380
2.00646 2920
2.00728 4380
2.04502 2920
2.04533 4380
2.06243 2920
2.06261 4380
2.06261 2920
2.06309 4380
2.06658 5840
2.07986 2920
2.08023 4380
2.09758 2920
2.09796 4380
2.11675 2920
2.11725 4380
2.12652 5840
2.15443 2920
2.15468 4380
2.17374 2920
2.17401 4380
2.18329 5840
2.1924 2920
2.19277 4380
2.20264 2920
2.20328 4380
2.24696 5840
2.312 7300
2.37797 8760
2.44331 10220
