0.0 0
1.00047 0.000467321
1.00097 0.000471227
1.00099 0.000477705
1.00146 0.000480237
1.00149 0.000485513
1.00151 0.000490129
1.00154 0.000497228
1.00196 0.00049732
1.00199 0.000500461
1.00201 0.000503209
1.00204 0.000508673
1.00206 0.000513454
1.00208 0.000520698
1.00211 0.000527036
1.00213 0.000535642
1.00246 0.000530932
1.00248 0.000529871
1.00251 0.000528943
1.00253 0.000531191
1.00256 0.000533158
1.00258 0.000537939
1.00261 0.000542122
1.00263 0.000548842
1.00266 0.000554722
1.00268 0.000562927
1.0027 0.000570107
1.00273 0.000579449
1.00275 0.000587623
1.00278 0.000597836
1.0028 0.000606772
1.00283 0.000617651
1.00296 0.00060269
1.00298 0.000589599
1.00301 0.000578145
1.00303 0.000568122
1.00306 0.000559352
1.00308 0.000551679
1.0031 0.000544965
1.00313 0.00053909
1.00315 0.000533949
1.00318 0.000529451
1.0032 0.000525515
1.00323 0.000522071
1.00325 0.000519058
1.00328 0.000516421
1.0033 0.000514114
1.00332 0.000512095
1.00346 0.000510329
1.00348 0.000508783
1.0035 0.000507431
1.00353 0.000506248
1.00355 0.000508273
1.00358 0.000510044
1.0036 0.000511594
1.00363 0.00051295
1.00365 0.000514137
1.00368 0.000515175
1.0037 0.000516084
1.00373 0.000516879
1.00375 0.000517575
1.00377 0.000518184
1.0038 0.000518717
1.00382 0.000519183
1.00385 0.000519591
1.00395 0.000516888
1.00398 0.000514523
1.004 0.000512453
1.00403 0.000510642
1.00405 0.000509057
1.00408 0.00050767
1.0041 0.000506457
1.00413 0.000505395
1.00415 0.000507526
1.00417 0.000509391
1.0042 0.000511023
1.00422 0.000512451
1.00425 0.0005137
1.00427 0.000514793
1.0043 0.000515749
1.00432 0.000516586
1.00435 0.000517318
1.00437 0.000517959
1.00445 0.00051546
1.00448 0.000513273
1.0045 0.000511359
1.00453 0.000509685
1.00455 0.00050822
1.00457 0.000506938
1.0046 0.000505816
1.00462 0.000504835
1.00465 0.000503976
1.00467 0.000503225
1.0047 0.000502567
1.00472 0.000505052
1.00475 0.000507226
1.00477 0.000509128
1.00479 0.000510793
1.00482 0.000512249
1.00484 0.000513523
1.00487 0.000514638
1.00489 0.000515614
1.00495 0.000513408
1.00497 0.000511478
1.005 0.000509789
1.00502 0.000508311
1.00505 0.000507018
1.00507 0.000505886
1.0051 0.000504896
1.00512 0.00050403
1.00515 0.000503272
1.00517 0.000502609
1.00519 0.000502028
1.00522 0.00050152
1.00524 0.000501076
1.00527 0.000503747
1.00529 0.000506084
1.00532 0.000508129
1.00534 0.000509918
1.00537 0.000511484
1.00539 0.000512854
1.00541 0.000514053
1.00545 0.000512042
1.00547 0.000510282
1.0055 0.000508742
1.00552 0.000507395
1.00555 0.000506216
1.00557 0.000505185
1.00559 0.000504282
1.00562 0.000503492
1.00564 0.000502801
1.00567 0.000502196
1.00569 0.000501667
1.00572 0.000501204
1.00574 0.000500799
1.00577 0.000500445
1.00579 0.000503195
1.00581 0.000505601
1.00584 0.000507706
1.00586 0.000509548
1.00589 0.00051116
1.00591 0.000512571
1.00594 0.000513805
1.00596 0.000513839
1.00599 0.000513869
1.00601 0.000513895
1.00604 0.000513918
1.00606 0.000513938
1.00608 0.000513955
1.00611 0.00051397
1.00613 0.000513983
1.00616 0.000513995
1.00618 0.000514005
1.00621 0.000514014
1.00623 0.000514022
1.00626 0.000514029
1.00628 0.000514035
1.0063 0.0005171
1.00633 0.000519782
1.00635 0.000522129
1.00638 0.000524182
1.0064 0.000525979
1.00643 0.000527551
1.00645 0.000528927
1.00648 0.000530131
1.0065 0.000531184
1.00652 0.000532106
1.00655 0.000532912
1.00657 0.000533618
1.0066 0.000534235
1.00662 0.000534775
1.00665 0.000535248
1.00667 0.000535662
1.0067 0.000536024
1.00672 0.000536341
1.00675 0.000536618
1.00677 0.00053686
1.00679 0.000537072
1.00682 0.000540318
1.00684 0.000543158
1.00687 0.000545643
1.00689 0.000547817
1.00692 0.000549719
1.00694 0.000551384
1.00697 0.000552841
1.00699 0.000554115
1.00701 0.00055523
1.00704 0.000556206
1.00706 0.00055706
1.00709 0.000557807
1.00711 0.000558461
1.00714 0.000559033
1.00716 0.000559533
1.00719 0.000559971
1.00721 0.000560354
1.00723 0.000560689
1.00726 0.000560982
1.00728 0.000561239
1.00731 0.000561464
1.00733 0.000564721
1.00736 0.00056757
1.00738 0.000570063
1.00741 0.000572245
1.00743 0.000574154
1.00745 0.000575824
1.00748 0.000577286
1.0075 0.000578565
1.00753 0.000579684
1.00755 0.000580663
1.00758 0.00058152
1.0076 0.00058227
1.00763 0.000582926
1.00765 0.0005835
1.00768 0.000584002
1.0077 0.000584441
1.00772 0.000584825
1.00775 0.000585161
1.00777 0.000585455
1.0078 0.000585713
1.00782 0.000585938
1.00785 0.000589195
1.00787 0.000592045
1.0079 0.000594539
1.00792 0.000596721
1.00794 0.00059863
1.00797 0.000600301
1.00799 0.000601763
1.00802 0.000603042
1.00804 0.000604161
1.00807 0.00060514
1.00809 0.000605997
1.00812 0.000606747
1.00814 0.000607403
1.00816 0.000607977
1.00819 0.000608479
1.00821 0.000608919
1.00824 0.000609304
1.00826 0.000609641
1.00829 0.000609935
1.00831 0.000610193
1.00834 0.000610418
1.00836 0.000613675
1.00839 0.000616525
1.00841 0.000619019
1.00843 0.000621201
1.00846 0.00062311
1.00848 0.000624781
1.00851 0.000626243
1.00853 0.000627522
1.00856 0.000628641
1.00858 0.00062962
1.00861 0.000630477
1.00863 0.000631227
1.00865 0.000631883
1.00868 0.000632457
1.0087 0.000632959
1.00873 0.000633399
1.00875 0.000633784
1.00878 0.000634121
1.0088 0.000634415
1.00883 0.000634673
1.00885 0.000634898
1.00887 0.000638155
1.0089 0.000641005
1.00892 0.000643499
1.00895 0.000645681
1.00897 0.00064759
1.009 0.000649261
1.00902 0.000650723
1.00905 0.000652002
1.00907 0.000653121
1.0091 0.0006541
1.00912 0.000654957
1.00914 0.000655707
1.00917 0.000656363
1.00919 0.000656937
1.00922 0.000657439
1.00924 0.000657879
1.00927 0.000658264
1.00929 0.000658601
1.00932 0.000658895
1.00934 0.000659153
1.00936 0.000659378
1.00939 0.000662635
1.00941 0.000665485
1.00944 0.000667979
1.00946 0.000670161
1.00949 0.00067207
1.00951 0.000673741
1.00954 0.000675203
1.00956 0.000676482
1.00958 0.000677601
1.00961 0.00067858
1.00963 0.000679437
1.00966 0.000680187
1.00968 0.000680843
1.00971 0.000681417
1.00973 0.000681919
1.00976 0.000682359
1.00978 0.000682744
1.00981 0.000683081
1.00983 0.000683375
1.00985 0.000683633
1.00988 0.000683858
1.0099 0.000687115
1.00993 0.000689965
1.00995 0.000692459
1.00998 0.000694641
1.01 0.00069655
1.01003 0.000698221
1.01005 0.000699683
1.01007 0.000700962
1.0101 0.000702081
1.01012 0.00070306
1.01015 0.000703917
1.01017 0.000704667
1.0102 0.000705323
1.01022 0.000705897
1.01025 0.000706399
1.01027 0.000706839
1.01029 0.000707224
1.01032 0.000707561
1.01034 0.000707855
1.01037 0.000708113
1.01039 0.000708338
1.01042 0.000711595
1.01044 0.000714445
1.01047 0.000716939
1.01049 0.000719121
1.01051 0.00072103
1.01054 0.000722701
1.01056 0.000724163
1.01059 0.000725442
1.01061 0.000726561
1.01064 0.00072754
1.01066 0.000728397
1.01069 0.000729147
1.01071 0.000729803
1.01074 0.000730377
1.01076 0.000730879
1.01078 0.000731319
1.01081 0.000731704
1.01083 0.000732041
1.01086 0.000732335
1.01088 0.000732593
1.01091 0.000732818
1.01093 0.000736075
1.01096 0.000738925
1.01098 0.000741419
1.011 0.000743601
1.01103 0.00074551
1.01105 0.000747181
1.01108 0.000748643
1.0111 0.000749922
1.01113 0.000751041
1.01115 0.00075202
1.01118 0.000752877
1.0112 0.000753627
1.01122 0.000754283
1.01125 0.000754857
1.01127 0.000755359
1.0113 0.000755799
1.01132 0.000756184
1.01135 0.000756521
1.01137 0.000756815
1.0114 0.000757073
1.01142 0.000757298
1.01145 0.000760555
1.01147 0.000763405
1.01149 0.000765899
1.01152 0.000768081
1.01154 0.00076999
1.01157 0.000771661
1.01159 0.000773123
1.01162 0.000774402
1.01164 0.000775521
1.01167 0.0007765
1.01169 0.000777357
1.01171 0.000778107
1.01174 0.000778763
1.01176 0.000779337
1.01179 0.000779839
1.01181 0.000780279
1.01184 0.000780664
1.01186 0.000781001
1.01189 0.000781295
1.01191 0.000781553
1.01193 0.000781778
1.01196 0.000785035
1.01198 0.000787885
1.01201 0.000790379
1.01203 0.000792561
1.01206 0.00079447
1.01208 0.000796141
1.01211 0.000797603
1.01213 0.000798882
1.01216 0.000800001
1.01218 0.00080098
1.0122 0.000801837
1.01223 0.000802587
1.01225 0.000803243
1.01228 0.000803817
1.0123 0.000804319
1.01233 0.000804759
1.01235 0.000805144
1.01238 0.000805481
1.0124 0.000805775
1.01242 0.000806033
1.01245 0.000806258
1.01247 0.000809515
1.0125 0.000812365
1.01252 0.000814859
1.01255 0.000817041
1.01257 0.00081895
1.0126 0.000820621
1.01262 0.000822083
1.01264 0.000823362
1.01267 0.000824481
1.01269 0.00082546
1.01272 0.000826317
1.01274 0.000827067
1.01277 0.000827723
1.01279 0.000828297
1.01282 0.000828799
1.01284 0.000829239
1.01287 0.000829624
1.01289 0.000829961
1.01291 0.000830255
1.01294 0.000830513
1.01296 0.000830738
1.01299 0.000833995
1.01301 0.000836845
1.01304 0.000839339
1.01306 0.000841521
1.01309 0.00084343
1.01311 0.000845101
1.01313 0.000846563
1.01316 0.000847842
1.01318 0.000848961
1.01321 0.00084994
1.01323 0.000850797
1.01326 0.000851547
1.01328 0.000852203
1.01331 0.000852777
1.01333 0.000853279
1.01335 0.000853719
1.01338 0.000854104
1.0134 0.000854441
1.01343 0.000854735
1.01345 0.000854993
1.01348 0.000855218
1.0135 0.000858475
1.01353 0.000861325
1.01355 0.000863819
1.01357 0.000866001
1.0136 0.00086791
1.01362 0.000869581
1.01365 0.000871043
1.01367 0.000872322
1.0137 0.000873441
1.01372 0.00087442
1.01375 0.000875277
1.01377 0.000876027
1.0138 0.000876683
1.01382 0.000877257
1.01384 0.000877759
1.01387 0.000878199
1.01389 0.000878584
1.01392 0.000878921
1.01394 0.000879215
1.01397 0.000879473
1.01399 0.000879698
1.01402 0.000882955
1.01404 0.000885805
1.01406 0.000888299
1.01409 0.000890481
1.01411 0.00089239
1.01414 0.000894061
1.01416 0.000895523
1.01419 0.000896802
1.01421 0.000897921
1.01424 0.0008989
1.01426 0.000899757
1.01428 0.000900507
1.01431 0.000901163
1.01433 0.000901737
1.01436 0.000902239
1.01438 0.000902679
1.01441 0.000903064
1.01443 0.000903401
1.01446 0.000903695
1.01448 0.000903953
1.01451 0.000904178
1.01453 0.000907435
1.01455 0.000910285
1.01458 0.000912779
1.0146 0.000914961
1.01463 0.00091687
1.01465 0.000918541
1.01468 0.000920003
1.0147 0.000921282
1.01473 0.000922401
1.01475 0.00092338
1.01477 0.000924237
1.0148 0.000924987
1.01482 0.000925643
1.01485 0.000926217
1.01487 0.000926719
1.0149 0.000927159
1.01492 0.000927544
1.01495 0.000927881
1.01497 0.000928175
1.01499 0.000928433
1.01502 0.000928658
1.01504 0.000931915
1.01507 0.000934765
1.01509 0.000937259
1.01512 0.000939441
1.01514 0.00094135
1.01517 0.000943021
1.01519 0.000944483
1.01522 0.000945762
1.01524 0.000946881
1.01526 0.00094786
1.01529 0.000948717
1.01531 0.000949467
1.01534 0.000950123
1.01536 0.000950697
1.01539 0.000951199
1.01541 0.000951639
1.01544 0.000952024
1.01546 0.000952361
1.01548 0.000952655
1.01551 0.000952913
1.01553 0.000953138
1.01556 0.000956395
1.01558 0.000959245
1.01561 0.000961739
1.01563 0.000963921
1.01566 0.00096583
1.01568 0.000967501
1.0157 0.000968963
1.01573 0.000970242
1.01575 0.000971361
1.01578 0.00097234
1.0158 0.000973197
1.01583 0.000973947
1.01585 0.000974603
1.01588 0.000975177
1.0159 0.000975679
1.01593 0.000976119
1.01595 0.000976504
1.01597 0.000976841
1.016 0.000977135
1.01602 0.000977393
1.01605 0.000977618
1.01607 0.000980875
1.0161 0.000983725
1.01612 0.000986219
1.01615 0.000988401
1.01617 0.00099031
1.01619 0.000991981
1.01622 0.000993443
1.01624 0.000994722
1.01627 0.000995841
1.01629 0.00099682
1.01632 0.000997677
1.01634 0.000998427
1.01637 0.000999083
1.01639 0.000999657
1.01641 0.00100016
1.01644 0.0010006
1.01646 0.00100098
1.01649 0.00100132
1.01651 0.00100161
1.01654 0.00100187
1.01656 0.0010021
1.01659 0.00100535
1.01661 0.0010082
1.01663 0.0010107
1.01666 0.00101288
1.01668 0.00101479
1.01671 0.00101646
1.01673 0.00101792
1.01676 0.0010192
1.01678 0.00102032
1.01681 0.0010213
1.01683 0.00102216
1.01686 0.00102291
1.01688 0.00102356
1.0169 0.00102414
1.01693 0.00102464
1.01695 0.00102508
1.01698 0.00102546
1.017 0.0010258
1.01703 0.00102609
1.01705 0.00102635
1.01708 0.00102658
1.0171 0.00102983
1.01712 0.00103268
1.01715 0.00103518
1.01717 0.00103736
1.0172 0.00103927
1.01722 0.00104094
1.01725 0.0010424
1.01727 0.00104368
1.0173 0.0010448
1.01732 0.00104578
1.01734 0.00104664
1.01737 0.00104739
1.01739 0.00104804
1.01742 0.00104862
1.01744 0.00104912
1.01747 0.00104956
1.01749 0.00104994
1.01752 0.00105028
1.01754 0.00105057
1.01757 0.00105083
1.01759 0.00105106
1.01761 0.00105431
1.01764 0.00105717
1.01766 0.00105966
1.01769 0.00106184
1.01771 0.00106375
1.01774 0.00106542
1.01776 0.00106688
1.01779 0.00106816
1.01781 0.00106928
1.01783 0.00107026
1.01786 0.00107112
1.01788 0.00107187
1.01791 0.00107252
1.01793 0.0010731
1.01796 0.0010736
1.01798 0.00107404
1.01801 0.00107442
1.01803 0.00107476
1.01805 0.00107506
1.01808 0.00107531
1.0181 0.00107554
1.01813 0.0010788
1.01815 0.00108165
1.01818 0.00108414
1.0182 0.00108632
1.01823 0.00108823
1.01825 0.0010899
1.01828 0.00109136
1.0183 0.00109264
1.01832 0.00109376
1.01835 0.00109474
1.01837 0.0010956
1.0184 0.00109635
1.01842 0.001097
1.01845 0.00109758
1.01847 0.00109808
1.0185 0.00109852
1.01852 0.0010989
1.01854 0.00109924
1.01857 0.00109954
1.01859 0.00109979
1.01862 0.00110002
1.01864 0.00110327
1.01867 0.00110612
1.01869 0.00110862
1.01872 0.0011108
1.01874 0.00111271
1.01876 0.00111438
1.01879 0.00111584
1.01881 0.00111712
1.01884 0.00111824
1.01886 0.00111922
1.01889 0.00112008
1.01891 0.00112083
1.01894 0.00112148
1.01896 0.00112206
1.01899 0.00112256
1.01901 0.001123
1.01903 0.00112338
1.01906 0.00112372
1.01908 0.00112401
1.01911 0.00112427
1.01913 0.0011245
1.01916 0.00112776
1.01918 0.00113061
1.01921 0.0011331
1.01923 0.00113528
1.01925 0.00113719
1.01928 0.00113886
1.0193 0.00114032
1.01933 0.0011416
1.01935 0.00114272
1.01938 0.0011437
1.0194 0.00114456
1.01943 0.00114531
1.01945 0.00114596
1.01947 0.00114654
1.0195 0.00114704
1.01952 0.00114748
1.01955 0.00114786
1.01957 0.0011482
1.0196 0.0011485
1.01962 0.00114875
1.01965 0.00114898
1.01967 0.00115223
1.01969 0.00115508
1.01972 0.00115758
1.01974 0.00115976
1.01977 0.00116167
1.01979 0.00116334
1.01982 0.0011648
1.01984 0.00116608
1.01987 0.0011672
1.01989 0.00116818
1.01992 0.00116904
1.01994 0.00116979
1.01996 0.00117044
1.01999 0.00117102
1.02001 0.00117152
1.02004 0.00117196
1.02006 0.00117234
1.02009 0.00117268
1.02011 0.00117297
1.02014 0.00117323
1.02016 0.00117346
1.02018 0.00117672
1.02021 0.00117957
1.02023 0.00118206
1.02026 0.00118424
1.02028 0.00118615
1.02031 0.00118782
1.02033 0.00118928
1.02036 0.00119056
1.02038 0.00119168
1.0204 0.00119266
1.02043 0.00119352
1.02045 0.00119427
1.02048 0.00119492
1.0205 0.0011955
1.02053 0.001196
1.02055 0.00119644
1.02058 0.00119682
1.0206 0.00119716
1.02063 0.00119746
1.02065 0.00119771
1.02067 0.00119794
1.0207 0.00120119
1.02072 0.00120404
1.02075 0.00120654
1.02077 0.00120872
1.0208 0.00121063
1.02082 0.0012123
1.02085 0.00121376
1.02087 0.00121504
1.02089 0.00121616
1.02092 0.00121714
1.02094 0.001218
1.02097 0.00121875
1.02099 0.0012194
1.02102 0.00121998
1.02104 0.00122048
1.02107 0.00122092
1.02109 0.0012213
1.02111 0.00122164
1.02114 0.00122193
1.02116 0.00122219
1.02119 0.00122242
1.02121 0.00122567
1.02124 0.00122852
1.02126 0.00123102
1.02129 0.0012332
1.02131 0.00123511
1.02134 0.00123678
1.02136 0.00123824
1.02138 0.00123952
1.02141 0.00124064
1.02143 0.00124162
1.02146 0.00124248
1.02148 0.00124323
1.02151 0.00124388
1.02153 0.00124446
1.02156 0.00124496
1.02158 0.0012454
1.0216 0.00124578
1.02163 0.00124612
1.02165 0.00124641
1.02168 0.00124667
1.0217 0.0012469
1.02173 0.00125015
1.02175 0.001253
1.02178 0.0012555
1.0218 0.00125768
1.02182 0.00125959
1.02185 0.00126126
1.02187 0.00126272
1.0219 0.001264
1.02192 0.00126512
1.02195 0.0012661
1.02197 0.00126696
1.022 0.00126771
1.02202 0.00126836
1.02205 0.00126894
1.02207 0.00126944
1.02209 0.00126988
1.02212 0.00127026
1.02214 0.0012706
1.02217 0.00127089
1.02219 0.00127115
1.02222 0.00127138
1.02224 0.00127464
1.02227 0.00127749
1.02229 0.00127998
1.02231 0.00128216
1.02234 0.00128407
1.02236 0.00128574
1.02239 0.0012872
1.02241 0.00128848
1.02244 0.0012896
1.02246 0.00129058
1.02249 0.00129144
1.02251 0.00129219
1.02253 0.00129284
1.02256 0.00129342
1.02258 0.00129392
1.02261 0.00129436
1.02263 0.00129474
1.02266 0.00129508
1.02268 0.00129538
1.02271 0.00129563
1.02273 0.00129586
1.02275 0.00129911
1.02278 0.00130196
1.0228 0.00130446
1.02283 0.00130664
1.02285 0.00130855
1.02288 0.00131022
1.0229 0.00131168
1.02293 0.00131296
1.02295 0.00131408
1.02298 0.00131506
1.023 0.00131592
1.02302 0.00131667
1.02305 0.00131732
1.02307 0.0013179
1.0231 0.0013184
1.02312 0.00131884
1.02315 0.00131922
1.02317 0.00131956
1.0232 0.00131985
1.02322 0.00132011
1.02324 0.00132034
1.02327 0.00132359
1.02329 0.00132644
1.02332 0.00132894
1.02334 0.00133112
1.02337 0.00133303
1.02339 0.0013347
1.02342 0.00133616
1.02344 0.00133744
1.02346 0.00133856
1.02349 0.00133954
1.02351 0.0013404
1.02354 0.00134115
1.02356 0.0013418
1.02359 0.00134238
1.02361 0.00134288
1.02364 0.00134332
1.02366 0.0013437
1.02369 0.00134404
1.02371 0.00134433
1.02373 0.00134459
1.02376 0.00134482
1.02378 0.00134808
1.02381 0.00135092
1.02383 0.00135342
1.02386 0.0013556
1.02388 0.00135751
1.02391 0.00135918
1.02393 0.00136064
1.02395 0.00136192
1.02398 0.00136304
1.024 0.00136402
1.02403 0.00136488
1.02405 0.00136563
1.02408 0.00136628
1.0241 0.00136686
1.02413 0.00136736
1.02415 0.0013678
1.02417 0.00136818
1.0242 0.00136852
1.02422 0.00136882
1.02425 0.00136907
1.02427 0.0013693
1.0243 0.00137255
1.02432 0.0013754
1.02435 0.0013779
1.02437 0.00138008
1.0244 0.00138199
1.02442 0.00138366
1.02444 0.00138512
1.02447 0.0013864
1.02449 0.00138752
1.02452 0.0013885
1.02454 0.00138936
1.02457 0.00139011
1.02459 0.00139076
1.02462 0.00139134
1.02464 0.00139184
1.02466 0.00139228
1.02469 0.00139266
1.02471 0.001393
1.02474 0.00139329
1.02476 0.00139355
1.02479 0.00139378
1.02481 0.00139704
1.02484 0.00139989
1.02486 0.00140238
1.02488 0.00140456
1.02491 0.00140647
1.02493 0.00140814
1.02496 0.0014096
1.02498 0.00141088
1.02501 0.001412
1.02503 0.00141298
1.02506 0.00141384
1.02508 0.00141459
1.02511 0.00141524
1.02513 0.00141582
1.02515 0.00141632
1.02518 0.00141676
1.0252 0.00141714
1.02523 0.00141748
1.02525 0.00141778
1.02528 0.00141803
1.0253 0.00141826
1.02533 0.00142151
1.02535 0.00142436
1.02537 0.00142686
1.0254 0.00142904
1.02542 0.00143095
1.02545 0.00143262
1.02547 0.00143408
1.0255 0.00143536
1.02552 0.00143648
1.02555 0.00143746
1.02557 0.00143832
1.02559 0.00143907
1.02562 0.00143972
1.02564 0.0014403
1.02567 0.0014408
1.02569 0.00144124
1.02572 0.00144162
1.02574 0.00144196
1.02577 0.00144225
1.02579 0.00144251
1.02581 0.00144274
1.02584 0.001446
1.02586 0.00144885
1.02589 0.00145134
1.02591 0.00145352
1.02594 0.00145543
1.02596 0.0014571
1.02599 0.00145856
1.02601 0.00145984
1.02604 0.00146096
1.02606 0.00146194
1.02608 0.0014628
1.02611 0.00146355
1.02613 0.0014642
1.02616 0.00146478
1.02618 0.00146528
1.02621 0.00146572
1.02623 0.0014661
1.02626 0.00146644
1.02628 0.00146674
1.0263 0.00146699
1.02633 0.00146722
1.02635 0.00147047
1.02638 0.00147332
1.0264 0.00147582
1.02643 0.001478
1.02645 0.00147991
1.02648 0.00148158
1.0265 0.00148304
1.02652 0.00148432
1.02655 0.00148544
1.02657 0.00148642
1.0266 0.00148728
1.02662 0.00148803
1.02665 0.00148868
1.02667 0.00148926
1.0267 0.00148976
1.02672 0.0014902
1.02675 0.00149058
1.02677 0.00149092
1.02679 0.00149121
1.02682 0.00149147
1.02684 0.0014917
1.02687 0.00149496
1.02689 0.00149781
1.02692 0.0015003
1.02694 0.00150248
1.02697 0.00150439
1.02699 0.00150606
1.02701 0.00150752
1.02704 0.0015088
1.02706 0.00150992
1.02709 0.0015109
1.02711 0.00151176
1.02714 0.00151251
1.02716 0.00151316
1.02719 0.00151374
1.02721 0.00151424
1.02723 0.00151468
1.02726 0.00151506
1.02728 0.0015154
1.02731 0.0015157
1.02733 0.00151595
1.02736 0.00151618
1.02738 0.00151943
1.02741 0.00152228
1.02743 0.00152478
1.02746 0.00152696
1.02748 0.00152887
1.0275 0.00153054
1.02753 0.001532
1.02755 0.00153328
1.02758 0.0015344
1.0276 0.00153538
1.02763 0.00153624
1.02765 0.00153699
1.02768 0.00153764
1.0277 0.00153822
1.02772 0.00153872
1.02775 0.00153916
1.02777 0.00153954
1.0278 0.00153988
1.02782 0.00154017
1.02785 0.00154043
1.02787 0.00154066
1.0279 0.00154391
1.02792 0.00154676
1.02794 0.00154926
1.02797 0.00155144
1.02799 0.00155335
1.02802 0.00155502
1.02804 0.00155648
1.02807 0.00155776
1.02809 0.00155888
1.02812 0.00155986
1.02814 0.00156072
1.02817 0.00156147
1.02819 0.00156212
1.02821 0.0015627
1.02824 0.0015632
1.02826 0.00156364
1.02829 0.00156402
1.02831 0.00156436
1.02834 0.00156465
1.02836 0.00156491
1.02839 0.00156514
1.02841 0.00156839
1.02843 0.00157124
1.02846 0.00157374
1.02848 0.00157592
1.02851 0.00157783
1.02853 0.0015795
1.02856 0.00158096
1.02858 0.00158224
1.02861 0.00158336
1.02863 0.00158434
1.02865 0.0015852
1.02868 0.00158595
1.0287 0.0015866
1.02873 0.00158718
1.02875 0.00158768
1.02878 0.00158812
1.0288 0.0015885
1.02883 0.00158884
1.02885 0.00158913
1.02887 0.00158939
1.0289 0.00158962
1.02892 0.00159288
1.02895 0.00159573
1.02897 0.00159822
1.029 0.0016004
1.02902 0.00160231
1.02905 0.00160398
1.02907 0.00160544
1.0291 0.00160672
1.02912 0.00160784
1.02914 0.00160882
1.02917 0.00160968
1.02919 0.00161043
1.02922 0.00161108
1.02924 0.00161166
1.02927 0.00161216
1.02929 0.0016126
1.02932 0.00161298
1.02934 0.00161332
1.02936 0.00161362
1.02939 0.00161387
1.02941 0.0016141
1.02944 0.00161736
1.02946 0.0016202
1.02949 0.0016227
1.02951 0.00162488
1.02954 0.00162679
1.02956 0.00162846
1.02958 0.00162992
1.02961 0.0016312
1.02963 0.00163232
1.02966 0.0016333
1.02968 0.00163416
1.02971 0.00163491
1.02973 0.00163556
1.02976 0.00163614
1.02978 0.00163664
1.02981 0.00163708
1.02983 0.00163746
1.02985 0.0016378
1.02988 0.0016381
1.0299 0.00163835
1.02993 0.00163858
1.02995 0.00164183
1.02998 0.00164468
1.03 0.00164718
1.03003 0.00164936
1.03005 0.00165127
1.03007 0.00165294
1.0301 0.0016544
1.03012 0.00165568
1.03015 0.0016568
1.03017 0.00165778
1.0302 0.00165864
1.03022 0.00165939
1.03025 0.00166004
1.03027 0.00166062
1.03029 0.00166112
1.03032 0.00166156
1.03034 0.00166194
1.03037 0.00166228
1.03039 0.00166257
1.03042 0.00166283
1.03044 0.00166306
1.03047 0.00166632
1.03049 0.00166917
1.03052 0.00167166
1.03054 0.00167384
1.03056 0.00167575
1.03059 0.00167742
1.03061 0.00167888
1.03064 0.00168016
1.03066 0.00168128
1.03069 0.00168226
1.03071 0.00168312
1.03074 0.00168387
1.03076 0.00168452
1.03078 0.0016851
1.03081 0.0016856
1.03083 0.00168604
1.03086 0.00168642
1.03088 0.00168676
1.03091 0.00168706
1.03093 0.00168731
1.03096 0.00168754
1.03098 0.00169079
1.031 0.00169364
1.03103 0.00169614
1.03105 0.00169832
1.03108 0.00170023
1.0311 0.0017019
1.03113 0.00170336
1.03115 0.00170464
1.03118 0.00170576
1.0312 0.00170674
1.03123 0.0017076
1.03125 0.00170835
1.03127 0.001709
1.0313 0.00170958
1.03132 0.00171008
1.03135 0.00171052
1.03137 0.0017109
1.0314 0.00171124
1.03142 0.00171153
1.03145 0.00171179
1.03147 0.00171202
1.03481 0.00168918
1.03488 0.00167227
1.03491 0.00165748
1.03496 0.00164454
1.03498 0.00163322
1.03502 0.00162331
1.03504 0.00161464
1.03509 0.00160858
1.03512 0.00160328
1.03515 0.00159865
1.03522 0.00159459
1.03524 0.00159104
1.03528 0.00158793
1.0353 0.00158524
1.03533 0.00158594
1.03535 0.00158962
1.03536 0.00159436
1.03539 0.00160157
1.03541 0.00161094
1.03542 0.00161608
1.03545 0.00161905
1.03547 0.00162012
1.03561 0.00161493
1.03567 0.00161042
1.03569 0.00160953
1.0357 0.00161028
1.03573 0.00161399
1.03575 0.00162031
1.03577 0.00162736
1.03579 0.00163659
1.03582 0.00164773
1.03584 0.00166053
1.03586 0.0016748
1.03589 0.00169034
1.03591 0.001707
1.03605 0.00169251
1.0361 0.00167984
1.03612 0.00167182
1.03613 0.00166633
1.03616 0.00166459
1.03617 0.0016646
1.03619 0.00166766
1.03621 0.00167187
1.03623 0.00167862
1.03624 0.00168605
1.03627 0.00169561
1.03629 0.00170704
1.0363 0.00171857
1.03633 0.00173172
1.03644 0.00171875
1.03649 0.00170433
1.03651 0.00169172
1.03656 0.00168068
1.03659 0.00167103
1.03662 0.00166258
1.03665 0.00165519
1.0367 0.00164872
1.03673 0.00164459
1.03677 0.00164097
1.03683 0.00163781
1.03686 0.00163504
1.03689 0.00163262
1.03692 0.0016305
1.03694 0.00163171
1.03695 0.00163124
1.03698 0.00163082
1.03699 0.00163046
1.03701 0.00163014
1.03704 0.00162986
1.03705 0.00162962
1.03708 0.00162941
1.0371 0.00162922
1.03723 0.00162906
1.03731 0.00163044
1.03733 0.00163166
1.03735 0.00163272
1.03737 0.00163365
1.03739 0.00163446
1.03741 0.00163517
1.03743 0.0016358
1.03746 0.00163634
1.03748 0.00163682
1.0375 0.00163724
1.03753 0.0016376
1.03755 0.00163792
1.0377 0.00163973
1.03775 0.00164131
1.03777 0.0016427
1.03779 0.00164391
1.03781 0.00164497
1.03782 0.0016459
1.03785 0.00164671
1.03786 0.00164742
1.03788 0.00164804
1.0379 0.00164859
1.03792 0.00164906
1.03794 0.00164948
1.03796 0.00164985
1.03798 0.00165016
1.0381 0.00165197
1.03815 0.00165356
1.03818 0.00165494
1.03823 0.00165615
1.03825 0.00165721
1.03829 0.00165814
1.03831 0.00165895
1.03836 0.00165966
1.03841 0.00166182
1.03845 0.0016637
1.03851 0.00166534
1.03853 0.00166679
1.03857 0.00166805
1.03859 0.00166915
1.03862 0.00167012
1.03863 0.00167096
1.03865 0.0016717
1.03867 0.00167235
1.03869 0.00167291
1.03872 0.00167341
1.03873 0.00167384
1.03875 0.00167422
1.03878 0.00167455
1.03892 0.00167637
1.039 0.00167797
1.03902 0.00167936
1.03903 0.00168058
1.03906 0.00168165
1.03908 0.00168258
1.0391 0.0016834
1.03912 0.00168411
1.03914 0.00168474
1.03918 0.00168681
1.03921 0.00168863
1.03923 0.00169022
1.03925 0.00169162
1.0394 0.00169283
1.03945 0.0016939
1.03947 0.00169483
1.03949 0.00169565
1.03951 0.00169636
1.03952 0.00169699
1.03955 0.00169753
1.03956 0.00169801
1.03958 0.00169843
1.0396 0.00169879
1.03962 0.00169911
1.03965 0.00169939
1.03966 0.00169964
1.03968 0.00169985
1.03981 0.00170004
1.03985 0.0017002
1.03988 0.00170035
1.03993 0.00170047
1.03995 0.00170058
1.03999 0.00170068
1.04001 0.00170076
1.04006 0.00170084
1.04011 0.0017009
1.04015 0.00170096
1.04021 0.00170101
1.04023 0.00170105
1.04027 0.00170109
1.04029 0.00170112
1.04032 0.00170115
1.04033 0.00170118
1.04036 0.0017012
1.04037 0.00170122
1.04039 0.00170124
1.04042 0.00170125
1.04043 0.00170126
1.04045 0.00170128
1.04048 0.00170129
1.04063 0.0017013
1.0407 0.0017013
1.04072 0.00170131
1.04074 0.00170132
1.04076 0.00170132
1.04078 0.00170133
1.0408 0.00170133
1.04082 0.00170133
1.04085 0.00170134
1.04088 0.00170134
1.04091 0.00170134
1.04093 0.00170134
1.04096 0.00170134
1.0411 0.00170135
1.04115 0.00170135
1.04118 0.00170135
1.04119 0.00170135
1.04121 0.00170135
1.04123 0.00170135
1.04125 0.00170135
1.04126 0.00170135
1.08943 0.00170441
1.08946 0.00170556
1.0895 0.00170656
1.08956 0.00170744
1.08959 0.00170821
1.08962 0.00170889
1.08965 0.00170948
1.08967 0.00170999
1.08968 0.00171044
1.08971 0.00171083
1.08972 0.00171118
1.08974 0.00171148
1.08977 0.00171175
1.08978 0.00171198
1.08981 0.00171218
1.08983 0.00171236
1.08998 0.00171251
1.09005 0.00171265
1.09007 0.00171277
1.09009 0.00171287
1.09011 0.00171296
1.09014 0.00171304
1.09015 0.00171311
1.09017 0.00171317
1.0902 0.00171322
1.09023 0.00171327
1.09026 0.00171331
1.09028 0.00171335
1.09031 0.00171338
1.09045 0.00171341
1.0905 0.00171343
1.09053 0.00171345
1.09054 0.00171347
1.09056 0.00171349
1.09058 0.0017135
1.0906 0.00171351
1.09061 0.00171352
1.09064 0.00171353
1.09065 0.00171354
1.09067 0.00171355
1.0907 0.00171355
1.09071 0.00171356
1.09074 0.00171356
1.09086 0.00171357
1.09091 0.00171357
1.09093 0.00171357
1.09098 0.00171358
1.09101 0.00171358
1.09104 0.00171358
1.09107 0.00171358
1.09112 0.00171359
1.09114 0.00171359
1.09118 0.00171359
1.09121 0.00171359
1.09127 0.00171359
1.0913 0.00171359
1.09134 0.00171359
1.09136 0.00171359
1.09138 0.00171359
1.10349 0.00170899
1.10364 0.00170495
1.10372 0.00169989
1.10374 0.00169547
1.10377 0.00169007
1.10378 0.00168534
1.10382 0.00167968
1.10387 0.00167319
1.10389 0.00166751
1.10405 0.00166101
1.1041 0.00165533
1.10413 0.00164882
1.10415 0.00164313
1.10418 0.00163662
1.10419 0.00163093
1.10421 0.00162441
1.10425 0.00161718
1.10426 0.00161086
1.1044 0.00160379
1.10445 0.00159761
1.10451 0.00159067
1.10453 0.0015846
1.10458 0.00157775
1.10463 0.00157177
1.1047 0.00156347
1.10476 0.0015562
1.10479 0.00154985
1.10483 0.00154429
1.10485 0.00153943
1.10487 0.00153517
1.10489 0.00153144
1.10491 0.00152819
1.10494 0.00152533
1.10496 0.00152286
1.10498 0.00152375
1.10501 0.001523
1.10516 0.00152235
1.10524 0.00152177
1.10525 0.00152127
1.10529 0.00152083
1.1053 0.00152045
1.10534 0.00152011
1.10539 0.00151982
1.10541 0.00151956
1.10557 0.00151933
1.10562 0.00151914
1.10565 0.00151896
1.10567 0.00151881
1.10569 0.00151868
1.10571 0.00151856
1.10573 0.00151846
1.10577 0.00151838
1.10578 0.0015183
1.10591 0.00151823
1.10596 0.00151817
1.10602 0.00151812
1.10605 0.00151808
1.1061 0.00151804
1.10615 0.001518
1.10622 0.00151797
1.10628 0.00151794
1.10631 0.00151792
1.10634 0.0015179
1.10637 0.00151788
1.10639 0.00151787
1.1064 0.00151785
1.10643 0.00151784
1.10645 0.00151783
1.10648 0.00151782
1.1065 0.00151781
1.10653 0.00151781
1.10667 0.0015178
1.10676 0.00151779
1.10677 0.00151779
1.10681 0.00151779
1.10682 0.00151778
1.10686 0.00151778
1.10691 0.00151778
1.10693 0.00151777
1.10709 0.00151777
1.10714 0.00151777
1.10716 0.00151777
1.10719 0.00151777
1.10721 0.00151777
1.10722 0.00151776
1.10725 0.00151776
1.10729 0.00151776
1.1073 0.00151776
1.10743 0.00151776
1.10748 0.00151776
1.17323 0.00152082
1.17325 0.00152197
1.17327 0.00152297
1.1733 0.00152385
1.17332 0.00152462
1.17347 0.00152529
1.17355 0.00152588
1.17356 0.00152639
1.1736 0.00152684
1.17361 0.00152724
1.17365 0.00152758
1.1737 0.00152788
1.17372 0.00152815
1.17388 0.00152838
1.17393 0.00152858
1.17396 0.00152876
1.17398 0.00152891
1.17401 0.00152905
1.17402 0.00152917
1.17404 0.00152927
1.17408 0.00152936
1.17409 0.00152944
1.17423 0.00152951
1.17427 0.00152957
1.17434 0.00152962
1.17436 0.00152967
1.17441 0.00152971
1.17446 0.00152975
1.17453 0.00152978
1.17459 0.00152981
1.17462 0.00152983
1.17465 0.00152985
1.17468 0.00152987
1.1747 0.00152988
1.17472 0.0015299
1.17474 0.00152991
1.17476 0.00152992
1.17478 0.00152993
1.1748 0.00152994
1.17483 0.00152995
1.17485 0.00152995
1.175 0.00152996
1.17508 0.00152996
1.17509 0.00152997
1.17513 0.00152997
1.17514 0.00152997
1.17518 0.00152998
1.17523 0.00152998
1.17525 0.00152998
1.17541 0.00152998
1.17546 0.00152998
1.17549 0.00152999
1.17551 0.00152999
1.17554 0.00152999
1.17555 0.00152999
1.17557 0.00152999
1.17561 0.00152999
1.17562 0.00152999
1.17576 0.00152999
1.3032 0.00152538
1.30323 0.00152135
1.30325 0.00151629
1.30329 0.00151034
1.30331 0.00150513
1.30353 0.00149904
1.30357 0.00149218
1.30358 0.00148618
1.30365 0.0014794
1.30383 0.00147194
1.30387 0.00146541
1.30391 0.00145816
1.30394 0.00145029
1.30396 0.00144341
1.30412 0.00143432
1.30417 0.00142637
1.30423 0.00141942
1.30425 0.00141333
1.3043 0.00140801
1.30435 0.00140335
1.30447 0.00139927
1.3045 0.0013957
1.30454 0.0013926
1.30456 0.00139295
1.30458 0.00139172
1.30461 0.0013937
1.30462 0.00139391
1.30465 0.00139409
1.30468 0.00139425
1.30471 0.00139439
1.30493 0.00139451
1.30496 0.00139461
1.30498 0.00139471
1.30505 0.00139479
1.30522 0.00139486
1.30527 0.00139492
1.30531 0.00139497
1.30533 0.00139502
1.30536 0.00139507
1.30551 0.0013951
1.30556 0.00139513
1.30562 0.00139516
1.30565 0.00139518
1.3057 0.00139521
1.30575 0.00139522
1.30587 0.00139524
1.30589 0.00139525
1.30593 0.00139527
1.30596 0.00139528
1.30598 0.00139529
1.306 0.0013953
1.30602 0.0013953
1.30604 0.00139531
1.30608 0.00139532
1.3061 0.00139532
1.30632 0.00139533
1.30636 0.00139533
1.30637 0.00139533
1.30644 0.00139534
1.30662 0.00139534
1.30667 0.00139534
1.3067 0.00139534
1.30673 0.00139535
1.30675 0.00139535
1.30691 0.00139535
1.30696 0.00139535
1.30702 0.00139535
1.30704 0.00139535
1.30709 0.00139535
1.30714 0.00139535
1.30726 0.00139535
1.40694 0.00139841
1.40709 0.00139956
1.40714 0.00140056
1.40718 0.00140144
1.4072 0.00140221
1.40723 0.00140289
1.40739 0.00140347
1.40744 0.00140399
1.4075 0.00140444
1.40752 0.00140483
1.40757 0.00140518
1.40762 0.00140548
1.40774 0.00140575
1.40777 0.00140598
1.4078 0.00140618
1.40783 0.00140636
1.40785 0.00140651
1.40788 0.00140665
1.40789 0.00140677
1.40791 0.00140687
1.40795 0.00140696
1.40798 0.00140704
1.4082 0.00140711
1.40823 0.00140717
1.40824 0.00140722
1.40832 0.00140727
1.40834 0.00140731
1.4085 0.00140735
1.40855 0.00140738
1.40859 0.00140741
1.40861 0.00140743
1.40864 0.00140745
1.4088 0.00140747
1.40884 0.00140748
1.40891 0.0014075
1.40893 0.00140751
1.40898 0.00140752
1.40903 0.00140753
1.40915 0.00140754
1.40918 0.00140755
1.40921 0.00140755
1.40924 0.00140756
1.40926 0.00140756
1.40929 0.00140757
1.4093 0.00140757
1.40932 0.00140757
1.40936 0.00140758
1.40938 0.00140758
1.4096 0.00140758
1.40964 0.00140758
1.40965 0.00140759
1.40973 0.00140759
1.40975 0.00140759
1.40991 0.00140759
1.40996 0.00140759
1.41 0.00140759
1.41002 0.00140759
1.41004 0.00140759
1.4102 0.00140759
1.50155 0.00138923
1.50156 0.00136858
1.50157 0.00134439
1.50159 0.00132169
1.5016 0.00129723
1.50161 0.00127125
1.50162 0.00123474
1.50164 0.00120127
1.50165 0.00116892
1.50166 0.00113908
1.50167 0.00111145
1.50168 0.00108421
1.5017 0.00105425
1.50172 0.000995909
1.50175 0.00094792
1.50177 0.00090899
1.5018 0.000877986
1.50182 0.000853917
1.50184 0.000834387
1.50188 0.000812708
1.50191 0.000793739
1.50206 0.000777141
1.50211 0.000762618
1.50215 0.00074991
1.50217 0.000738791
1.5022 0.000729062
1.50221 0.000720549
1.50222 0.0007131
1.50224 0.000706582
1.50225 0.000700879
1.50226 0.000695889
1.50227 0.000691522
1.50228 0.000687701
1.5023 0.000684358
1.50231 0.000681433
1.50232 0.000678873
1.50233 0.000676633
1.50235 0.000674673
1.50236 0.000672958
1.50238 0.000671458
1.50241 0.000670145
1.50243 0.000668996
1.50246 0.000667991
1.50248 0.000667112
1.50251 0.000666343
1.50254 0.00066567
1.50257 0.000665081
1.50273 0.000664565
1.50277 0.000664114
1.50281 0.000663719
1.50284 0.000663374
1.50286 0.000663072
1.50287 0.000662808
1.50288 0.000662577
1.5029 0.000662374
1.50291 0.000662197
1.50292 0.000662042
1.50293 0.000661906
1.50295 0.000661787
1.50296 0.000661683
1.50297 0.000661592
1.50298 0.000661513
1.50299 0.000661443
1.50301 0.000661382
1.50302 0.000661329
1.50304 0.000661282
1.50307 0.000661241
1.50309 0.000661205
1.50312 0.000661174
1.50314 0.000661147
1.50317 0.000661123
1.5032 0.000661102
1.50323 0.000661084
1.50339 0.000661068
1.50344 0.000661054
1.50347 0.000661042
1.5035 0.000661031
1.50352 0.000661022
1.50353 0.000661014
1.50355 0.000661007
1.50356 0.000661001
1.50357 0.000660995
1.50358 0.00066099
1.50359 0.000660986
1.50361 0.000660982
1.50362 0.000660979
1.50363 0.000660976
1.50364 0.000660974
1.50366 0.000660972
1.50367 0.00066097
1.50368 0.000660968
1.5037 0.000660967
1.50373 0.000660966
1.50375 0.000660965
1.50378 0.000660964
1.5038 0.000660963
1.50383 0.000660962
1.50386 0.000660961
1.50389 0.00066096
1.52308 0.00066402
1.52323 0.000665167
1.52328 0.000666171
1.52331 0.000667049
1.52334 0.000667817
1.52336 0.000668489
1.52337 0.000669077
1.52339 0.000669592
1.5234 0.000670043
1.52341 0.000670437
1.52342 0.000670782
1.52344 0.000671084
1.52345 0.000671348
1.52346 0.000671579
1.52347 0.000671781
1.52348 0.000671958
1.5235 0.000672113
1.52351 0.000672248
1.52352 0.000672367
1.52355 0.000672471
1.52357 0.000672562
1.52359 0.000672641
1.52362 0.00067271
1.52364 0.000672771
1.52367 0.000672824
1.5237 0.000672871
1.52373 0.000672912
1.52375 0.000672948
1.5239 0.000672979
1.52395 0.000673006
1.52399 0.00067303
1.52401 0.000673051
1.52404 0.000673069
1.52405 0.000673085
1.52406 0.000673099
1.52407 0.000673111
1.52408 0.000673122
1.5241 0.000673131
1.52411 0.000673139
1.52412 0.000673146
1.52413 0.000673152
1.52415 0.000673158
1.52416 0.000673163
1.52417 0.000673167
1.52418 0.000673171
1.52419 0.000673174
1.52422 0.000673177
1.52424 0.000673179
1.52427 0.000673181
1.52429 0.000673183
1.52432 0.000673185
1.52434 0.000673186
1.52438 0.000673187
1.5244 0.000673188
1.52443 0.000673189
1.52457 0.00067319
1.52462 0.000673191
1.52466 0.000673192
1.52468 0.000673193
1.52995 0.000671663
1.53001 0.000671855
1.53005 0.000672023
1.53007 0.00067217
1.53009 0.000672298
1.53011 0.00067241
1.53012 0.000672508
1.53013 0.000672594
1.53014 0.000672669
1.53016 0.000672735
1.53017 0.000672793
1.53018 0.000672843
1.53019 0.000672887
1.5302 0.000672926
1.53022 0.00067296
1.53023 0.00067299
1.53024 0.000673016
1.53025 0.000673039
1.53028 0.000673059
1.5303 0.000673076
1.53033 0.000673091
1.53035 0.000673104
1.53038 0.000673116
1.5304 0.000673126
1.53044 0.000673135
1.53046 0.000673143
1.53049 0.00067315
1.53062 0.000673156
1.53068 0.000673161
1.53072 0.000673165
1.53074 0.000673169
1.53077 0.000673172
1.53078 0.000673175
1.53079 0.000673178
1.5308 0.00067318
1.53082 0.000673182
1.53083 0.000673184
1.53084 0.000673186
1.53085 0.000673187
1.53087 0.000673188
1.53088 0.000673189
1.53089 0.00067319
1.5309 0.000673191
1.53091 0.000673192
1.53093 0.000673193
1.59042 0.000676253
1.59055 0.000677401
1.59061 0.000678405
1.59065 0.000679284
1.59067 0.000680053
1.59069 0.000680726
1.59071 0.000681315
1.59072 0.00068183
1.59073 0.000682281
1.59074 0.000682675
1.59076 0.00068302
1.59077 0.000683322
1.59078 0.000683586
1.59079 0.000683817
1.5908 0.000684019
1.59082 0.000684196
1.59083 0.000684351
1.59084 0.000684487
1.59085 0.000684606
1.59088 0.00068471
1.5909 0.000684801
1.59093 0.00068488
1.59095 0.00068495
1.59098 0.000685011
1.591 0.000685064
1.59104 0.000685111
1.59106 0.000685152
1.59109 0.000685188
1.59111 0.000685219
1.59123 0.000685246
1.59129 0.00068527
1.59133 0.000685291
1.59136 0.000685309
1.59138 0.000685325
1.59139 0.000685339
1.5914 0.000685351
1.59142 0.000685362
1.59143 0.000685371
1.59144 0.000685379
1.59145 0.000685386
1.59147 0.000685392
1.59148 0.000685398
1.59149 0.000685403
1.5915 0.000685407
1.59151 0.000685411
1.59153 0.000685414
1.59154 0.000685417
1.59156 0.000685419
1.59159 0.000685421
1.59161 0.000685423
1.59164 0.000685425
1.59166 0.000685426
1.59169 0.000685427
1.59172 0.000685428
1.59175 0.000685429
1.59177 0.00068543
1.5918 0.000685431
1.59192 0.000685432
1.59198 0.000685433
1.84969 0.000683903
1.84974 0.000684095
1.84977 0.000684263
1.84979 0.00068441
1.8498 0.000684538
1.84982 0.00068465
1.84983 0.000684748
1.84984 0.000684834
1.84985 0.000684909
1.84986 0.000684975
1.84988 0.000685033
1.84989 0.000685083
1.8499 0.000685127
1.84991 0.000685166
1.84993 0.0006852
1.84994 0.00068523
1.84995 0.000685256
1.84997 0.000685279
1.85 0.000685299
1.85002 0.000685316
1.85005 0.000685331
1.85007 0.000685344
1.8501 0.000685356
1.85013 0.000685366
1.85016 0.000685375
1.85018 0.000685383
1.85021 0.00068539
1.85033 0.000685396
1.85038 0.000685401
1.85043 0.000685405
1.85045 0.000685409
1.85048 0.000685412
1.85049 0.000685415
1.8505 0.000685418
1.85051 0.00068542
1.85052 0.000685422
1.85054 0.000685424
1.85055 0.000685426
1.85056 0.000685427
1.85057 0.000685428
1.85059 0.000685429
1.8506 0.00068543
1.85061 0.000685431
1.85062 0.000685432
1.85064 0.000685433
2.00067 0.000685654
2.0007 0.000687187
2.00071 0.000688528
2.00072 0.000689702
2.00073 0.000690729
2.00075 0.000691627
2.00076 0.000692413
2.00078 0.000693101
2.00081 0.000693703
2.00166 0.000716187
2.00168 0.000735861
2.0022 0.000711198
2.00222 0.000689618
2.00273 0.000670735
2.00276 0.000654213
2.00327 0.000639756
2.0033 0.000627106
2.00381 0.000616037
2.00384 0.000606352
2.00435 0.000597878
2.00437 0.000590463
2.00489 0.000583975
2.00491 0.000578298
2.00543 0.00057333
2.00545 0.000568983
2.00597 0.00056518
2.00599 0.000561852
2.0065 0.00055894
2.00653 0.000556392
2.00704 0.000554163
2.00707 0.000552212
2.00758 0.000550505
2.00761 0.000549011
2.00812 0.000547704
2.00814 0.000546561
2.00866 0.00054556
2.00868 0.000544685
2.0092 0.000543919
2.00922 0.000543249
2.00974 0.000542662
2.00976 0.000542149
2.01027 0.0005417
2.0103 0.000541307
2.01081 0.000540963
2.01084 0.000540662
2.01135 0.000540399
2.01138 0.000540169
2.01189 0.000539967
2.01191 0.000539791
2.01243 0.000539637
2.01245 0.000539502
2.01297 0.000539384
2.01299 0.000539281
2.01346 0.000534116
2.01349 0.000532657
2.01351 0.00053138
2.01354 0.000533323
2.01396 0.000528903
2.01399 0.000528096
2.01401 0.00053045
2.01404 0.000535569
2.01406 0.000543108
2.01409 0.000552765
2.01411 0.000564275
2.01413 0.000577406
2.01416 0.000591956
2.01418 0.000607747
2.01421 0.000624624
2.01423 0.000642452
2.01426 0.000661111
2.01428 0.000680498
2.01431 0.000700521
2.01433 0.000721101
2.01435 0.000742169
2.01438 0.000763663
2.0144 0.000785531
2.01443 0.000807725
2.01445 0.000830205
2.01448 0.000852935
2.0145 0.000875884
2.01453 0.000899024
2.01455 0.000922332
2.01457 0.000942726
2.0146 0.000960571
2.01462 0.000976185
2.01465 0.000927601
2.01467 0.00088815
2.0147 0.000856691
2.01472 0.000832224
2.01475 0.000813876
2.01477 0.000797821
2.0148 0.000783773
2.01482 0.000771481
2.01484 0.000760725
2.01487 0.000751314
2.01489 0.000743079
2.01492 0.000735874
2.01494 0.000729569
2.01497 0.000724052
2.01499 0.000719225
2.01502 0.000715001
2.01504 0.000711305
2.01506 0.000708071
2.01509 0.000705242
2.01511 0.000702766
2.01514 0.0007006
2.01516 0.000698705
2.01519 0.000697046
2.01521 0.000695595
2.01524 0.000694325
2.01526 0.000693214
2.01528 0.000692242
2.01531 0.000691391
2.01533 0.000690647
2.01536 0.000689996
2.01538 0.000689426
2.01541 0.000688927
2.01543 0.000688491
2.01546 0.000688109
2.01548 0.000687775
2.0155 0.000687483
2.01553 0.000687227
2.01555 0.000687003
2.01558 0.000686807
2.0156 0.000686636
2.01563 0.000686486
2.01565 0.000686355
2.01568 0.00068624
2.0157 0.00068614
2.01573 0.000686052
2.01575 0.000685975
2.01577 0.000685908
2.0158 0.000685849
2.01582 0.000685797
2.01585 0.000685752
2.01587 0.000685713
2.0159 0.000685678
2.01592 0.000685648
2.01595 0.000685622
2.01597 0.000685599
2.01599 0.000685579
2.01602 0.000685561
2.01604 0.000685545
2.01607 0.000685531
2.01609 0.000685519
2.01612 0.000685509
2.01614 0.0006855
2.01617 0.000685492
2.01619 0.000685485
2.01621 0.000685479
2.01624 0.000685474
2.01626 0.000685469
2.01629 0.000685465
2.01631 0.000685461
2.01634 0.000685458
2.01636 0.000685455
2.01639 0.000685453
2.01641 0.000685451
2.01644 0.000685449
2.01646 0.000685447
2.01648 0.000685446
2.01651 0.000685445
2.01653 0.000685444
2.01656 0.000685443
2.01658 0.000685442
2.01661 0.000685441
2.01663 0.00068544
2.10015 0.00068794
2.10018 0.000690127
2.1002 0.000692041
2.10023 0.000693715
2.10025 0.00069518
2.10027 0.000696462
2.1003 0.000697584
2.10032 0.000698566
2.10035 0.000699425
2.10037 0.000700176
2.1004 0.000700834
2.10042 0.000701409
2.10045 0.000701912
2.10047 0.000702353
2.1005 0.000702738
2.10052 0.000703075
2.10054 0.00070337
2.10057 0.000703628
2.10059 0.000703854
2.10062 0.000704052
2.10064 0.000704225
2.10067 0.000704376
2.10069 0.000704613
2.10074 0.000707224
2.10076 0.000709509
2.10078 0.000711508
2.10081 0.000713257
2.10083 0.000714787
2.10086 0.000701386
2.10088 0.0006866
2.10091 0.000670603
2.10093 0.000656605
2.10096 0.000647417
2.10098 0.000642437
2.101 0.00064114
2.10103 0.000643065
2.10105 0.000647809
2.10108 0.00065502
2.1011 0.00066133
2.10113 0.000666851
2.10115 0.000671682
2.10118 0.000675909
2.1012 0.000679608
2.10123 0.000682845
2.10125 0.000685677
2.10127 0.000688155
2.1013 0.000690323
2.10132 0.00069222
2.10135 0.00069388
2.10137 0.000695333
2.1014 0.0006965
2.10142 0.000695117
2.10145 0.000693907
2.10147 0.000692848
2.10149 0.000691922
2.10152 0.000691111
2.10154 0.000690402
2.10157 0.000689781
2.10159 0.000689238
2.10162 0.000688763
2.10164 0.000688347
2.10167 0.000687983
2.10169 0.000687665
2.10171 0.000687386
2.10174 0.000687142
2.10176 0.000686929
2.10179 0.000686742
2.10181 0.000686579
2.10184 0.000686436
2.10186 0.000686311
2.10189 0.000686202
2.10191 0.000686106
2.10193 0.000686022
2.10196 0.000685949
2.10198 0.000685885
2.10201 0.000685829
2.10203 0.00068578
2.10206 0.000685737
2.10208 0.000685699
2.10211 0.000685666
2.10213 0.000685637
2.10216 0.000685612
2.10218 0.00068559
2.1022 0.000685571
2.10223 0.000685554
2.10225 0.000685539
2.10228 0.000685526
2.1023 0.000685515
2.10233 0.000685505
2.10235 0.000685496
2.10238 0.000685489
2.1024 0.000685482
2.10242 0.000685476
2.10245 0.000685471
2.10247 0.000685467
2.1025 0.000685463
2.10252 0.00068546
2.10255 0.000685457
2.10257 0.000685454
2.1026 0.000685452
2.10262 0.00068545
2.10264 0.000685448
2.10267 0.000685447
2.10269 0.000685446
2.10272 0.000685445
2.10274 0.000685444
2.10277 0.000685443
2.10279 0.000685442
2.10282 0.000685441
2.10284 0.00068544
2.18263 0.00068391
2.18266 0.000682571
2.18269 0.000682929
2.18272 0.000683242
2.18274 0.000683516
2.18277 0.000683756
2.18279 0.000683966
2.18282 0.00068415
2.18284 0.000684311
2.18287 0.000684452
2.18289 0.000684575
2.18291 0.000684683
2.18294 0.000684777
2.18296 0.000684859
2.18299 0.000684931
2.18301 0.000684994
2.18304 0.000685049
2.18306 0.000685097
2.18309 0.000685139
2.18311 0.000685176
2.18314 0.000685209
2.18316 0.000685237
2.18318 0.000685262
2.18321 0.000685284
2.18323 0.000685303
2.18326 0.00068532
2.18328 0.000685335
2.18331 0.000685348
2.18332 0.000685359
2.18334 0.000685369
2.18338 0.000685377
2.1834 0.000685384
2.18343 0.000685391
2.18345 0.000685397
2.18348 0.000685402
2.1835 0.000685406
2.18353 0.00068541
2.18355 0.000685413
2.18358 0.000685416
2.1836 0.000685419
2.18362 0.000685421
2.18365 0.000685423
2.18367 0.000685425
2.1837 0.000685426
2.18372 0.000685427
2.18375 0.000685428
2.18377 0.000685429
2.1838 0.00068543
2.18382 0.000685431
2.18385 0.000685432
2.18387 0.000685433
2.30071 0.000687941
2.30073 0.000690136
2.30076 0.000692057
2.30078 0.000693737
2.30081 0.000695207
2.30083 0.000696494
2.30085 0.00069762
2.30088 0.000683305
2.3009 0.000667719
2.30093 0.000657142
2.30095 0.000650947
2.30098 0.000648586
2.301 0.00064958
2.30103 0.00065351
2.30105 0.000660009
2.30108 0.000665695
2.3011 0.000670671
2.30112 0.000675025
2.30115 0.000678834
2.30117 0.000682167
2.3012 0.000685084
2.30122 0.000687636
2.30123 0.000689869
2.30126 0.000691823
2.3013 0.000693533
2.30132 0.000695029
2.30134 0.000696338
2.30137 0.000697483
2.30139 0.000695977
2.30142 0.000694659
2.30144 0.000693506
2.30147 0.000692497
2.30149 0.000691614
2.30152 0.000690842
2.30154 0.000690166
2.30156 0.000689575
2.30159 0.000689058
2.30161 0.000688605
2.30164 0.000688209
2.30166 0.000687862
2.30169 0.000687559
2.30171 0.000687294
2.30174 0.000687062
2.30176 0.000686859
2.30179 0.000686681
2.30181 0.000686525
2.30183 0.000686389
2.30186 0.00068627
2.30188 0.000686166
2.30191 0.000686075
2.30192 0.000685995
2.30194 0.000685925
2.30198 0.000685864
2.30201 0.000685811
2.30203 0.000685764
2.30205 0.000685723
2.30208 0.000685687
2.3021 0.000685656
2.30213 0.000685629
2.30215 0.000685605
2.30218 0.000685584
2.3022 0.000685566
2.30223 0.00068555
2.30225 0.000685536
2.30227 0.000685524
2.3023 0.000685513
2.30232 0.000685503
2.30235 0.000685495
2.30237 0.000685488
2.3024 0.000685482
2.30242 0.000685476
2.30245 0.000685471
2.30247 0.000685467
2.3025 0.000685463
2.30252 0.00068546
2.30254 0.000685457
2.30257 0.000685454
2.30259 0.000685452
2.30261 0.00068545
2.30263 0.000685448
2.30267 0.000685447
2.30269 0.000685446
2.30272 0.000685445
2.30274 0.000685444
2.30276 0.000685443
2.30279 0.000685442
2.30281 0.000685441
2.30284 0.00068544
