0.0 0
1.00055 0.000547321
1.00113 0.000551227
1.00115 0.000557705
1.0017 0.000560237
1.00173 0.000565513
1.00175 0.000570129
1.00178 0.000577228
1.00228 0.00057732
1.00231 0.000580461
1.00233 0.000583209
1.00236 0.000588673
1.00238 0.000593454
1.0024 0.000600698
1.00243 0.000607036
1.00245 0.000615642
1.00286 0.000610932
1.00288 0.000609871
1.00291 0.000608943
1.00293 0.000611191
1.00296 0.000613158
1.00298 0.000617939
1.00301 0.000622122
1.00303 0.000628842
1.00306 0.000634722
1.00308 0.000642927
1.0031 0.000650107
1.00313 0.000659449
1.00315 0.000667623
1.00318 0.000677836
1.0032 0.000686772
1.00323 0.000697651
1.00344 0.00068269
1.00346 0.000669599
1.00349 0.000658145
1.00351 0.000648122
1.00354 0.000639352
1.00356 0.000631679
1.00358 0.000624965
1.00361 0.00061909
1.00363 0.000613949
1.00366 0.000609451
1.00368 0.000605515
1.00371 0.000602071
1.00373 0.000599058
1.00376 0.000596421
1.00378 0.000594114
1.0038 0.000592095
1.00402 0.000590329
1.00404 0.000588783
1.00406 0.000587431
1.00409 0.000586248
1.00411 0.000588273
1.00414 0.000590044
1.00416 0.000591594
1.00419 0.00059295
1.00421 0.000594137
1.00424 0.000595175
1.00426 0.000596084
1.00429 0.000596879
1.00431 0.000597575
1.00433 0.000598184
1.00436 0.000598717
1.00438 0.000599183
1.00441 0.000599591
1.00459 0.000596888
1.00462 0.000594523
1.00464 0.000592453
1.00467 0.000590642
1.00469 0.000589057
1.00472 0.00058767
1.00474 0.000586457
1.00477 0.000585395
1.00479 0.000587526
1.00481 0.000589391
1.00484 0.000591023
1.00486 0.000592451
1.00489 0.0005937
1.00491 0.000594793
1.00494 0.000595749
1.00496 0.000596586
1.00499 0.000597318
1.00501 0.000597959
1.00517 0.00059546
1.0052 0.000593273
1.00522 0.000591359
1.00525 0.000589685
1.00527 0.00058822
1.00529 0.000586938
1.00532 0.000585816
1.00534 0.000584835
1.00537 0.000583976
1.00539 0.000583225
1.00542 0.000582567
1.00544 0.000585052
1.00547 0.000587226
1.00549 0.000589128
1.00551 0.000590793
1.00554 0.000592249
1.00556 0.000593523
1.00559 0.000594638
1.00561 0.000595614
1.00575 0.000593408
1.00577 0.000591478
1.0058 0.000589789
1.00582 0.000588311
1.00585 0.000587018
1.00587 0.000585886
1.0059 0.000584896
1.00592 0.00058403
1.00595 0.000583272
1.00597 0.000582609
1.00599 0.000582028
1.00602 0.00058152
1.00604 0.000581076
1.00607 0.000583747
1.00609 0.000586084
1.00612 0.000588129
1.00614 0.000589918
1.00617 0.000591484
1.00619 0.000592854
1.00621 0.000594053
1.00633 0.000592042
1.00635 0.000590282
1.00638 0.000588742
1.0064 0.000587395
1.00643 0.000586216
1.00645 0.000585185
1.00647 0.000584282
1.0065 0.000583492
1.00652 0.000582801
1.00655 0.000582196
1.00657 0.000581667
1.0066 0.000581204
1.00662 0.000580799
1.00665 0.000580445
1.00667 0.000583195
1.00669 0.000585601
1.00672 0.000587706
1.00674 0.000589548
1.00677 0.00059116
1.00679 0.000592571
1.00682 0.000593805
1.00691 0.000591825
1.00693 0.000590092
1.00695 0.000588576
1.00698 0.00058725
1.007 0.000586089
1.00703 0.000585073
1.00705 0.000584184
1.00708 0.000583407
1.0071 0.000582727
1.00713 0.000582132
1.00715 0.000581611
1.00717 0.000581155
1.0072 0.000580756
1.00722 0.000580407
1.00725 0.000583162
1.00727 0.000585572
1.0073 0.000587681
1.00732 0.000589526
1.00735 0.000591141
1.00737 0.000592554
1.0074 0.00059379
1.00742 0.000594872
1.00748 0.000592759
1.00751 0.00059091
1.00753 0.000589292
1.00756 0.000587876
1.00758 0.000586637
1.00761 0.000585553
1.00763 0.000584604
1.00765 0.000583774
1.00768 0.000583048
1.0077 0.000582413
1.00773 0.000581857
1.00775 0.00058137
1.00778 0.000580944
1.0078 0.000583632
1.00783 0.000585984
1.00785 0.000588042
1.00788 0.000589842
1.0079 0.000591417
1.00792 0.000592795
1.00795 0.000594001
1.00797 0.000595056
1.008 0.00059598
1.00802 0.000596788
1.00806 0.000594435
1.00809 0.000592376
1.00811 0.000590575
1.00813 0.000588999
1.00816 0.00058762
1.00818 0.000586413
1.00821 0.000585357
1.00823 0.000584433
1.00826 0.000583624
1.00828 0.000582917
1.00831 0.000582298
1.00833 0.000584816
1.00836 0.00058702
1.00838 0.000588948
1.0084 0.000590635
1.00843 0.000592111
1.00845 0.000593403
1.00848 0.000594533
1.0085 0.000595522
1.00853 0.000596387
1.00855 0.000597144
1.00858 0.000597807
1.0086 0.000598387
1.00862 0.000598894
1.00865 0.000597472
1.00867 0.000596228
1.0087 0.000595139
1.00872 0.000594186
1.00875 0.000593352
1.00877 0.000592623
1.0088 0.000591985
1.00882 0.000591426
1.00884 0.000593997
1.00887 0.000596247
1.00889 0.000598216
1.00892 0.000599939
1.00894 0.000601446
1.00897 0.000602765
1.00899 0.000603919
1.00902 0.000604929
1.00904 0.000605812
1.00907 0.000606585
1.00909 0.000607261
1.00911 0.000607853
1.00914 0.000608371
1.00916 0.000608824
1.00919 0.000609221
1.00921 0.000609568
1.00924 0.000609872
1.00926 0.000610138
1.00929 0.00061037
1.00931 0.000610573
1.00933 0.000610751
1.00936 0.000613967
1.00938 0.000616781
1.00941 0.000619243
1.00943 0.000621397
1.00946 0.000623282
1.00948 0.000624931
1.00951 0.000626374
1.00953 0.000627637
1.00955 0.000628742
1.00958 0.000629709
1.0096 0.000630555
1.00963 0.000631295
1.00965 0.000631943
1.00968 0.00063251
1.0097 0.000633006
1.00973 0.00063344
1.00975 0.00063382
1.00978 0.000634152
1.0098 0.000634443
1.00982 0.000634697
1.00985 0.000634919
1.00987 0.000638174
1.0099 0.000641022
1.00992 0.000643514
1.00995 0.000645694
1.00997 0.000647602
1.01 0.000649271
1.01002 0.000650732
1.01004 0.00065201
1.01007 0.000653128
1.01009 0.000654107
1.01012 0.000654963
1.01014 0.000655712
1.01017 0.000656368
1.01019 0.000656942
1.01022 0.000657444
1.01024 0.000657883
1.01026 0.000658267
1.01029 0.000658603
1.01031 0.000658897
1.01034 0.000659154
1.01036 0.000659379
1.01039 0.000662636
1.01041 0.000665486
1.01044 0.00066798
1.01046 0.000670162
1.01049 0.000672071
1.01051 0.000673742
1.01053 0.000675204
1.01056 0.000676483
1.01058 0.000677602
1.01061 0.000678581
1.01063 0.000679438
1.01066 0.000680188
1.01068 0.000680844
1.01071 0.000681418
1.01073 0.00068192
1.01075 0.00068236
1.01078 0.000682745
1.0108 0.000683081
1.01083 0.000683375
1.01085 0.000683633
1.01088 0.000683858
1.0109 0.000687115
1.01093 0.000689965
1.01095 0.000692459
1.01097 0.000694641
1.011 0.00069655
1.01102 0.000698221
1.01105 0.000699683
1.01107 0.000700962
1.0111 0.000702081
1.01112 0.00070306
1.01115 0.000703917
1.01117 0.000704667
1.01119 0.000705323
1.01122 0.000705897
1.01124 0.000706399
1.01127 0.000706839
1.01129 0.000707224
1.01132 0.000707561
1.01134 0.000707855
1.01137 0.000708113
1.01139 0.000708338
1.01142 0.000711595
1.01144 0.000714445
1.01146 0.000716939
1.01149 0.000719121
1.01151 0.00072103
1.01154 0.000722701
1.01156 0.000724163
1.01159 0.000725442
1.01161 0.000726561
1.01164 0.00072754
1.01166 0.000728397
1.01168 0.000729147
1.01171 0.000729803
1.01173 0.000730377
1.01176 0.000730879
1.01178 0.000731319
1.01181 0.000731704
1.01183 0.000732041
1.01186 0.000732335
1.01188 0.000732593
1.0119 0.000732818
1.01193 0.000736075
1.01195 0.000738925
1.01198 0.000741419
1.012 0.000743601
1.01203 0.00074551
1.01205 0.000747181
1.01208 0.000748643
1.0121 0.000749922
1.01213 0.000751041
1.01215 0.00075202
1.01217 0.000752877
1.0122 0.000753627
1.01222 0.000754283
1.01225 0.000754857
1.01227 0.000755359
1.0123 0.000755799
1.01232 0.000756184
1.01235 0.000756521
1.01237 0.000756815
1.01239 0.000757073
1.01242 0.000757298
1.01244 0.000760555
1.01247 0.000763405
1.01249 0.000765899
1.01252 0.000768081
1.01254 0.00076999
1.01257 0.000771661
1.01259 0.000773123
1.01261 0.000774402
1.01264 0.000775521
1.01266 0.0007765
1.01269 0.000777357
1.01271 0.000778107
1.01274 0.000778763
1.01276 0.000779337
1.01279 0.000779839
1.01281 0.000780279
1.01284 0.000780664
1.01286 0.000781001
1.01288 0.000781295
1.01291 0.000781553
1.01293 0.000781778
1.01296 0.000785035
1.01298 0.000787885
1.01301 0.000790379
1.01303 0.000792561
1.01306 0.00079447
1.01308 0.000796141
1.0131 0.000797603
1.01313 0.000798882
1.01315 0.000800001
1.01318 0.00080098
1.0132 0.000801837
1.01323 0.000802587
1.01325 0.000803243
1.01328 0.000803817
1.0133 0.000804319
1.01332 0.000804759
1.01335 0.000805144
1.01337 0.000805481
1.0134 0.000805775
1.01342 0.000806033
1.01345 0.000806258
1.01347 0.000809515
1.0135 0.000812365
1.01352 0.000814859
1.01355 0.000817041
1.01357 0.00081895
1.01359 0.000820621
1.01362 0.000822083
1.01364 0.000823362
1.01367 0.000824481
1.01369 0.00082546
1.01372 0.000826317
1.01374 0.000827067
1.01377 0.000827723
1.01379 0.000828297
1.01381 0.000828799
1.01384 0.000829239
1.01386 0.000829624
1.01389 0.000829961
1.01391 0.000830255
1.01394 0.000830513
1.01396 0.000830738
1.01399 0.000833995
1.01401 0.000836845
1.01403 0.000839339
1.01406 0.000841521
1.01408 0.00084343
1.01411 0.000845101
1.01413 0.000846563
1.01416 0.000847842
1.01418 0.000848961
1.01421 0.00084994
1.01423 0.000850797
1.01425 0.000851547
1.01428 0.000852203
1.0143 0.000852777
1.01433 0.000853279
1.01435 0.000853719
1.01438 0.000854104
1.0144 0.000854441
1.01443 0.000854735
1.01445 0.000854993
1.01448 0.000855218
1.0145 0.000858475
1.01452 0.000861325
1.01455 0.000863819
1.01457 0.000866001
1.0146 0.00086791
1.01462 0.000869581
1.01465 0.000871043
1.01467 0.000872322
1.0147 0.000873441
1.01472 0.00087442
1.01474 0.000875277
1.01477 0.000876027
1.01479 0.000876683
1.01482 0.000877257
1.01484 0.000877759
1.01487 0.000878199
1.01489 0.000878584
1.01492 0.000878921
1.01494 0.000879215
1.01496 0.000879473
1.01499 0.000879698
1.01501 0.000882955
1.01504 0.000885805
1.01506 0.000888299
1.01509 0.000890481
1.01511 0.00089239
1.01514 0.000894061
1.01516 0.000895523
1.01519 0.000896802
1.01521 0.000897921
1.01523 0.0008989
1.01526 0.000899757
1.01528 0.000900507
1.01531 0.000901163
1.01533 0.000901737
1.01536 0.000902239
1.01538 0.000902679
1.01541 0.000903064
1.01543 0.000903401
1.01545 0.000903695
1.01548 0.000903953
1.0155 0.000904178
1.01553 0.000907435
1.01555 0.000910285
1.01558 0.000912779
1.0156 0.000914961
1.01563 0.00091687
1.01565 0.000918541
1.01567 0.000920003
1.0157 0.000921282
1.01572 0.000922401
1.01575 0.00092338
1.01577 0.000924237
1.0158 0.000924987
1.01582 0.000925643
1.01585 0.000926217
1.01587 0.000926719
1.0159 0.000927159
1.01592 0.000927544
1.01594 0.000927881
1.01597 0.000928175
1.01599 0.000928433
1.01602 0.000928658
1.01604 0.000931915
1.01607 0.000934765
1.01609 0.000937259
1.01612 0.000939441
1.01614 0.00094135
1.01616 0.000943021
1.01619 0.000944483
1.01621 0.000945762
1.01624 0.000946881
1.01626 0.00094786
1.01629 0.000948717
1.01631 0.000949467
1.01634 0.000950123
1.01636 0.000950697
1.01638 0.000951199
1.01641 0.000951639
1.01643 0.000952024
1.01646 0.000952361
1.01648 0.000952655
1.01651 0.000952913
1.01653 0.000953138
1.01656 0.000956395
1.01658 0.000959245
1.01661 0.000961739
1.01663 0.000963921
1.01665 0.00096583
1.01668 0.000967501
1.0167 0.000968963
1.01673 0.000970242
1.01675 0.000971361
1.01678 0.00097234
1.0168 0.000973197
1.01683 0.000973947
1.01685 0.000974603
1.01687 0.000975177
1.0169 0.000975679
1.01692 0.000976119
1.01695 0.000976504
1.01697 0.000976841
1.017 0.000977135
1.01702 0.000977393
1.01705 0.000977618
1.01707 0.000980875
1.01709 0.000983725
1.01712 0.000986219
1.01714 0.000988401
1.01717 0.00099031
1.01719 0.000991981
1.01722 0.000993443
1.01724 0.000994722
1.01727 0.000995841
1.01729 0.00099682
1.01731 0.000997677
1.01734 0.000998427
1.01736 0.000999083
1.01739 0.000999657
1.01741 0.00100016
1.01744 0.0010006
1.01746 0.00100098
1.01749 0.00100132
1.01751 0.00100161
1.01754 0.00100187
1.01756 0.0010021
1.01758 0.00100535
1.01761 0.0010082
1.01763 0.0010107
1.01766 0.00101288
1.01768 0.00101479
1.01771 0.00101646
1.01773 0.00101792
1.01776 0.0010192
1.01778 0.00102032
1.0178 0.0010213
1.01783 0.00102216
1.01785 0.00102291
1.01788 0.00102356
1.0179 0.00102414
1.01793 0.00102464
1.01795 0.00102508
1.01798 0.00102546
1.018 0.0010258
1.01802 0.00102609
1.01805 0.00102635
1.01807 0.00102658
1.0181 0.00102983
1.01812 0.00103268
1.01815 0.00103518
1.01817 0.00103736
1.0182 0.00103927
1.01822 0.00104094
1.01825 0.0010424
1.01827 0.00104368
1.01829 0.0010448
1.01832 0.00104578
1.01834 0.00104664
1.01837 0.00104739
1.01839 0.00104804
1.01842 0.00104862
1.01844 0.00104912
1.01847 0.00104956
1.01849 0.00104994
1.01851 0.00105028
1.01854 0.00105057
1.01856 0.00105083
1.01859 0.00105106
1.01861 0.00105431
1.01864 0.00105717
1.01866 0.00105966
1.01869 0.00106184
1.01871 0.00106375
1.01873 0.00106542
1.01876 0.00106688
1.01878 0.00106816
1.01881 0.00106928
1.01883 0.00107026
1.01886 0.00107112
1.01888 0.00107187
1.01891 0.00107252
1.01893 0.0010731
1.01896 0.0010736
1.01898 0.00107404
1.019 0.00107442
1.01903 0.00107476
1.01905 0.00107506
1.01908 0.00107531
1.0191 0.00107554
1.01913 0.0010788
1.01915 0.00108165
1.01918 0.00108414
1.0192 0.00108632
1.01922 0.00108823
1.01925 0.0010899
1.01927 0.00109136
1.0193 0.00109264
1.01932 0.00109376
1.01935 0.00109474
1.01937 0.0010956
1.0194 0.00109635
1.01942 0.001097
1.01944 0.00109758
1.01947 0.00109808
1.01949 0.00109852
1.01952 0.0010989
1.01954 0.00109924
1.01957 0.00109954
1.01959 0.00109979
1.01962 0.00110002
1.01964 0.00110327
1.01967 0.00110612
1.01969 0.00110862
1.01971 0.0011108
1.01974 0.00111271
1.01976 0.00111438
1.01979 0.00111584
1.01981 0.00111712
1.01984 0.00111824
1.01986 0.00111922
1.01989 0.00112008
1.01991 0.00112083
1.01993 0.00112148
1.01996 0.00112206
1.01998 0.00112256
1.02001 0.001123
1.02003 0.00112338
1.02006 0.00112372
1.02008 0.00112401
1.02011 0.00112427
1.02013 0.0011245
1.02015 0.00112776
1.02018 0.00113061
1.0202 0.0011331
1.02023 0.00113528
1.02025 0.00113719
1.02028 0.00113886
1.0203 0.00114032
1.02033 0.0011416
1.02035 0.00114272
1.02037 0.0011437
1.0204 0.00114456
1.02042 0.00114531
1.02045 0.00114596
1.02047 0.00114654
1.0205 0.00114704
1.02052 0.00114748
1.02055 0.00114786
1.02057 0.0011482
1.0206 0.0011485
1.02062 0.00114875
1.02064 0.00114898
1.02067 0.00115223
1.02069 0.00115508
1.02072 0.00115758
1.02074 0.00115976
1.02077 0.00116167
1.02079 0.00116334
1.02082 0.0011648
1.02084 0.00116608
1.02086 0.0011672
1.02089 0.00116818
1.02091 0.00116904
1.02094 0.00116979
1.02096 0.00117044
1.02099 0.00117102
1.02101 0.00117152
1.02104 0.00117196
1.02106 0.00117234
1.02108 0.00117268
1.02111 0.00117297
1.02113 0.00117323
1.02116 0.00117346
1.02118 0.00117672
1.02121 0.00117957
1.02123 0.00118206
1.02126 0.00118424
1.02128 0.00118615
1.02131 0.00118782
1.02133 0.00118928
1.02135 0.00119056
1.02138 0.00119168
1.0214 0.00119266
1.02143 0.00119352
1.02145 0.00119427
1.02148 0.00119492
1.0215 0.0011955
1.02153 0.001196
1.02155 0.00119644
1.02157 0.00119682
1.0216 0.00119716
1.02162 0.00119746
1.02165 0.00119771
1.02167 0.00119794
1.0217 0.00120119
1.02172 0.00120404
1.02175 0.00120654
1.02177 0.00120872
1.02179 0.00121063
1.02182 0.0012123
1.02184 0.00121376
1.02187 0.00121504
1.02189 0.00121616
1.02192 0.00121714
1.02194 0.001218
1.02197 0.00121875
1.02199 0.0012194
1.02202 0.00121998
1.02204 0.00122048
1.02206 0.00122092
1.02209 0.0012213
1.02211 0.00122164
1.02214 0.00122193
1.02216 0.00122219
1.02219 0.00122242
1.02221 0.00122567
1.02224 0.00122852
1.02226 0.00123102
1.02228 0.0012332
1.02231 0.00123511
1.02233 0.00123678
1.02236 0.00123824
1.02238 0.00123952
1.02241 0.00124064
1.02243 0.00124162
1.02246 0.00124248
1.02248 0.00124323
1.0225 0.00124388
1.02253 0.00124446
1.02255 0.00124496
1.02258 0.0012454
1.0226 0.00124578
1.02263 0.00124612
1.02265 0.00124641
1.02268 0.00124667
1.0227 0.0012469
1.02273 0.00125015
1.02275 0.001253
1.02277 0.0012555
1.0228 0.00125768
1.02282 0.00125959
1.02285 0.00126126
1.02287 0.00126272
1.0229 0.001264
1.02292 0.00126512
1.02295 0.0012661
1.02297 0.00126696
1.02299 0.00126771
1.02302 0.00126836
1.02304 0.00126894
1.02307 0.00126944
1.02309 0.00126988
1.02312 0.00127026
1.02314 0.0012706
1.02317 0.00127089
1.02319 0.00127115
1.02321 0.00127138
1.02324 0.00127464
1.02326 0.00127749
1.02329 0.00127998
1.02331 0.00128216
1.02334 0.00128407
1.02336 0.00128574
1.02339 0.0012872
1.02341 0.00128848
1.02343 0.0012896
1.02346 0.00129058
1.02348 0.00129144
1.02351 0.00129219
1.02353 0.00129284
1.02356 0.00129342
1.02358 0.00129392
1.02361 0.00129436
1.02363 0.00129474
1.02366 0.00129508
1.02368 0.00129538
1.0237 0.00129563
1.02373 0.00129586
1.02375 0.00129911
1.02378 0.00130196
1.0238 0.00130446
1.02383 0.00130664
1.02385 0.00130855
1.02388 0.00131022
1.0239 0.00131168
1.02392 0.00131296
1.02395 0.00131408
1.02397 0.00131506
1.024 0.00131592
1.02402 0.00131667
1.02405 0.00131732
1.02407 0.0013179
1.0241 0.0013184
1.02412 0.00131884
1.02414 0.00131922
1.02417 0.00131956
1.02419 0.00131985
1.02422 0.00132011
1.02424 0.00132034
1.02427 0.00132359
1.02429 0.00132644
1.02432 0.00132894
1.02434 0.00133112
1.02437 0.00133303
1.02439 0.0013347
1.02441 0.00133616
1.02444 0.00133744
1.02446 0.00133856
1.02449 0.00133954
1.02451 0.0013404
1.02454 0.00134115
1.02456 0.0013418
1.02459 0.00134238
1.02461 0.00134288
1.02463 0.00134332
1.02466 0.0013437
1.02468 0.00134404
1.02471 0.00134433
1.02473 0.00134459
1.02476 0.00134482
1.02478 0.00134808
1.02481 0.00135092
1.02483 0.00135342
1.02485 0.0013556
1.02488 0.00135751
1.0249 0.00135918
1.02493 0.00136064
1.02495 0.00136192
1.02498 0.00136304
1.025 0.00136402
1.02503 0.00136488
1.02505 0.00136563
1.02508 0.00136628
1.0251 0.00136686
1.02512 0.00136736
1.02515 0.0013678
1.02517 0.00136818
1.0252 0.00136852
1.02522 0.00136882
1.02525 0.00136907
1.02527 0.0013693
1.0253 0.00137255
1.02532 0.0013754
1.02534 0.0013779
1.02537 0.00138008
1.02539 0.00138199
1.02542 0.00138366
1.02544 0.00138512
1.02547 0.0013864
1.02549 0.00138752
1.02552 0.0013885
1.02554 0.00138936
1.02556 0.00139011
1.02559 0.00139076
1.02561 0.00139134
1.02564 0.00139184
1.02566 0.00139228
1.02569 0.00139266
1.02571 0.001393
1.02574 0.00139329
1.02576 0.00139355
1.02579 0.00139378
1.02581 0.00139704
1.02583 0.00139989
1.02586 0.00140238
1.02588 0.00140456
1.02591 0.00140647
1.02593 0.00140814
1.02596 0.0014096
1.02598 0.00141088
1.02601 0.001412
1.02603 0.00141298
1.02605 0.00141384
1.02608 0.00141459
1.0261 0.00141524
1.02613 0.00141582
1.02615 0.00141632
1.02618 0.00141676
1.0262 0.00141714
1.02623 0.00141748
1.02625 0.00141778
1.02627 0.00141803
1.0263 0.00141826
1.02632 0.00142151
1.02635 0.00142436
1.02637 0.00142686
1.0264 0.00142904
1.02642 0.00143095
1.02645 0.00143262
1.02647 0.00143408
1.02649 0.00143536
1.02652 0.00143648
1.02654 0.00143746
1.02657 0.00143832
1.02659 0.00143907
1.02662 0.00143972
1.02664 0.0014403
1.02667 0.0014408
1.02669 0.00144124
1.02672 0.00144162
1.02674 0.00144196
1.02676 0.00144225
1.02679 0.00144251
1.02681 0.00144274
1.02684 0.001446
1.02686 0.00144885
1.02689 0.00145134
1.02691 0.00145352
1.02694 0.00145543
1.02696 0.0014571
1.02698 0.00145856
1.02701 0.00145984
1.02703 0.00146096
1.02706 0.00146194
1.02708 0.0014628
1.02711 0.00146355
1.02713 0.0014642
1.02716 0.00146478
1.02718 0.00146528
1.0272 0.00146572
1.02723 0.0014661
1.02725 0.00146644
1.02728 0.00146674
1.0273 0.00146699
1.02733 0.00146722
1.02735 0.00147047
1.02738 0.00147332
1.0274 0.00147582
1.02743 0.001478
1.02745 0.00147991
1.02747 0.00148158
1.0275 0.00148304
1.02752 0.00148432
1.02755 0.00148544
1.02757 0.00148642
1.0276 0.00148728
1.02762 0.00148803
1.02765 0.00148868
1.02767 0.00148926
1.02769 0.00148976
1.02772 0.0014902
1.02774 0.00149058
1.02777 0.00149092
1.02779 0.00149121
1.02782 0.00149147
1.02784 0.0014917
1.02787 0.00149496
1.02789 0.00149781
1.02791 0.0015003
1.02794 0.00150248
1.02796 0.00150439
1.02799 0.00150606
1.02801 0.00150752
1.02804 0.0015088
1.02806 0.00150992
1.02809 0.0015109
1.02811 0.00151176
1.02814 0.00151251
1.02816 0.00151316
1.02818 0.00151374
1.02821 0.00151424
1.02823 0.00151468
1.02826 0.00151506
1.02828 0.0015154
1.02831 0.0015157
1.02833 0.00151595
1.02836 0.00151618
1.02838 0.00151943
1.0284 0.00152228
1.02843 0.00152478
1.02845 0.00152696
1.02848 0.00152887
1.0285 0.00153054
1.02853 0.001532
1.02855 0.00153328
1.02858 0.0015344
1.0286 0.00153538
1.02862 0.00153624
1.02865 0.00153699
1.02867 0.00153764
1.0287 0.00153822
1.02872 0.00153872
1.02875 0.00153916
1.02877 0.00153954
1.0288 0.00153988
1.02882 0.00154017
1.02885 0.00154043
1.02887 0.00154066
1.02889 0.00154391
1.02892 0.00154676
1.02894 0.00154926
1.02897 0.00155144
1.02899 0.00155335
1.02902 0.00155502
1.02904 0.00155648
1.02907 0.00155776
1.02909 0.00155888
1.02911 0.00155986
1.02914 0.00156072
1.02916 0.00156147
1.02919 0.00156212
1.02921 0.0015627
1.02924 0.0015632
1.02926 0.00156364
1.02929 0.00156402
1.02931 0.00156436
1.02933 0.00156465
1.02936 0.00156491
1.02938 0.00156514
1.02941 0.00156839
1.02943 0.00157124
1.02946 0.00157374
1.02948 0.00157592
1.02951 0.00157783
1.02953 0.0015795
1.02955 0.00158096
1.02958 0.00158224
1.0296 0.00158336
1.02963 0.00158434
1.02965 0.0015852
1.02968 0.00158595
1.0297 0.0015866
1.02973 0.00158718
1.02975 0.00158768
1.02978 0.00158812
1.0298 0.0015885
1.02982 0.00158884
1.02985 0.00158913
1.02987 0.00158939
1.0299 0.00158962
1.02992 0.00159288
1.02995 0.00159573
1.02997 0.00159822
1.03 0.0016004
1.03002 0.00160231
1.03004 0.00160398
1.03007 0.00160544
1.03009 0.00160672
1.03012 0.00160784
1.03014 0.00160882
1.03017 0.00160968
1.03019 0.00161043
1.03022 0.00161108
1.03024 0.00161166
1.03026 0.00161216
1.03029 0.0016126
1.03031 0.00161298
1.03034 0.00161332
1.03036 0.00161362
1.03039 0.00161387
1.03041 0.0016141
1.03044 0.00161736
1.03046 0.0016202
1.03049 0.0016227
1.03051 0.00162488
1.03053 0.00162679
1.03056 0.00162846
1.03058 0.00162992
1.03061 0.0016312
1.03063 0.00163232
1.03066 0.0016333
1.03068 0.00163416
1.03071 0.00163491
1.03073 0.00163556
1.03075 0.00163614
1.03078 0.00163664
1.0308 0.00163708
1.03083 0.00163746
1.03085 0.0016378
1.03088 0.0016381
1.0309 0.00163835
1.03093 0.00163858
1.03095 0.00164183
1.03097 0.00164468
1.031 0.00164718
1.03102 0.00164936
1.03105 0.00165127
1.03107 0.00165294
1.0311 0.0016544
1.03112 0.00165568
1.03115 0.0016568
1.03117 0.00165778
1.0312 0.00165864
1.03122 0.00165939
1.03124 0.00166004
1.03127 0.00166062
1.03129 0.00166112
1.03132 0.00166156
1.03134 0.00166194
1.03137 0.00166228
1.03139 0.00166257
1.03142 0.00166283
1.03144 0.00166306
1.03146 0.00166632
1.03149 0.00166917
1.03151 0.00167166
1.03154 0.00167384
1.03156 0.00167575
1.03159 0.00167742
1.03161 0.00167888
1.03164 0.00168016
1.03166 0.00168128
1.03168 0.00168226
1.03171 0.00168312
1.03173 0.00168387
1.03176 0.00168452
1.03178 0.0016851
1.03181 0.0016856
1.03183 0.00168604
1.03186 0.00168642
1.03188 0.00168676
1.03191 0.00168706
1.03193 0.00168731
1.03195 0.00168754
1.03198 0.00169079
1.032 0.00169364
1.03203 0.00169614
1.03205 0.00169832
1.03208 0.00170023
1.0321 0.0017019
1.03213 0.00170336
1.03215 0.00170464
1.03217 0.00170576
1.0322 0.00170674
1.03222 0.0017076
1.03225 0.00170835
1.03227 0.001709
1.0323 0.00170958
1.03232 0.00171008
1.03235 0.00171052
1.03237 0.0017109
1.03239 0.00171124
1.03242 0.00171153
1.03244 0.00171179
1.03247 0.00171202
1.03249 0.00171528
1.03252 0.00171813
1.03254 0.00172062
1.03257 0.0017228
1.03259 0.00172471
1.03261 0.00172638
1.03264 0.00172784
1.03266 0.00172912
1.03269 0.00173024
1.03271 0.00173122
1.03274 0.00173208
1.03276 0.00173283
1.03279 0.00173348
1.03281 0.00173406
1.03284 0.00173456
1.03286 0.001735
1.03288 0.00173538
1.03291 0.00173572
1.03293 0.00173602
1.03296 0.00173627
1.03298 0.0017365
1.03301 0.00173975
1.03303 0.0017426
1.03306 0.0017451
1.03308 0.00174728
1.0331 0.00174919
1.03313 0.00175086
1.03315 0.00175232
1.03318 0.0017536
1.0332 0.00175472
1.03323 0.0017557
1.03325 0.00175656
1.03328 0.00175731
1.0333 0.00175796
1.03332 0.00175854
1.03335 0.00175904
1.03337 0.00175948
1.0334 0.00175986
1.03342 0.0017602
1.03345 0.00176049
1.03347 0.00176075
1.0335 0.00176098
1.03352 0.00176423
1.03355 0.00176709
1.03357 0.00176958
1.03359 0.00177176
1.03362 0.00177367
1.03364 0.00177534
1.03367 0.0017768
1.03369 0.00177808
1.03372 0.0017792
1.03374 0.00178018
1.03377 0.00178104
1.03379 0.00178179
1.03381 0.00178244
1.03384 0.00178302
1.03386 0.00178352
1.03389 0.00178396
1.03391 0.00178434
1.03394 0.00178468
1.03396 0.00178497
1.03399 0.00178523
1.03401 0.00178546
1.03403 0.00178871
1.03752 0.00176549
1.03755 0.00174823
1.03757 0.00173618
1.03761 0.00172258
1.03763 0.00171068
1.03768 0.0017018
1.03771 0.00169403
1.03774 0.00168723
1.03777 0.00168128
1.0378 0.00167607
1.03783 0.00167152
1.03787 0.00166753
1.03789 0.00166404
1.03795 0.00166099
1.03798 0.00165834
1.038 0.00165909
1.03803 0.0016628
1.03805 0.00166911
1.03806 0.00167616
1.03809 0.00168538
1.03811 0.00169652
1.03814 0.00170932
1.03816 0.00172358
1.03817 0.00173759
1.0382 0.00175291
1.03837 0.00174031
1.03839 0.0017293
1.03842 0.00172273
1.03844 0.00172004
1.03847 0.00172075
1.03849 0.00172442
1.03851 0.0017307
1.03854 0.00173926
1.03856 0.0017498
1.03859 0.00176209
1.03861 0.0017759
1.03875 0.00176197
1.0388 0.0017498
1.03882 0.00174222
1.03883 0.00173711
1.03886 0.0017357
1.03888 0.00173753
1.03891 0.00174219
1.03893 0.00174932
1.03894 0.0017571
1.03897 0.00176696
1.03898 0.00177712
1.039 0.00178907
1.03902 0.00180105
1.03904 0.0018146
1.03905 0.00182799
1.03908 0.00184276
1.0392 0.00182202
1.03922 0.00180388
1.03925 0.00178801
1.03929 0.00177411
1.03931 0.00176196
1.03937 0.00175285
1.0394 0.00174489
1.03943 0.00173792
1.03946 0.00173182
1.03949 0.00172648
1.03952 0.00172181
1.03956 0.00171772
1.03958 0.00171721
1.03959 0.00171522
1.03965 0.00171349
1.03968 0.00171197
1.0397 0.00171065
1.03973 0.00170949
1.03976 0.00171
1.03978 0.00171045
1.0398 0.00171084
1.03982 0.00171119
1.03985 0.00171149
1.03987 0.00171175
1.03989 0.00171198
1.03991 0.00171218
1.04008 0.00171236
1.04011 0.00171251
1.04014 0.00171418
1.04017 0.00171564
1.04019 0.00171691
1.04022 0.00171803
1.04024 0.001719
1.04026 0.00171986
1.04029 0.00172061
1.04031 0.00172126
1.04034 0.00172183
1.04047 0.00172233
1.04052 0.00172277
1.04056 0.00172468
1.04057 0.00172636
1.0406 0.00172782
1.04062 0.0017291
1.04064 0.00173023
1.04067 0.00173121
1.04068 0.00173207
1.04071 0.00173282
1.04072 0.00173347
1.04074 0.00173405
1.04075 0.00173455
1.04078 0.00173499
1.04079 0.00173538
1.04082 0.00173572
1.04094 0.00173601
1.04096 0.00173627
1.04099 0.00173649
1.04102 0.00173669
1.04105 0.00173686
1.04111 0.00173702
1.04113 0.00173715
1.04117 0.00173726
1.0412 0.00173737
1.04123 0.00173745
1.04126 0.00173753
1.04129 0.0017376
1.04132 0.00173766
1.04133 0.00173771
1.04139 0.00173776
1.04142 0.0017378
1.04144 0.00173783
1.04146 0.00173786
1.0415 0.00173789
1.04151 0.00173791
1.04154 0.00173793
1.04156 0.00173795
1.04159 0.00173797
1.04161 0.00173798
1.04162 0.00173799
1.04165 0.001738
1.04182 0.00173801
1.04184 0.00173802
1.04188 0.00173803
1.04191 0.00173803
1.04193 0.00173804
1.04195 0.00173804
1.04198 0.00173805
1.042 0.00173805
1.04203 0.00173805
1.04205 0.00173806
1.04208 0.00173806
1.04221 0.00173806
1.04226 0.00173806
1.0423 0.00173807
1.04231 0.00173807
1.04233 0.00173807
1.04236 0.00173807
1.04238 0.00173807
1.04241 0.00173807
1.04242 0.00173807
1.04244 0.00173807
1.04246 0.00173807
1.09199 0.00174113
1.092 0.00174228
1.09203 0.00174329
1.09204 0.00174416
1.09206 0.00174493
1.09224 0.00174561
1.09226 0.00174619
1.0923 0.00174671
1.09232 0.00174716
1.09235 0.00174756
1.09237 0.0017479
1.0924 0.0017482
1.09242 0.00174847
1.09244 0.0017487
1.09247 0.0017489
1.09249 0.00174908
1.09263 0.00174923
1.09268 0.00174937
1.09271 0.00174949
1.09273 0.00174959
1.09275 0.00174968
1.09277 0.00174976
1.0928 0.00174983
1.09282 0.00174989
1.09284 0.00174994
1.09286 0.00174999
1.09287 0.00175003
1.0929 0.00175007
1.09291 0.0017501
1.09293 0.00175013
1.09295 0.00175015
1.09297 0.00175017
1.09309 0.00175019
1.09312 0.0017502
1.09314 0.00175022
1.09318 0.00175023
1.0932 0.00175024
1.09326 0.00175025
1.09329 0.00175026
1.09333 0.00175027
1.09335 0.00175027
1.09339 0.00175028
1.09341 0.00175028
1.09345 0.00175029
1.09347 0.00175029
1.09348 0.00175029
1.09355 0.0017503
1.09357 0.0017503
1.09359 0.0017503
1.09362 0.0017503
1.09366 0.0017503
1.09367 0.00175031
1.09369 0.00175031
1.09372 0.00175031
1.09374 0.00175031
1.09375 0.00175031
1.09378 0.00175031
1.09379 0.00175031
1.09381 0.00175031
1.10185 0.00175077
1.10187 0.00175117
1.1019 0.00175152
1.10193 0.00175182
1.10196 0.00175209
1.10202 0.00175233
1.10204 0.00175253
1.10208 0.00175271
1.10211 0.00175287
1.10214 0.001753
1.10217 0.00175312
1.1022 0.00175323
1.10223 0.00175332
1.10224 0.0017534
1.1023 0.00175347
1.10233 0.00175353
1.10235 0.00175359
1.10237 0.00175363
1.10241 0.00175367
1.10242 0.00175371
1.10245 0.00175374
1.10247 0.00175377
1.1025 0.0017538
1.10251 0.00175382
1.10253 0.00175384
1.10255 0.00175385
1.10257 0.00175386
1.10274 0.00175388
1.10277 0.00175389
1.1028 0.0017539
1.10283 0.00175391
1.10285 0.00175391
1.10288 0.00175392
1.1029 0.00175392
1.10293 0.00175393
1.10295 0.00175393
1.10297 0.00175394
1.103 0.00175394
1.10313 0.00175394
1.10318 0.00175395
1.10322 0.00175395
1.10323 0.00175395
1.10326 0.00175395
1.10328 0.00175395
1.1033 0.00175395
1.10333 0.00175396
1.10334 0.00175396
1.10337 0.00175396
1.10338 0.00175396
1.1034 0.00175396
1.10341 0.00175396
1.1036 0.00175351
1.10362 0.00175311
1.10365 0.00175276
1.10368 0.00175245
1.10371 0.00175218
1.10377 0.00175195
1.10379 0.00175175
1.10383 0.00175157
1.10386 0.00175141
1.10389 0.00175128
1.10392 0.00175115
1.10395 0.00175105
1.10398 0.00175096
1.10399 0.00175088
1.10405 0.00175081
1.10408 0.00175075
1.1041 0.00175069
1.10412 0.00175065
1.10416 0.0017506
1.10417 0.00175057
1.1042 0.00175054
1.10422 0.00175051
1.10425 0.00175048
1.10426 0.00175046
1.10428 0.00175045
1.1043 0.00175043
1.10432 0.00175042
1.10449 0.0017504
1.10452 0.00175039
1.10455 0.00175038
1.10458 0.00175037
1.1046 0.00175037
1.10463 0.00175036
1.10465 0.00175036
1.10468 0.00175035
1.1047 0.00175035
1.10472 0.00175034
1.10475 0.00175034
1.10488 0.00175034
1.10493 0.00175033
1.10497 0.00175033
1.10498 0.00175033
1.10501 0.00175033
1.10503 0.00175033
1.10505 0.00175033
1.10508 0.00175033
1.10509 0.00175032
1.10512 0.00175032
1.10513 0.00175032
1.10515 0.00175032
1.10517 0.00175032
1.14714 0.00175185
1.14716 0.00175472
1.14717 0.0017557
1.14719 0.00175655
1.14721 0.00175731
1.14722 0.00175796
1.14725 0.00175853
1.14737 0.00175904
1.14739 0.00175948
1.14742 0.00175986
1.14745 0.0017602
1.14748 0.00176049
1.14754 0.00176075
1.14756 0.00176098
1.1476 0.00176118
1.14763 0.00176135
1.14766 0.0017615
1.14769 0.00176163
1.14772 0.00176175
1.14775 0.00176185
1.14776 0.00176194
1.14782 0.00176201
1.14785 0.00176208
1.14787 0.00176214
1.14789 0.00176219
1.14793 0.00176224
1.14794 0.00176228
1.14797 0.00176231
1.14799 0.00176234
1.14802 0.00176237
1.14803 0.00176239
1.14805 0.00176241
1.14807 0.00176243
1.14809 0.00176245
1.14826 0.00176246
1.14829 0.00176247
1.14832 0.00176248
1.14835 0.00176249
1.14837 0.0017625
1.1484 0.00176251
1.14842 0.00176251
1.14845 0.00176252
1.14847 0.00176252
1.14849 0.00176253
1.14852 0.00176253
1.14865 0.00176253
1.1487 0.00176254
1.14874 0.00176254
1.14875 0.00176254
1.14878 0.00176254
1.1488 0.00176254
1.14883 0.00176255
1.14885 0.00176255
1.14886 0.00176255
1.14889 0.00176255
1.1489 0.00176255
1.14892 0.00176255
1.14894 0.00176255
1.14895 0.00176255
1.20397 0.00176561
1.20398 0.00176676
1.20402 0.00176776
1.20404 0.00176864
1.20408 0.00176941
1.2041 0.00177009
1.20414 0.00177067
1.20416 0.00177119
1.20417 0.00177164
1.20424 0.00177203
1.20426 0.00177238
1.20428 0.00177268
1.20431 0.00177295
1.20435 0.00177318
1.20436 0.00177338
1.20438 0.00177356
1.20441 0.00177371
1.20443 0.00177385
1.20444 0.00177397
1.20447 0.00177407
1.20448 0.00177416
1.2045 0.00177424
1.20468 0.00177431
1.2047 0.00177437
1.20474 0.00177442
1.20476 0.00177447
1.20479 0.00177451
1.20481 0.00177455
1.20484 0.00177458
1.20486 0.00177461
1.20488 0.00177463
1.20491 0.00177465
1.20493 0.00177467
1.20507 0.00177469
1.20512 0.0017747
1.20515 0.00177471
1.20517 0.00177472
1.20519 0.00177473
1.20521 0.00177474
1.20524 0.00177475
1.20526 0.00177475
1.20528 0.00177476
1.2053 0.00177476
1.20531 0.00177477
1.20534 0.00177477
1.20535 0.00177477
1.20536 0.00177478
1.20539 0.00177478
1.2054 0.00177478
1.20542 0.00177478
1.20555 0.00177479
1.20557 0.00177479
1.20559 0.00177479
1.20563 0.00177479
1.20566 0.00177479
1.20572 0.00177479
1.20574 0.00177479
1.20575 0.00177479
1.20579 0.00177479
1.2258 0.00177785
1.22581 0.001779
1.22599 0.00178
1.22601 0.00178088
1.22605 0.00178165
1.22607 0.00178233
1.2261 0.00178291
1.22612 0.00178343
1.22615 0.00178388
1.22617 0.00178428
1.22619 0.00178462
1.22622 0.00178492
1.22624 0.00178519
1.22638 0.00178542
1.22643 0.00178562
1.22646 0.0017858
1.22648 0.00178595
1.2265 0.00178609
1.22652 0.00178621
1.22655 0.00178631
1.22657 0.0017864
1.22659 0.00178648
1.22661 0.00178655
1.22662 0.00178661
1.22665 0.00178666
1.22666 0.00178671
1.22667 0.00178675
1.2267 0.00178679
1.22671 0.00178682
1.22673 0.00178685
1.22686 0.00178687
1.22688 0.00178689
1.2269 0.00178691
1.22694 0.00178692
1.22697 0.00178694
1.22703 0.00178695
1.22705 0.00178696
1.22706 0.00178697
1.2271 0.00178698
1.22712 0.00178699
1.22716 0.00178699
1.22719 0.001787
1.22722 0.001787
1.22725 0.00178701
1.22726 0.00178701
1.22732 0.00178701
1.22734 0.00178702
1.22737 0.00178702
1.22739 0.00178702
1.22743 0.00178702
1.22744 0.00178703
1.22747 0.00178703
1.22749 0.00178703
1.22752 0.00178703
1.22753 0.00178703
1.22755 0.00178703
1.22757 0.00178703
1.22759 0.00178703
1.2276 0.00178703
1.30178 0.00178573
1.3019 0.00178459
1.30192 0.0017836
1.30195 0.00178272
1.30199 0.00178196
1.30201 0.00178129
1.30207 0.00178071
1.3021 0.0017802
1.30211 0.00177975
1.30215 0.00177936
1.30217 0.00177902
1.30221 0.00177872
1.30223 0.00177846
1.30227 0.00177823
1.30229 0.00177803
1.3023 0.00177785
1.30237 0.0017777
1.30239 0.00177756
1.30241 0.00177744
1.30244 0.00177734
1.30248 0.00177725
1.30249 0.00177717
1.30251 0.0017771
1.30254 0.00177704
1.30256 0.00177699
1.30257 0.00177694
1.3026 0.0017769
1.30261 0.00177687
1.30263 0.00177684
1.30265 0.00177681
1.30282 0.00177679
1.30284 0.00177677
1.30288 0.00177675
1.3029 0.00177673
1.30293 0.00177672
1.30295 0.00177671
1.30298 0.0017767
1.303 0.00177669
1.30303 0.00177668
1.30305 0.00177667
1.30308 0.00177666
1.30321 0.00177666
1.30326 0.00177665
1.3033 0.00177665
1.30331 0.00177665
1.30333 0.00177664
1.30336 0.00177664
1.30338 0.00177664
1.30341 0.00177664
1.30342 0.00177663
1.30344 0.00177663
1.30345 0.00177663
1.30348 0.00177663
1.30349 0.00177663
1.3035 0.00177663
1.30353 0.00177663
1.30354 0.00177663
1.30355 0.0017764
1.30361 0.00176855
1.30364 0.00176168
1.30365 0.00175414
1.30369 0.00174754
1.3037 0.00174024
1.30375 0.00173232
1.30377 0.00172539
1.30379 0.00171932
1.30381 0.00171249
1.30383 0.00170651
1.30386 0.00169974
1.30388 0.00169382
1.30391 0.00168712
1.30393 0.00168125
1.30394 0.00167611
1.30398 0.00166856
1.30401 0.00166195
1.30403 0.00165616
1.30404 0.00164957
1.30407 0.00164227
1.30408 0.00163589
1.30409 0.00162877
1.3041 0.00162101
1.30412 0.0016127
1.30413 0.00160542
1.30414 0.00159752
1.30415 0.00159061
1.30416 0.00158303
1.30418 0.0015764
1.30424 0.00155683
1.30426 0.00153971
1.3043 0.00152472
1.30432 0.00151161
1.30435 0.00150014
1.30437 0.0014901
1.3044 0.00148132
1.30442 0.00147364
1.30445 0.00146691
1.30447 0.00146103
1.3045 0.00145588
1.30463 0.00145137
1.30468 0.00144743
1.30472 0.00144398
1.30473 0.00144096
1.30475 0.00143832
1.30478 0.00143601
1.3048 0.00143399
1.30483 0.00143222
1.30484 0.00143067
1.30486 0.00142932
1.30487 0.00142813
1.3049 0.0014271
1.30491 0.00142619
1.30492 0.00142539
1.30494 0.00142317
1.30495 0.00142122
1.30496 0.00141952
1.30502 0.00141803
1.30506 0.00141826
1.30508 0.00141998
1.30513 0.00142303
1.30516 0.00142722
1.30522 0.00143241
1.30525 0.00143849
1.30528 0.00144534
1.30532 0.00145286
1.30535 0.00146097
1.30539 0.0014696
1.30543 0.00147868
1.30546 0.00148815
1.3055 0.00149797
1.30552 0.0015081
1.30557 0.00151848
1.30561 0.0015291
1.30565 0.00153993
1.30567 0.00155092
1.30571 0.00156208
1.30573 0.00157337
1.30576 0.00158478
1.30578 0.00159629
1.3058 0.00160789
1.30583 0.00161958
1.30585 0.00163133
1.30588 0.00164314
1.3059 0.00165501
1.30593 0.00166692
1.306 0.00167888
1.30604 0.00169087
1.30609 0.00170289
1.3061 0.00171188
1.30611 0.00171821
1.30612 0.00172222
1.30614 0.00172421
1.30615 0.00172441
1.30616 0.00172306
1.30617 0.00172034
1.30618 0.00171644
1.3062 0.00169772
1.30621 0.00167676
1.30622 0.00165535
1.30623 0.00163662
1.30625 0.00161871
1.30626 0.0016015
1.30627 0.00158491
1.30628 0.00156887
1.30629 0.00155483
1.30631 0.00154101
1.30632 0.00152892
1.30633 0.00151682
1.30634 0.00150623
1.30636 0.00149696
1.30637 0.00148885
1.30638 0.00148175
1.30639 0.00147554
1.30645 0.00147011
1.30649 0.00146535
1.30651 0.00146119
1.30656 0.00145755
1.30659 0.00145437
1.30665 0.00145158
1.30669 0.00144914
1.30671 0.00144701
1.30675 0.00144514
1.30678 0.00144351
1.30682 0.00144208
1.30686 0.00144083
1.30689 0.00143974
1.30693 0.00143878
1.30696 0.00143794
1.307 0.00143721
1.30704 0.00143657
1.30708 0.00143601
1.3071 0.00143552
1.30714 0.00143509
1.30716 0.00143471
1.30719 0.00143438
1.30721 0.00143409
1.30724 0.00143384
1.30726 0.00143362
1.30729 0.00143343
1.30731 0.00143326
1.30733 0.00143311
1.30736 0.00143298
1.30743 0.00143287
1.30747 0.00143277
1.30752 0.00143268
1.30753 0.00143261
1.30754 0.00143254
1.30756 0.00143248
1.30757 0.00143243
1.30758 0.00143239
1.30759 0.00143235
1.3076 0.00143231
1.30762 0.00143228
1.30763 0.00143226
1.30764 0.00143224
1.30765 0.00143221
1.30767 0.0014322
1.30768 0.00143218
1.30769 0.00143217
1.3077 0.00143216
1.30771 0.00143215
1.30773 0.00143214
1.30774 0.00143213
1.30775 0.00143212
1.30776 0.00143212
1.30778 0.00143211
1.30779 0.00143211
1.3078 0.0014321
1.30781 0.0014321
1.30782 0.0014321
1.30789 0.00143209
1.30792 0.00143209
1.30795 0.00143209
1.308 0.00143209
1.30802 0.00143209
1.30808 0.00143209
1.30812 0.00143209
1.30814 0.00143208
1.30818 0.00143208
1.30822 0.00143208
1.30825 0.00143208
1.30829 0.00143208
1.32252 0.00143514
1.32255 0.00143629
1.32259 0.00143729
1.32262 0.00143817
1.32266 0.00143894
1.3227 0.00143961
1.32272 0.0014402
1.32277 0.00144071
1.32281 0.00144116
1.32284 0.00144156
1.32287 0.0014419
1.3229 0.0014422
1.32293 0.00144247
1.32295 0.0014427
1.32298 0.0014429
1.323 0.00144308
1.32303 0.00144323
1.32305 0.00144337
1.32308 0.00144349
1.3231 0.00144359
1.32312 0.00144368
1.3232 0.00144376
1.32323 0.00144383
1.32328 0.00144389
1.3233 0.00144394
1.32331 0.00144399
1.32332 0.00144403
1.32333 0.00144407
1.32334 0.0014441
1.32336 0.00144413
1.32337 0.00144415
1.32338 0.00144417
1.32339 0.00144419
1.32341 0.00144421
1.32342 0.00144422
1.32343 0.00144423
1.32344 0.00144424
1.32346 0.00144425
1.32347 0.00144426
1.32348 0.00144427
1.32349 0.00144427
1.3235 0.00144428
1.32352 0.00144428
1.32353 0.00144429
1.32354 0.00144429
1.32355 0.00144429
1.32357 0.0014443
1.32358 0.0014443
1.32359 0.0014443
1.32365 0.0014443
1.32369 0.0014443
1.32371 0.00144431
1.32376 0.00144431
1.32379 0.00144431
1.32385 0.00144431
1.32388 0.00144431
1.32391 0.00144431
1.32394 0.00144431
1.32397 0.00144431
1.3442 0.00144584
1.34423 0.00144718
1.34426 0.00144835
1.3443 0.00144938
1.34434 0.00145028
1.34437 0.00145106
1.3444 0.00145175
1.34445 0.00145235
1.34448 0.00145287
1.34452 0.00145334
1.34454 0.00145374
1.34458 0.00145409
1.34461 0.0014544
1.34463 0.00145467
1.34465 0.0014549
1.34468 0.00145511
1.3447 0.00145529
1.34473 0.00145545
1.34475 0.00145559
1.34478 0.00145571
1.3448 0.00145582
1.34488 0.00145591
1.34491 0.00145599
1.34496 0.00145606
1.34497 0.00145612
1.34499 0.00145618
1.345 0.00145622
1.34501 0.00145627
1.34502 0.0014563
1.34503 0.00145633
1.34505 0.00145636
1.34506 0.00145639
1.34507 0.00145641
1.34508 0.00145643
1.3451 0.00145644
1.34511 0.00145646
1.34512 0.00145647
1.34513 0.00145648
1.34514 0.00145649
1.34516 0.0014565
1.34517 0.0014565
1.34518 0.00145651
1.34519 0.00145652
1.34521 0.00145652
1.34522 0.00145653
1.34523 0.00145653
1.34524 0.00145653
1.34525 0.00145654
1.34527 0.00145654
1.34533 0.00145654
1.34536 0.00145654
1.34539 0.00145655
1.34544 0.00145655
1.34546 0.00145655
1.34552 0.00145655
1.34556 0.00145655
1.34558 0.00145655
1.34562 0.00145655
1.34566 0.00145655
1.34568 0.00145655
1.3847 0.00145808
1.38473 0.00145942
1.38478 0.00146059
1.3848 0.00146162
1.38486 0.00146252
1.3849 0.0014633
1.38492 0.00146399
1.38496 0.00146459
1.385 0.00146511
1.38502 0.00146864
1.38503 0.00147018
1.38507 0.00147154
1.38511 0.00147273
1.38514 0.00147377
1.38518 0.00147468
1.38521 0.00147547
1.38525 0.00147617
1.38529 0.00147678
1.38533 0.00147731
1.38535 0.00147777
1.38539 0.00147818
1.38541 0.00147854
1.38544 0.00147885
1.38546 0.00147912
1.38549 0.00147936
1.38551 0.00147957
1.38554 0.00147976
1.38556 0.00147992
1.38559 0.00148006
1.38561 0.00148018
1.38568 0.00148029
1.38572 0.00148038
1.38577 0.00148046
1.38578 0.00148053
1.38579 0.0014806
1.38581 0.00148065
1.38582 0.0014807
1.38583 0.00148074
1.38584 0.00148078
1.38585 0.00148081
1.38587 0.00148084
1.38588 0.00148086
1.38589 0.00148089
1.3859 0.00148091
1.38592 0.00148092
1.38593 0.00148094
1.38594 0.00148095
1.38595 0.00148096
1.38596 0.00148097
1.38598 0.00148098
1.38599 0.00148098
1.386 0.00148099
1.38601 0.001481
1.38603 0.001481
1.38604 0.00148101
1.38605 0.00148101
1.38606 0.00148101
1.38607 0.00148102
1.38614 0.00148102
1.38619 0.00148102
1.38621 0.00148102
1.38626 0.00148102
1.38628 0.00148103
1.38634 0.00148103
1.38638 0.00148103
1.38641 0.00148103
1.38644 0.00148103
1.38648 0.00148103
1.3865 0.00148103
1.38652 0.00148103
1.39233 0.00148409
1.39234 0.00148524
1.39238 0.00148624
1.39242 0.00148712
1.39244 0.00148789
1.39245 0.00148857
1.39249 0.00148916
1.39253 0.00148967
1.39256 0.00149012
1.3926 0.00149051
1.39262 0.00149086
1.39267 0.00149116
1.39271 0.00149143
1.39275 0.00149166
1.39277 0.00149186
1.39281 0.00149204
1.39283 0.00149219
1.39286 0.00149233
1.39288 0.00149245
1.3929 0.00149255
1.39293 0.00149264
1.39295 0.00149272
1.39298 0.00149279
1.393 0.00149285
1.39303 0.0014929
1.3931 0.00149295
1.39314 0.00149299
1.39319 0.00149303
1.3932 0.00149306
1.39321 0.00149309
1.39322 0.00149311
1.39324 0.00149313
1.39325 0.00149315
1.39326 0.00149316
1.39327 0.00149318
1.39328 0.00149319
1.3933 0.0014932
1.39331 0.00149321
1.39332 0.00149322
1.39333 0.00149323
1.39335 0.00149323
1.39336 0.00149324
1.39337 0.00149324
1.39338 0.00149325
1.39339 0.00149325
1.39341 0.00149325
1.39342 0.00149326
1.39343 0.00149326
1.39344 0.00149326
1.39346 0.00149326
1.39347 0.00149326
1.39348 0.00149327
1.39349 0.00149327
1.39355 0.00149327
1.3936 0.00149327
1.39363 0.00149327
1.39368 0.00149327
1.3937 0.00149327
1.39376 0.00149327
1.42574 0.0014948
1.42577 0.00149614
1.42579 0.00149731
1.42582 0.00149834
1.42584 0.00149924
1.42587 0.00150002
1.42589 0.00150071
1.42597 0.00150131
1.426 0.00150183
1.42605 0.00150229
1.42606 0.0015027
1.42608 0.00150305
1.42609 0.00150336
1.4261 0.00150363
1.42611 0.00150386
1.42612 0.00150407
1.42614 0.00150425
1.42615 0.00150441
1.42616 0.00150455
1.42617 0.00150467
1.42619 0.00150477
1.4262 0.00150487
1.42621 0.00150495
1.42622 0.00150502
1.42623 0.00150508
1.42625 0.00150514
1.42626 0.00150518
1.42627 0.00150523
1.42628 0.00150526
1.4263 0.00150529
1.42631 0.00150532
1.42632 0.00150535
1.42633 0.00150537
1.42634 0.00150539
1.42636 0.0015054
1.42642 0.00150542
1.42647 0.00150543
1.42649 0.00150544
1.42654 0.00150545
1.42656 0.00150546
1.42663 0.00150547
1.42666 0.00150547
1.42669 0.00150548
1.4267 0.00150548
1.42674 0.00150549
1.42677 0.00150549
1.4268 0.00150549
1.42681 0.0015055
1.42685 0.0015055
1.42688 0.0015055
1.42692 0.0015055
1.42696 0.0015055
1.42698 0.00150551
1.42703 0.00150551
1.42707 0.00150551
1.4271 0.00150551
1.42713 0.00150551
1.42716 0.00150551
1.42719 0.00150551
1.42721 0.00150551
1.46064 0.00150704
1.46069 0.00150838
1.4607 0.00150955
1.46071 0.00151058
1.46073 0.00151148
1.46074 0.00151226
1.46075 0.00151295
1.46076 0.00151355
1.46078 0.00151407
1.46079 0.00151454
1.4608 0.00151494
1.46081 0.00151529
1.46082 0.0015156
1.46084 0.00151587
1.46085 0.0015161
1.46086 0.00151631
1.46087 0.00151649
1.46089 0.00151665
1.4609 0.00151679
1.46091 0.00151691
1.46092 0.00151702
1.46093 0.00151711
1.46095 0.00151719
1.46096 0.00151726
1.46097 0.00151732
1.46098 0.00151738
1.461 0.00151742
1.46106 0.00151747
1.46111 0.0015175
1.46113 0.00151753
1.46118 0.00151756
1.4612 0.00151759
1.46127 0.00151761
1.4613 0.00151763
1.46133 0.00151764
1.46134 0.00151766
1.46138 0.00151767
1.46141 0.00151768
1.46144 0.00151769
1.46145 0.0015177
1.46149 0.00151771
1.46152 0.00151771
1.46156 0.00151772
1.4616 0.00151772
1.46162 0.00151773
1.46167 0.00151773
1.46171 0.00151773
1.46174 0.00151774
1.46177 0.00151774
1.4618 0.00151774
1.46183 0.00151774
1.46185 0.00151775
1.46189 0.00151775
1.46191 0.00151775
1.46194 0.00151775
1.46196 0.00151775
1.46199 0.00151775
1.46201 0.00151775
1.46204 0.00151775
1.46211 0.00151775
1.50167 0.00151469
1.50168 0.00151202
1.50169 0.00150967
1.50171 0.00150762
1.50172 0.00150583
1.50173 0.00150426
1.50174 0.00150289
1.50176 0.00150169
1.50177 0.00150064
1.50178 0.00149972
1.50179 0.00149891
1.5018 0.00149821
1.50182 0.00149606
1.50183 0.00149418
1.50184 0.00149254
1.50185 0.0014911
1.50187 0.00148984
1.50188 0.00148874
1.50189 0.00148778
1.5019 0.00148694
1.50191 0.0014862
1.50193 0.00148555
1.50194 0.00148499
1.50195 0.00147838
1.50196 0.001468
1.50199 0.00145892
1.50204 0.00145097
1.5021 0.00143637
1.50213 0.00142359
1.50215 0.00141394
1.50218 0.00140091
1.50221 0.00138798
1.50224 0.00137666
1.50228 0.00136676
1.50233 0.00135503
1.50235 0.00134477
1.5024 0.00133579
1.50244 0.00132794
1.50248 0.00131801
1.50251 0.00130932
1.50254 0.00130171
1.50256 0.00129506
1.5026 0.00128923
1.50262 0.00128414
1.50264 0.00127815
1.50266 0.00127291
1.50271 0.00126833
1.50273 0.00126738
1.5028 0.00126195
1.50284 0.00125721
1.50289 0.00125306
1.50291 0.00124942
1.50292 0.00124625
1.50293 0.00124347
1.50294 0.00124103
1.50295 0.0012389
1.50297 0.00123704
1.50298 0.00123541
1.50299 0.00123398
1.503 0.00123273
1.50302 0.00123164
1.50303 0.00123069
1.50304 0.00122985
1.50305 0.00122912
1.50306 0.00122848
1.50308 0.00122792
1.50309 0.00122743
1.5031 0.001227
1.50311 0.00122662
1.50313 0.0012263
1.50314 0.00122601
1.50315 0.00122576
1.50316 0.00122554
1.50317 0.00122534
1.50319 0.00122518
1.50321 0.00122503
1.50326 0.0012249
1.50332 0.00122479
1.50336 0.00122469
1.50337 0.0012246
1.50341 0.00122453
1.50343 0.00122446
1.50347 0.0012244
1.50351 0.00122435
1.50355 0.00122431
1.50358 0.00122427
1.50363 0.00122423
1.50366 0.0012242
1.5037 0.00122418
1.50374 0.00122415
1.50376 0.00122413
1.50379 0.00122412
1.50382 0.0012241
1.50385 0.00122409
1.50386 0.00122408
1.50388 0.00122407
1.50393 0.00122406
1.50396 0.00122405
1.50402 0.00122404
1.50407 0.00122404
1.50412 0.00122403
1.50413 0.00122403
1.50414 0.00122402
1.50415 0.00122402
1.50417 0.00122402
1.50418 0.00122401
1.50419 0.00122401
1.5042 0.00122401
1.50422 0.00122401
1.50423 0.00122401
1.50424 0.00122401
1.50425 0.00122401
1.50426 0.001224
1.50428 0.001224
1.50429 0.001224
1.5043 0.001224
1.50431 0.001224
2.00121 0.00122422
2.00124 0.00122653
2.00125 0.00122856
2.00126 0.00123032
2.00128 0.00123187
2.00129 0.00123323
2.0013 0.00123441
2.00131 0.00123545
2.00132 0.00123636
2.00134 0.00123715
2.00135 0.00123785
2.00136 0.00123846
2.00137 0.00123899
2.00175 0.00115636
2.00176 0.00108406
2.00178 0.00102301
2.00191 0.000984811
2.00227 0.000995905
2.00254 0.00103752
2.00258 0.00107853
2.00259 0.00111229
2.0026 0.00114336
2.00261 0.00117054
2.00262 0.00119586
2.00264 0.00121801
2.00265 0.00123893
2.00266 0.00125723
2.00267 0.00127477
2.00269 0.00129012
2.0027 0.00130508
2.00271 0.00131817
2.00272 0.00133116
2.00273 0.00134252
2.00275 0.00135399
2.00276 0.00136402
2.00277 0.00137434
2.00278 0.00138336
2.0028 0.00139279
2.00281 0.00140103
2.00282 0.00140978
2.00434 0.00142481
2.00435 0.00143795
2.00614 0.00148312
2.00615 0.00152264
2.00761 0.00151655
2.00762 0.00151122
2.00849 0.00143171
2.00851 0.00136521
2.00854 0.00130855
2.00856 0.00126203
2.00991 0.00127956
2.00993 0.00129338
2.00995 0.00130547
2.01085 0.00125902
2.01086 0.00121837
2.01088 0.00118281
2.01178 0.00115124
2.01179 0.00112362
2.01181 0.00109944
2.0127 0.00107758
2.01271 0.00105845
2.01274 0.00104171
2.01347 0.00100782
2.01348 0.000979698
2.01351 0.000956619
2.01353 0.000939485
2.01356 0.000924493
2.01358 0.000914435
2.01405 0.000872376
2.01406 0.000837105
2.01409 0.000807772
2.01411 0.000785166
2.01414 0.000765386
2.01416 0.000751138
2.01419 0.000738671
2.01421 0.000730823
2.01423 0.000723956
2.01426 0.000721007
2.01428 0.000718427
2.01431 0.000719229
2.01463 0.000701571
2.01464 0.00068765
2.01467 0.000676999
2.01469 0.00067074
2.01471 0.000665263
2.01474 0.000663531
2.01476 0.000662015
2.01479 0.000663749
2.01481 0.000665266
2.01484 0.000669653
2.01486 0.000673492
2.01489 0.000679911
2.01491 0.000685528
2.01493 0.000693503
2.01496 0.000700481
2.01498 0.000709646
2.01501 0.000717666
2.01503 0.000727743
2.01506 0.000736561
2.01507 0.000745806
2.01509 0.000753896
2.01512 0.000764054
2.01514 0.000772065
2.01516 0.000782134
2.01523 0.000760085
2.01525 0.000742322
2.01527 0.000728309
2.0153 0.000719108
2.01532 0.000711057
2.01534 0.000707072
2.01537 0.000703586
2.01539 0.000703595
2.01542 0.000703603
2.01544 0.00070667
2.01547 0.000709354
2.01549 0.000714762
2.01552 0.000719494
2.01554 0.000726695
2.01556 0.000732996
2.01559 0.000741569
2.01561 0.00074907
2.01564 0.000758694
2.01566 0.000767115
2.01569 0.000777543
2.01571 0.000786668
2.01574 0.000797712
2.01576 0.000807376
2.01579 0.000818892
2.01581 0.000828968
2.01583 0.000840845
2.01586 0.000851237
2.01588 0.00086339
2.01591 0.000874024
2.01593 0.000886389
2.01596 0.000897208
2.01598 0.000909735
2.01601 0.000920696
2.01603 0.000933347
2.01604 0.000938296
2.01607 0.000945687
2.01608 0.000950624
2.0161 0.000958004
2.01613 0.000964517
2.01614 0.000969564
2.01617 0.00097704
2.01619 0.000983582
2.01621 0.000992366
2.01629 0.000999976
2.0163 0.00100664
2.01632 0.00101246
2.01635 0.00102062
2.01637 0.00102776
2.0164 0.001034
2.01642 0.00103947
2.01645 0.00104731
2.01647 0.00105417
2.0165 0.00106018
2.01652 0.00106543
2.01654 0.00107003
2.01657 0.00107711
2.01659 0.00108331
2.01662 0.00108873
2.01664 0.00109347
2.01667 0.00110068
2.01668 0.00110546
2.0167 0.00110965
2.01674 0.00111178
2.01676 0.0011167
2.01679 0.00112101
2.01681 0.00112478
2.01684 0.00112808
2.01686 0.00113096
2.01689 0.00113349
2.01691 0.0011357
2.01694 0.00113763
2.01696 0.00114238
2.01697 0.00114501
2.017 0.00114731
2.01705 0.00114932
2.01707 0.00115414
2.01708 0.00115683
2.01711 0.00115918
2.01713 0.00116124
2.01716 0.00116304
2.01718 0.00116462
2.01721 0.00116906
2.01722 0.00116988
2.01724 0.0011706
2.01727 0.00117429
2.01729 0.00117599
2.0173 0.00117901
2.01733 0.00118004
2.01735 0.001184
2.01736 0.00118594
2.01739 0.00118764
2.01741 0.00118913
2.01749 0.00119042
2.0175 0.00119156
2.01752 0.00119256
2.01755 0.00119342
2.01757 0.00119419
2.0176 0.00119485
2.01762 0.00119543
2.01765 0.00119594
2.01767 0.00119639
2.0177 0.00119678
2.01772 0.00119712
2.01774 0.00119742
2.01777 0.00119768
2.01779 0.00119791
2.01782 0.00119811
2.01784 0.00119829
2.01787 0.00119844
2.01788 0.00119858
2.0179 0.00119869
2.01794 0.0011988
2.01796 0.00119889
2.01799 0.00119897
2.01801 0.00119903
2.01804 0.00119909
2.01806 0.00119915
2.01809 0.00119919
2.01811 0.00119923
2.01814 0.00119927
2.01816 0.0011993
2.01817 0.00119933
2.0182 0.00119935
2.01825 0.00119937
2.01827 0.00119939
2.01828 0.00119941
2.01831 0.00119942
2.01833 0.00119943
2.01836 0.00119944
2.01838 0.00119945
2.01841 0.00119946
2.01842 0.00119947
2.01844 0.00119947
2.01847 0.00119948
2.01849 0.00119948
2.0185 0.00119949
2.01853 0.00119949
2.01855 0.00119949
2.01856 0.0011995
2.01859 0.0011995
2.01861 0.0011995
2.01869 0.0011995
2.0187 0.00119951
2.01872 0.00119951
2.01875 0.00119951
2.01877 0.00119951
2.0188 0.00119951
2.01882 0.00119951
2.01885 0.00119951
2.01887 0.00119951
2.01889 0.00119951
2.10119 0.00119962
2.10124 0.00120325
2.10126 0.00120643
2.10129 0.00120922
2.1013 0.00121165
2.10132 0.00121378
2.10135 0.00121565
2.10136 0.00121728
2.10143 0.00113737
2.10146 0.0010705
2.10148 0.00101199
2.10151 0.00096386
2.10153 0.000921743
2.10155 0.000887951
2.10158 0.000858383
2.1016 0.000835571
2.10163 0.00081714
2.10165 0.000804073
2.10168 0.000792639
2.1017 0.000785695
2.10173 0.000776559
2.10175 0.000771625
2.10177 0.000767307
2.1018 0.000766589
2.10182 0.000767491
2.10185 0.00077134
2.10187 0.000774708
2.1019 0.000780715
2.10192 0.000785971
2.10195 0.00079363
2.10197 0.000800332
2.10199 0.000809256
2.10202 0.000817065
2.10204 0.000826957
2.10207 0.000835613
2.10209 0.000846247
2.1021 0.000855448
2.10212 0.000865029
2.10215 0.000871398
2.10218 0.000880031
2.1022 0.000887585
2.10223 0.000897254
2.10225 0.000905715
2.10226 0.000913118
2.10229 0.000919596
2.10231 0.000928324
2.10234 0.000935961
2.10235 0.000944173
2.10237 0.000952889
2.10244 0.000959237
2.10246 0.000967852
2.10248 0.00097539
2.10251 0.000981986
2.10253 0.000990817
2.10256 0.000998544
2.10258 0.00100531
2.10261 0.00101122
2.10263 0.00101946
2.10266 0.00102361
2.10268 0.0010303
2.1027 0.00103615
2.10273 0.00104127
2.10275 0.00104881
2.10278 0.00105541
2.1028 0.00106118
2.10283 0.00106623
2.10285 0.00107065
2.10288 0.00107452
2.1029 0.00108097
2.10294 0.00108508
2.10296 0.00109173
2.10297 0.00109602
2.103 0.00109978
2.10302 0.00110307
2.10305 0.00110594
2.10307 0.00110846
2.1031 0.00111372
2.10311 0.0011168
2.10313 0.00111949
2.10317 0.00112337
2.10319 0.00112677
2.10322 0.00112974
2.10324 0.00113234
2.10326 0.00113462
2.10327 0.00113661
2.1033 0.00113836
2.10333 0.00114294
2.10337 0.00114542
2.10339 0.00115065
2.1034 0.00115064
2.10341 0.00115216
2.10344 0.00115502
2.10348 0.00115599
2.1035 0.0011599
2.10351 0.00116179
2.10352 0.00116345
2.10355 0.0011649
2.10357 0.00116922
2.10363 0.00116995
2.10366 0.00117059
2.10368 0.0011742
2.10372 0.00117584
2.10375 0.00118033
2.10376 0.00118273
2.10378 0.00118483
2.10381 0.00118666
2.10382 0.00118674
2.10384 0.0011868
2.10388 0.00118839
2.1039 0.00118978
2.10393 0.001191
2.10395 0.00119206
2.10398 0.001193
2.104 0.00119381
2.10403 0.00119452
2.10405 0.00119515
2.10408 0.00119569
2.1041 0.00119617
2.10414 0.00119659
2.10416 0.00119696
2.10417 0.00119728
2.1042 0.00119756
2.10422 0.0011978
2.10425 0.00119801
2.10427 0.0011982
2.1043 0.00119837
2.10431 0.00119851
2.10433 0.00119864
2.10437 0.00119875
2.10439 0.00119884
2.10442 0.00119893
2.10444 0.001199
2.10446 0.00119907
2.10447 0.00119912
2.1045 0.00119917
2.10453 0.00119921
2.10457 0.00119925
2.10459 0.00119928
2.1046 0.00119931
2.10461 0.00119934
2.10464 0.00119936
2.10468 0.00119938
2.1047 0.0011994
2.10471 0.00119941
2.10472 0.00119943
2.10475 0.00119944
2.10477 0.00119945
2.10483 0.00119945
2.10486 0.00119946
2.10488 0.00119947
2.10492 0.00119948
2.10494 0.00119948
2.10496 0.00119948
2.10498 0.00119949
2.10501 0.00119949
2.10502 0.0011995
2.10504 0.0011995
2.10508 0.0011995
2.1051 0.0011995
2.10513 0.0011995
2.10515 0.00119951
2.10518 0.00119951
2.1052 0.00119951
2.10523 0.00119951
2.10525 0.00119951
2.10528 0.00119951
2.1053 0.00119951
2.10534 0.00119951
2.30122 0.00120305
2.30125 0.00120625
2.30128 0.00120906
2.30132 0.00121152
2.30134 0.00121366
2.30135 0.00121554
2.30136 0.00121719
2.30144 0.00113729
2.30146 0.00107043
2.30148 0.00101193
2.30151 0.000963806
2.30153 0.000923226
2.30156 0.000890778
2.30158 0.000862386
2.30161 0.000840603
2.30163 0.000821543
2.30166 0.000807926
2.30168 0.000796011
2.30171 0.000788645
2.30173 0.0007822
2.30175 0.000779621
2.30178 0.000777364
2.3018 0.000778449
2.30183 0.000780928
2.30185 0.000786158
2.30188 0.000790734
2.3019 0.000797798
2.30193 0.000802449
2.30195 0.000809578
2.30197 0.000815816
2.302 0.000824335
2.30202 0.000831789
2.30205 0.000841371
2.30207 0.000849755
2.30208 0.000858621
2.3021 0.000866379
2.30211 0.000874697
2.30212 0.000878441
2.30215 0.000884777
2.30217 0.000888677
2.30219 0.00089515
2.30222 0.000900814
2.30227 0.0009073
2.30229 0.000916035
2.30232 0.000923678
2.30234 0.000933426
2.30237 0.000943485
2.30239 0.000953817
2.30244 0.000960049
2.30246 0.000968562
2.30249 0.000976011
2.30251 0.000982529
2.30255 0.000989762
2.30257 0.000999151
2.3026 0.00100737
2.30262 0.00101762
2.30264 0.00102505
2.30266 0.00103156
2.30268 0.00103726
2.30271 0.00104224
2.30273 0.0010466
2.30276 0.00105347
2.30277 0.00105796
2.30279 0.00106188
2.30282 0.00106838
2.30284 0.00107406
2.30287 0.00107903
2.30292 0.00108338
2.30294 0.00109025
2.30295 0.00109473
2.30298 0.00109865
2.303 0.00110208
2.30303 0.00110814
2.30304 0.00111191
2.30306 0.00111521
2.3031 0.00111963
2.30313 0.00112349
2.30315 0.00112688
2.30317 0.00112984
2.3032 0.00113243
2.30322 0.00113469
2.30324 0.00113668
2.30325 0.00113994
2.30326 0.00114127
2.30327 0.00114243
2.3033 0.0011465
2.30332 0.00115007
2.30333 0.00115166
2.30336 0.00115305
2.30342 0.00115274
2.30346 0.001154
2.30348 0.00115816
2.3035 0.0011618
2.30352 0.00116345
2.30354 0.0011649
2.30357 0.00116617
2.3036 0.00116575
2.30363 0.00116538
2.30365 0.00116811
2.30368 0.00117051
2.30371 0.00117414
2.30375 0.00117731
2.30377 0.00118008
2.3038 0.00117945
2.30381 0.00118043
2.30384 0.00118282
2.30386 0.0011849
2.30388 0.00118673
2.30391 0.00118833
2.30393 0.00118973
2.30396 0.00119095
2.30397 0.00119202
2.30399 0.00119296
2.30402 0.00119378
2.30404 0.0011945
2.30407 0.00119512
2.30412 0.00119567
2.30414 0.00119615
2.30415 0.00119657
2.30418 0.00119694
2.3042 0.00119726
2.30423 0.00119754
2.30424 0.00119779
2.30426 0.00119801
2.3043 0.0011982
2.30432 0.00119836
2.30435 0.0011985
2.30437 0.00119863
2.3044 0.00119874
2.30442 0.00119884
2.30443 0.00119892
2.30445 0.001199
2.30446 0.00119906
2.30447 0.00119912
2.3045 0.00119917
2.30452 0.00119921
2.30453 0.00119925
2.30456 0.00119928
2.30462 0.00119931
2.30466 0.00119934
2.30468 0.00119936
2.3047 0.00119938
2.30472 0.0011994
2.30474 0.00119941
2.30477 0.00119943
2.3048 0.00119944
2.30483 0.00119945
2.30485 0.00119945
2.30488 0.00119946
2.30491 0.00119947
2.30495 0.00119948
2.30497 0.00119948
2.305 0.00119948
2.30501 0.00119949
2.30503 0.00119949
2.30506 0.0011995
2.30508 0.0011995
2.30511 0.0011995
2.30513 0.0011995
2.30516 0.0011995
2.30517 0.00119951
2.30519 0.00119951
2.30522 0.00119951
2.30524 0.00119951
2.30527 0.00119951
2.30532 0.00119951
2.30534 0.00119951
2.30535 0.00119951
