1.00047 65535
1.00097 131072
1.50014 1460
1.50041 38848
1.5013 46348
1.50163 38848
1.50174 46348
1.50217 38848
1.50238 46348
1.50272 38848
1.50289 46348
1.50327 38848
1.50343 46348
1.50374 38848
1.50388 46348
1.50421 38848
1.50436 46348
1.5047 38848
1.50488 46348
1.50515 38848
1.50529 46348
1.50556 38848
1.50574 46348
1.506 38848
1.50619 46348
1.5065 38848
1.50671 46348
1.50698 38848
1.50716 46348
1.50742 38848
1.50759 46348
1.50786 38848
1.50802 46348
1.5083 38848
1.50833 46348
1.50835 38848
1.50847 46348
1.50878 38848
1.50899 46348
1.50923 38848
1.50939 46348
1.50967 38848
1.5097 46348
1.50972 38848
1.50985 46348
1.5101 38848
1.51027 46348
1.51059 38848
1.51076 46348
1.51109 38848
1.51125 46348
1.51152 38848
1.51169 46348
1.51195 38848
1.51212 46348
1.51245 38848
1.51266 46348
1.51292 38848
1.51309 46348
1.51337 38848
1.51354 46348
1.5138 38848
1.51397 46348
1.5143 38848
1.51447 46348
1.51475 38848
1.51494 46348
1.51519 38848
1.51537 46348
1.51562 38848
1.51579 46348
1.51612 38848
1.51633 46348
1.51659 38848
1.51676 46348
1.51704 38848
1.51721 46348
1.51747 38848
1.51764 46348
1.51797 38848
1.51813 46348
1.51843 38848
1.51857 46348
1.51884 38848
1.51901 46348
1.51929 38848
1.51945 46348
1.51977 38848
1.51998 46348
1.52024 38848
1.52041 46348
1.52069 38848
1.52087 46348
1.52114 38848
1.52131 46348
1.52158 38848
1.52175 46348
1.52207 38848
1.52223 46348
1.52251 38848
1.52267 46348
1.52294 38848
1.52311 46348
1.5234 38848
1.52354 46348
1.52382 38848
1.52399 46348
1.52425 38848
1.52445 46348
1.5247 38848
1.52486 46348
1.52513 38848
1.5253 46348
1.52557 38848
1.52573 46348
1.52601 38848
1.5262 46348
1.52644 38848
1.52661 46348
1.52688 38848
1.52705 46348
1.52732 38848
1.52751 46348
1.52776 38848
1.52791 46348
1.52819 38848
1.52836 46348
1.52863 38848
1.52881 46348
1.52907 38848
1.52926 46348
1.52952 38848
1.52966 46348
1.52994 38848
1.53011 46348
1.53037 38848
1.53054 46348
1.53082 38848
1.53097 46348
1.53125 38848
1.53142 46348
1.53168 38848
1.53185 46348
1.53213 38848
1.53232 46348
1.53258 38848
1.53272 46348
1.533 38848
1.53317 46348
1.53343 38848
1.5336 46348
1.53388 38848
1.53403 46348
1.53431 38848
1.53448 46348
1.53474 38848
1.53491 46348
1.53519 38848
1.53538 46348
1.53564 38848
1.53578 46348
1.53606 38848
1.53623 46348
1.53649 38848
1.53666 46348
1.53694 38848
1.53709 46348
1.53737 38848
1.53754 46348
1.5378 38848
1.53797 46348
1.53825 38848
1.53844 46348
1.5387 38848
1.53884 46348
1.53912 38848
1.53929 46348
1.53955 38848
1.53972 46348
1.54 38848
1.54015 46348
1.54043 38848
1.5406 46348
1.54086 38848
1.54103 46348
1.54131 38848
1.5415 46348
1.54176 38848
1.5419 46348
1.54218 38848
1.54235 46348
1.54261 38848
1.54278 46348
1.54306 38848
1.54321 46348
1.54349 38848
1.54366 46348
1.54392 38848
1.54409 46348
1.54437 38848
1.54456 46348
1.54482 38848
1.54496 46348
1.54524 38848
1.54541 46348
1.54567 38848
1.54584 46348
1.54612 38848
1.54627 46348
1.54655 38848
1.54672 46348
1.54698 38848
1.54715 46348
1.54743 38848
1.54762 46348
1.54788 38848
1.54802 46348
1.5483 38848
1.54847 46348
1.54873 38848
1.5489 46348
1.54918 38848
1.54933 46348
1.54961 38848
1.54978 46348
1.55004 38848
1.55021 46348
1.55049 38848
1.55068 46348
1.55094 38848
1.55108 46348
1.55136 38848
1.55153 46348
1.55179 38848
1.55196 46348
1.55224 38848
1.55239 46348
1.55267 38848
1.55284 46348
1.5531 38848
1.55327 46348
1.55355 38848
1.55374 46348
1.554 38848
1.55414 46348
1.55442 38848
1.55459 46348
1.55485 38848
1.55502 46348
1.5553 38848
1.55545 46348
1.55573 38848
1.5559 46348
1.55616 38848
1.55633 46348
1.55661 38848
1.5568 46348
1.55706 38848
1.5572 46348
1.55748 38848
1.55765 46348
1.55791 38848
1.55808 46348
1.55836 38848
1.55851 46348
1.55879 38848
1.55896 46348
1.55922 38848
1.55939 46348
1.55967 38848
1.55986 46348
1.56012 38848
1.56026 46348
1.56054 38848
1.56071 46348
1.56097 38848
1.56114 46348
1.56142 38848
1.56157 46348
1.56185 38848
1.56202 46348
1.56228 38848
1.56245 46348
1.56273 38848
1.56292 46348
1.56318 38848
1.56332 46348
1.5636 38848
1.56377 46348
1.56403 38848
1.5642 46348
1.56448 38848
1.56463 46348
1.56491 38848
1.56508 46348
1.56534 38848
1.56551 46348
1.56579 38848
1.56598 46348
1.56624 38848
1.56638 46348
1.56666 38848
1.56683 46348
1.56709 38848
1.56726 46348
1.56754 38848
1.56769 46348
1.56797 38848
1.56814 46348
1.5684 38848
1.56857 46348
1.56885 38848
1.56904 46348
1.5693 38848
1.56944 46348
1.56972 38848
1.56989 46348
1.57015 38848
1.57032 46348
1.5706 38848
1.57075 46348
1.57103 38848
1.5712 46348
1.57146 38848
1.57163 46348
1.57191 38848
1.5721 46348
1.57236 38848
1.5725 46348
1.57278 38848
1.57295 46348
1.57321 38848
1.57338 46348
1.57366 38848
1.57381 46348
1.57409 38848
1.57426 46348
1.57452 38848
1.57469 46348
1.57497 38848
1.57516 46348
1.57542 38848
1.57556 46348
1.57584 38848
1.57601 46348
1.57627 38848
1.57644 46348
1.57672 38848
1.57687 46348
1.57715 38848
1.57732 46348
1.57758 38848
1.57775 46348
1.57803 38848
1.57822 46348
1.57848 38848
1.57862 46348
1.5789 38848
1.57907 46348
1.57933 38848
1.5795 46348
1.57978 38848
1.57993 46348
1.58021 38848
1.58038 46348
1.58064 38848
1.58081 46348
1.58109 38848
1.58128 46348
1.58154 38848
1.58168 46348
1.58196 38848
1.58213 46348
1.58239 38848
1.58256 46348
1.58284 38848
1.58299 46348
1.58327 38848
1.58344 46348
1.5837 38848
1.58387 46348
1.58415 38848
1.58434 46348
1.5846 38848
1.58474 46348
1.58502 38848
1.58519 46348
1.58545 38848
1.58562 46348
1.5859 38848
1.58605 46348
1.58633 38848
1.5865 46348
1.58676 38848
1.58693 46348
1.58721 38848
1.5874 46348
1.58766 38848
1.5878 46348
1.58808 38848
1.58825 46348
1.58851 38848
1.58868 46348
1.58896 38848
1.58911 46348
1.58939 38848
1.58956 46348
1.58982 38848
1.58999 46348
1.59027 38848
1.59046 46348
1.59072 38848
1.59086 46348
1.59114 38848
1.59131 46348
1.59157 38848
1.59174 46348
1.59202 38848
1.59217 46348
1.59245 38848
1.59262 46348
1.59288 38848
1.59305 46348
1.59333 38848
1.59352 46348
1.59378 38848
1.59392 46348
1.5942 38848
1.59437 46348
1.59463 38848
1.5948 46348
1.59508 38848
1.59523 46348
1.59551 38848
1.59568 46348
1.59594 38848
1.59611 46348
1.59639 38848
1.59658 46348
1.59684 38848
1.59698 46348
1.59726 38848
1.59743 46348
1.59769 38848
1.59786 46348
1.59814 38848
1.59829 46348
1.59857 38848
1.59874 46348
1.599 38848
1.59917 46348
1.59945 38848
1.59964 46348
1.5999 38848
1.60004 46348
1.60032 38848
1.60049 46348
1.60075 38848
1.60092 46348
1.6012 38848
1.60135 46348
1.60163 38848
1.6018 46348
1.60206 38848
1.60223 46348
1.60251 38848
1.6027 46348
1.60296 38848
1.6031 46348
1.60338 38848
1.60355 46348
1.60381 38848
1.60398 46348
1.60426 38848
1.60441 46348
1.60469 38848
1.60486 46348
1.60512 38848
1.60529 46348
1.60557 38848
1.60576 46348
1.60602 38848
1.60616 46348
1.60644 38848
1.60661 46348
1.60687 38848
1.60704 46348
1.60732 38848
1.60747 46348
1.60775 38848
1.60792 46348
1.60818 38848
1.60835 46348
1.60863 38848
1.60882 46348
1.60908 38848
1.60922 46348
1.6095 38848
1.60967 46348
1.60993 38848
1.6101 46348
1.61038 38848
1.61053 46348
1.61081 38848
1.61098 46348
1.61124 38848
1.61141 46348
1.61169 38848
1.61188 46348
1.61214 38848
1.61228 46348
1.61256 38848
1.61273 46348
1.61299 38848
1.61316 46348
1.61344 38848
1.61359 46348
1.61387 38848
1.61404 46348
1.6143 38848
1.61447 46348
1.61475 38848
1.61494 46348
1.6152 38848
1.61534 46348
1.61562 38848
1.61579 46348
1.61605 38848
1.61622 46348
1.6165 38848
1.61665 46348
1.61693 38848
1.6171 46348
1.61736 38848
1.61753 46348
1.61781 38848
1.618 46348
1.61826 38848
1.6184 46348
1.61868 38848
1.61885 46348
1.61911 38848
1.61928 46348
1.61956 38848
1.61971 46348
1.61999 38848
1.62016 46348
1.62042 38848
1.62059 46348
1.62087 38848
1.62106 46348
1.62132 38848
1.62146 46348
1.62174 38848
1.62191 46348
1.62217 38848
1.62234 46348
1.62262 38848
1.62277 46348
1.62305 38848
1.62322 46348
1.62348 38848
1.62365 46348
1.62393 38848
1.62412 46348
1.62438 38848
1.62452 46348
1.6248 38848
1.62497 46348
1.62523 38848
1.6254 46348
1.62568 38848
1.62583 46348
1.62611 38848
1.62628 46348
1.62654 38848
1.62671 46348
1.62699 38848
1.62718 46348
1.62744 38848
1.62758 46348
1.62786 38848
1.62803 46348
1.62829 38848
1.62846 46348
1.62874 38848
1.62889 46348
1.62917 38848
1.62934 46348
1.6296 38848
1.62977 46348
1.63005 38848
1.63024 46348
1.6305 38848
1.63064 46348
1.63092 38848
1.63109 46348
1.63135 38848
1.63152 46348
1.6318 38848
1.63195 46348
1.63223 38848
1.6324 46348
1.63266 38848
1.63283 46348
1.63311 38848
1.6333 46348
1.63356 38848
1.6337 46348
1.63398 38848
1.63415 46348
1.63441 38848
1.63458 46348
1.63486 38848
1.63501 46348
1.63529 38848
1.63546 46348
1.63572 38848
1.63589 46348
1.63617 38848
1.63636 46348
1.63662 38848
1.63676 46348
1.63704 38848
1.63721 46348
1.63747 38848
1.63764 46348
1.63792 38848
1.63807 46348
1.63835 38848
1.63852 46348
1.63878 38848
1.63895 46348
1.63923 38848
1.63942 46348
1.63968 38848
1.63982 46348
1.6401 38848
1.64027 46348
1.64053 38848
1.6407 46348
1.64098 38848
1.64113 46348
1.64141 38848
1.64158 46348
1.64184 38848
1.64201 46348
1.64229 38848
1.64248 46348
1.64274 38848
1.64288 46348
1.64316 38848
1.64333 46348
1.64359 38848
1.64376 46348
1.64404 38848
1.64419 46348
1.64447 38848
1.64464 46348
1.6449 38848
1.64507 46348
1.64535 38848
1.64554 46348
1.6458 38848
1.64594 46348
1.64622 38848
1.64639 46348
1.64665 38848
1.64682 46348
1.6471 38848
1.64725 46348
1.64753 38848
1.6477 46348
1.64796 38848
1.64813 46348
1.64841 38848
1.6486 46348
1.64886 38848
1.649 46348
1.64928 38848
1.64945 46348
1.64971 38848
1.64988 46348
1.65016 38848
1.65031 46348
1.65059 38848
1.65076 46348
1.65102 38848
1.65119 46348
1.65147 38848
1.65166 46348
1.65192 38848
1.65206 46348
1.65234 38848
1.65251 46348
1.65277 38848
1.65294 46348
1.65322 38848
1.65337 46348
1.65365 38848
1.65382 46348
1.65408 38848
1.65425 46348
1.65453 38848
1.65472 46348
1.65498 38848
1.65512 46348
1.6554 38848
1.65557 46348
1.65583 38848
1.656 46348
1.65628 38848
1.65643 46348
1.65671 38848
1.65688 46348
1.65714 38848
1.65731 46348
1.65759 38848
1.65778 46348
1.65804 38848
1.65818 46348
1.65846 38848
1.65863 46348
1.65889 38848
1.65906 46348
1.65934 38848
1.65949 46348
1.65977 38848
1.65994 46348
1.6602 38848
1.66037 46348
1.66065 38848
1.66084 46348
1.6611 38848
1.66124 46348
1.66152 38848
1.66169 46348
1.66195 38848
1.66212 46348
1.6624 38848
1.66255 46348
1.66283 38848
1.663 46348
1.66326 38848
1.66343 46348
1.66371 38848
1.6639 46348
1.66416 38848
1.6643 46348
1.66458 38848
1.66475 46348
1.66501 38848
1.66518 46348
1.66546 38848
1.66561 46348
1.66589 38848
1.66606 46348
1.66632 38848
1.66649 46348
1.66677 38848
1.66696 46348
1.66722 38848
1.66736 46348
1.66764 38848
1.66781 46348
1.66807 38848
1.66824 46348
1.66852 38848
1.66867 46348
1.66895 38848
1.66912 46348
1.66938 38848
1.66955 46348
1.66983 38848
1.67002 46348
1.67028 38848
1.67042 46348
1.6707 38848
1.67087 46348
1.67113 38848
1.6713 46348
1.67158 38848
1.67173 46348
1.67201 38848
1.67218 46348
1.67244 38848
1.67261 46348
1.67289 38848
1.67308 46348
1.67334 38848
1.67348 46348
1.67376 38848
1.67393 46348
1.67419 38848
1.67436 46348
1.67464 38848
1.67479 46348
1.67507 38848
1.67524 46348
1.6755 38848
1.67567 46348
1.67595 38848
1.67614 46348
1.6764 38848
1.67654 46348
1.67682 38848
1.67699 46348
1.67725 38848
1.67742 46348
1.6777 38848
1.67785 46348
1.67813 38848
1.6783 46348
1.67856 38848
1.67873 46348
1.67901 38848
1.6792 46348
1.67946 38848
1.6796 46348
1.67988 38848
1.68005 46348
1.68031 38848
1.68048 46348
1.68076 38848
1.68091 46348
1.68119 38848
1.68136 46348
1.68162 38848
1.68179 46348
1.68207 38848
1.68226 46348
1.68252 38848
1.68266 46348
1.68294 38848
1.68311 46348
1.68337 38848
1.68354 46348
1.68382 38848
1.68397 46348
1.68425 38848
1.68442 46348
1.68468 38848
1.68485 46348
1.68513 38848
1.68532 46348
1.68558 38848
1.68572 46348
1.686 38848
1.68617 46348
1.68643 38848
1.6866 46348
1.68688 38848
1.68703 46348
1.68731 38848
1.68748 46348
1.68774 38848
1.68791 46348
1.68819 38848
1.68838 46348
1.68864 38848
1.68878 46348
1.68906 38848
1.68923 46348
1.68949 38848
1.68966 46348
1.68994 38848
1.69009 46348
1.69037 38848
1.69054 46348
1.6908 38848
1.69097 46348
1.69125 38848
1.69144 46348
1.6917 38848
1.69184 46348
1.69212 38848
1.69229 46348
1.69255 38848
1.69272 46348
1.693 38848
1.69315 46348
1.69343 38848
1.6936 46348
1.69386 38848
1.69403 46348
1.69431 38848
1.6945 46348
1.69476 38848
1.6949 46348
1.69518 38848
1.69535 46348
1.69561 38848
1.69578 46348
1.69606 38848
1.69621 46348
1.69649 38848
1.69666 46348
1.69692 38848
1.69709 46348
1.69737 38848
1.69756 46348
1.69782 38848
1.69796 46348
1.69824 38848
1.69841 46348
1.69867 38848
1.69884 46348
1.69912 38848
1.69927 46348
1.69955 38848
1.69972 46348
1.69998 38848
1.70015 46348
1.70043 38848
1.70062 46348
1.70088 38848
1.70102 46348
1.7013 38848
1.70147 46348
1.70173 38848
1.7019 46348
1.70218 38848
1.70233 46348
1.70261 38848
1.70278 46348
1.70304 38848
1.70321 46348
1.70349 38848
1.70368 46348
1.70394 38848
1.70408 46348
1.70436 38848
1.70453 46348
1.70479 38848
1.70496 46348
1.70524 38848
1.70539 46348
1.70567 38848
1.70584 46348
1.7061 38848
1.70627 46348
1.70655 38848
1.70674 46348
1.707 38848
1.70714 46348
1.70742 38848
1.70759 46348
1.70785 38848
1.70802 46348
1.7083 38848
1.70845 46348
1.70873 38848
1.7089 46348
1.70916 38848
1.70933 46348
1.70961 38848
1.7098 46348
1.71006 38848
1.7102 46348
1.71048 38848
1.71065 46348
1.71091 38848
1.71108 46348
1.71136 38848
1.71151 46348
1.71179 38848
1.71196 46348
1.71222 38848
1.71239 46348
1.71267 38848
1.71286 46348
1.71312 38848
1.71326 46348
1.71354 38848
1.71371 46348
1.71397 38848
1.71414 46348
1.71442 38848
1.71457 46348
1.71485 38848
1.71502 46348
1.71528 38848
1.71545 46348
1.71573 38848
1.71592 46348
1.71618 38848
1.71632 46348
1.7166 38848
1.71677 46348
1.71703 38848
1.7172 46348
1.71748 38848
1.71763 46348
1.71791 38848
1.71808 46348
1.71834 38848
1.71851 46348
1.71879 38848
1.71898 46348
1.71924 38848
1.71938 46348
1.71966 38848
1.71983 46348
1.72009 38848
1.72026 46348
1.72054 38848
1.72069 46348
1.72097 38848
1.72114 46348
1.7214 38848
1.72157 46348
1.72185 38848
1.72204 46348
1.7223 38848
1.72244 46348
1.72272 38848
1.72289 46348
1.72315 38848
1.72332 46348
1.7236 38848
1.72375 46348
1.72403 38848
1.7242 46348
1.72446 38848
1.72463 46348
1.72491 38848
1.7251 46348
1.72536 38848
1.7255 46348
1.72578 38848
1.72595 46348
1.72621 38848
1.72638 46348
1.72666 38848
1.72681 46348
1.72709 38848
1.72726 46348
1.72752 38848
1.72769 46348
1.72797 38848
1.72816 46348
1.72842 38848
1.72856 46348
1.72884 38848
1.72901 46348
1.72927 38848
1.72944 46348
1.72972 38848
1.72987 46348
1.73015 38848
1.73032 46348
1.73058 38848
1.73075 46348
1.73103 38848
1.73122 46348
1.73148 38848
1.73162 46348
1.7319 38848
1.73207 46348
1.73233 38848
1.7325 46348
1.73278 38848
1.73293 46348
1.73321 38848
1.73338 46348
1.73364 38848
1.73381 46348
1.73409 38848
1.73428 46348
1.73454 38848
1.73468 46348
1.73496 38848
1.73513 46348
1.73539 38848
1.73556 46348
1.73584 38848
1.73599 46348
1.73627 38848
1.73644 46348
1.7367 38848
1.73687 46348
1.73715 38848
1.73734 46348
1.7376 38848
1.73774 46348
1.73802 38848
1.73819 46348
1.73845 38848
1.73862 46348
1.7389 38848
1.73905 46348
1.73933 38848
1.7395 46348
1.73976 38848
1.73993 46348
1.74021 38848
1.7404 46348
1.74066 38848
1.7408 46348
1.74108 38848
1.74125 46348
1.74151 38848
1.74168 46348
1.74196 38848
1.74211 46348
1.74239 38848
1.74256 46348
1.74282 38848
1.74299 46348
1.74327 38848
1.74346 46348
1.74372 38848
1.74386 46348
1.74414 38848
1.74431 46348
1.74457 38848
1.74474 46348
1.74502 38848
1.74517 46348
1.74545 38848
1.74562 46348
1.74588 38848
1.74605 46348
1.74633 38848
1.74652 46348
1.74678 38848
1.74692 46348
1.7472 38848
1.74737 46348
1.74763 38848
1.7478 46348
1.74808 38848
1.74823 46348
1.74851 38848
1.74868 46348
1.74894 38848
1.74911 46348
1.74939 38848
1.74958 46348
1.74984 38848
1.74998 46348
1.75026 38848
1.75043 46348
1.75069 38848
1.75086 46348
1.75114 38848
1.75129 46348
1.75157 38848
1.75174 46348
1.752 38848
1.75217 46348
1.75245 38848
1.75264 46348
1.7529 38848
1.75304 46348
1.75332 38848
1.75349 46348
1.75375 38848
1.75392 46348
1.7542 38848
1.75435 46348
1.75463 38848
1.7548 46348
1.75506 38848
1.75523 46348
1.75551 38848
1.7557 46348
1.75596 38848
1.7561 46348
1.75638 38848
1.75655 46348
1.75681 38848
1.75698 46348
1.75726 38848
1.75741 46348
1.75769 38848
1.75786 46348
1.75812 38848
1.75829 46348
1.75857 38848
1.75876 46348
1.75902 38848
1.75916 46348
1.75944 38848
1.75961 46348
1.75987 38848
1.76004 46348
1.76032 38848
1.76047 46348
1.76075 38848
1.76092 46348
1.76118 38848
1.76135 46348
1.76163 38848
1.76182 46348
1.76208 38848
1.76222 46348
1.7625 38848
1.76267 46348
1.76293 38848
1.7631 46348
1.76338 38848
1.76353 46348
1.76381 38848
1.76398 46348
1.76424 38848
1.76441 46348
1.76469 38848
1.76488 46348
1.76514 38848
1.76528 46348
1.76556 38848
1.76573 46348
1.76599 38848
1.76616 46348
1.76644 38848
1.76659 46348
1.76687 38848
1.76704 46348
1.7673 38848
1.76747 46348
1.76775 38848
1.76794 46348
1.7682 38848
1.76834 46348
1.76862 38848
1.76879 46348
1.76905 38848
1.76922 46348
1.7695 38848
1.76965 46348
1.76993 38848
1.7701 46348
1.77036 38848
1.77053 46348
1.77081 38848
1.771 46348
1.77126 38848
1.7714 46348
1.77168 38848
1.77185 46348
1.77211 38848
1.77228 46348
1.77256 38848
1.77271 46348
1.77299 38848
1.77316 46348
1.77342 38848
1.77359 46348
1.77387 38848
1.77406 46348
1.77432 38848
1.77446 46348
1.77474 38848
1.77491 46348
1.77517 38848
1.77534 46348
1.77562 38848
1.77577 46348
1.77605 38848
1.77622 46348
1.77648 38848
1.77665 46348
1.77693 38848
1.77712 46348
1.77738 38848
1.77752 46348
1.7778 38848
1.77797 46348
1.77823 38848
1.7784 46348
1.77868 38848
1.77883 46348
1.77911 38848
1.77928 46348
1.77954 38848
1.77971 46348
1.77999 38848
1.78018 46348
1.78044 38848
1.78058 46348
1.78086 38848
1.78103 46348
1.78129 38848
1.78146 46348
1.78174 38848
1.78189 46348
1.78217 38848
1.78234 46348
1.7826 38848
1.78277 46348
1.78305 38848
1.78324 46348
1.7835 38848
1.78364 46348
1.78392 38848
1.78409 46348
1.78435 38848
1.78452 46348
1.7848 38848
1.78495 46348
1.78523 38848
1.7854 46348
1.78566 38848
1.78583 46348
1.78611 38848
1.7863 46348
1.78656 38848
1.7867 46348
1.78698 38848
1.78715 46348
1.78741 38848
1.78758 46348
1.78786 38848
1.78801 46348
1.78829 38848
1.78846 46348
1.78872 38848
1.78889 46348
1.78917 38848
1.78936 46348
1.78962 38848
1.78976 46348
1.79004 38848
1.79021 46348
1.79047 38848
1.79064 46348
1.79092 38848
1.79107 46348
1.79135 38848
1.79152 46348
1.79178 38848
1.79195 46348
1.79223 38848
1.79242 46348
1.79268 38848
1.79282 46348
1.7931 38848
1.79327 46348
1.79353 38848
1.7937 46348
1.79398 38848
1.79413 46348
1.79441 38848
1.79458 46348
1.79484 38848
1.79501 46348
1.79529 38848
1.79548 46348
1.79574 38848
1.79588 46348
1.79616 38848
1.79633 46348
1.79659 38848
1.79676 46348
1.79704 38848
1.79719 46348
1.79747 38848
1.79764 46348
1.7979 38848
1.79807 46348
1.79835 38848
1.79854 46348
1.7988 38848
1.79894 46348
1.79922 38848
1.79939 46348
1.79965 38848
1.79982 46348
1.8001 38848
1.80025 46348
1.80053 38848
1.8007 46348
1.80096 38848
1.80113 46348
1.80141 38848
1.8016 46348
1.80186 38848
1.802 46348
1.80228 38848
1.80245 46348
1.80271 38848
1.80288 46348
1.80316 38848
1.80331 46348
1.80359 38848
1.80376 46348
1.80402 38848
1.80419 46348
1.80447 38848
1.80466 46348
1.80492 38848
1.80506 46348
1.80534 38848
1.80551 46348
1.80577 38848
1.80594 46348
1.80622 38848
1.80637 46348
1.80665 38848
1.80682 46348
1.80708 38848
1.80725 46348
1.80753 38848
1.80772 46348
1.80798 38848
1.80812 46348
1.8084 38848
1.80857 46348
1.80883 38848
1.809 46348
1.80928 38848
1.80943 46348
1.80971 38848
1.80988 46348
1.81014 38848
1.81031 46348
1.81059 38848
1.81078 46348
1.81104 38848
1.81118 46348
1.81146 38848
1.81163 46348
1.81189 38848
1.81206 46348
1.81234 38848
1.81249 46348
1.81277 38848
1.81294 46348
1.8132 38848
1.81337 46348
1.81365 38848
1.81384 46348
1.8141 38848
1.81424 46348
1.81452 38848
1.81469 46348
1.81495 38848
1.81512 46348
1.8154 38848
1.81555 46348
1.81583 38848
1.816 46348
1.81626 38848
1.81643 46348
1.81671 38848
1.8169 46348
1.81716 38848
1.8173 46348
1.81758 38848
1.81775 46348
1.81801 38848
1.81818 46348
1.81846 38848
1.81861 46348
1.81889 38848
1.81906 46348
1.81932 38848
1.81949 46348
1.81977 38848
1.81996 46348
1.82022 38848
1.82036 46348
1.82064 38848
1.82081 46348
1.82107 38848
1.82124 46348
1.82152 38848
1.82167 46348
1.82195 38848
1.82212 46348
1.82238 38848
1.82255 46348
1.82283 38848
1.82302 46348
1.82328 38848
1.82342 46348
1.8237 38848
1.82387 46348
1.82413 38848
1.8243 46348
1.82458 38848
1.82473 46348
1.82501 38848
1.82518 46348
1.82544 38848
1.82561 46348
1.82589 38848
1.82608 46348
1.82634 38848
1.82648 46348
1.82676 38848
1.82693 46348
1.82719 38848
1.82736 46348
1.82764 38848
1.82779 46348
1.82807 38848
1.82824 46348
1.8285 38848
1.82867 46348
1.82895 38848
1.82914 46348
1.8294 38848
1.82954 46348
1.82982 38848
1.82999 46348
1.83025 38848
1.83042 46348
1.8307 38848
1.83085 46348
1.83113 38848
1.8313 46348
1.83156 38848
1.83173 46348
1.83201 38848
1.8322 46348
1.83246 38848
1.8326 46348
1.83288 38848
1.83305 46348
1.83331 38848
1.83348 46348
1.83376 38848
1.83391 46348
1.83419 38848
1.83436 46348
1.83462 38848
1.83479 46348
1.83507 38848
1.83526 46348
1.83552 38848
1.83566 46348
1.83594 38848
1.83611 46348
1.83637 38848
1.83654 46348
1.83682 38848
1.83697 46348
1.83725 38848
1.83742 46348
1.83768 38848
1.83785 46348
1.83813 38848
1.83832 46348
1.83858 38848
1.83872 46348
1.839 38848
1.83917 46348
1.83943 38848
1.8396 46348
1.83988 38848
1.84003 46348
1.84031 38848
1.84048 46348
1.84074 38848
1.84091 46348
1.84119 38848
1.84138 46348
1.84164 38848
1.84178 46348
1.84206 38848
1.84223 46348
1.84249 38848
1.84266 46348
1.84294 38848
1.84309 46348
1.84337 38848
1.84354 46348
1.8438 38848
1.84397 46348
1.84425 38848
1.84444 46348
1.8447 38848
1.84484 46348
1.84512 38848
1.84529 46348
1.84555 38848
1.84572 46348
1.846 38848
1.84615 46348
1.84643 38848
1.8466 46348
1.84686 38848
1.84703 46348
1.84731 38848
1.8475 46348
1.84776 38848
1.8479 46348
1.84818 38848
1.84835 46348
1.84861 38848
1.84878 46348
1.84906 38848
1.84921 46348
1.84949 38848
1.84966 46348
1.84992 38848
1.85009 46348
1.85037 38848
1.85056 46348
1.85082 38848
1.85096 46348
1.85124 38848
1.85141 46348
1.85167 38848
1.85184 46348
1.85212 38848
1.85227 46348
1.85255 38848
1.85272 46348
1.85298 38848
1.85315 46348
1.85343 38848
1.85362 46348
1.85388 38848
1.85402 46348
1.8543 38848
1.85447 46348
1.85473 38848
1.8549 46348
1.85518 38848
1.85533 46348
1.85561 38848
1.85578 46348
1.85604 38848
1.85621 46348
1.85649 38848
1.85668 46348
1.85694 38848
1.85708 46348
1.85736 38848
1.85753 46348
1.85779 38848
1.85796 46348
1.85824 38848
1.85839 46348
1.85867 38848
1.85884 46348
1.8591 38848
1.85927 46348
1.85955 38848
1.85974 46348
1.86 38848
1.86014 46348
1.86042 38848
1.86059 46348
1.86085 38848
1.86102 46348
1.8613 38848
1.86145 46348
1.86173 38848
1.8619 46348
1.86216 38848
1.86233 46348
1.86261 38848
1.8628 46348
1.86306 38848
1.8632 46348
1.86348 38848
1.86365 46348
1.86391 38848
1.86408 46348
1.86436 38848
1.86451 46348
1.86479 38848
1.86496 46348
1.86522 38848
1.86539 46348
1.86567 38848
1.86586 46348
1.86612 38848
1.86626 46348
1.86654 38848
1.86671 46348
1.86697 38848
1.86714 46348
1.86742 38848
1.86757 46348
1.86785 38848
1.86802 46348
1.86828 38848
1.86845 46348
1.86873 38848
1.86892 46348
1.86918 38848
1.86932 46348
1.8696 38848
1.86977 46348
1.87003 38848
1.8702 46348
1.87048 38848
1.87063 46348
1.87091 38848
1.87108 46348
1.87134 38848
1.87151 46348
1.87179 38848
1.87198 46348
1.87224 38848
1.87238 46348
1.87266 38848
1.87283 46348
1.87309 38848
1.87326 46348
1.87354 38848
1.87369 46348
1.87397 38848
1.87414 46348
1.8744 38848
1.87457 46348
1.87485 38848
1.87504 46348
1.8753 38848
1.87544 46348
1.87572 38848
1.87589 46348
1.87615 38848
1.87632 46348
1.8766 38848
1.87675 46348
1.87703 38848
1.8772 46348
1.87746 38848
1.87763 46348
1.87791 38848
1.8781 46348
1.87836 38848
1.8785 46348
1.87878 38848
1.87895 46348
1.87921 38848
1.87938 46348
1.87966 38848
1.87981 46348
1.88009 38848
1.88026 46348
1.88052 38848
1.88069 46348
1.88097 38848
1.88116 46348
1.88142 38848
1.88156 46348
1.88184 38848
1.88201 46348
1.88227 38848
1.88244 46348
1.88272 38848
1.88287 46348
1.88315 38848
1.88332 46348
1.88358 38848
1.88375 46348
1.88403 38848
1.88422 46348
1.88448 38848
1.88462 46348
1.8849 38848
1.88507 46348
1.88533 38848
1.8855 46348
1.88578 38848
1.88593 46348
1.88621 38848
1.88638 46348
1.88664 38848
1.88681 46348
1.88709 38848
1.88728 46348
1.88754 38848
1.88768 46348
1.88796 38848
1.88813 46348
1.88839 38848
1.88856 46348
1.88884 38848
1.88899 46348
1.88927 38848
1.88944 46348
1.8897 38848
1.88987 46348
1.89015 38848
1.89034 46348
1.8906 38848
1.89074 46348
1.89102 38848
1.89119 46348
1.89145 38848
1.89162 46348
1.8919 38848
1.89205 46348
1.89233 38848
1.8925 46348
1.89276 38848
1.89293 46348
1.89321 38848
1.8934 46348
1.89366 38848
1.8938 46348
1.89408 38848
1.89425 46348
1.89451 38848
1.89468 46348
1.89496 38848
1.89511 46348
1.89539 38848
1.89556 46348
1.89582 38848
1.89599 46348
1.89627 38848
1.89646 46348
1.89672 38848
1.89686 46348
1.89714 38848
1.89731 46348
1.89757 38848
1.89774 46348
1.89802 38848
1.89817 46348
1.89845 38848
1.89862 46348
1.89888 38848
1.89905 46348
1.89933 38848
1.89952 46348
1.89978 38848
1.89992 46348
1.9002 38848
1.90037 46348
1.90063 38848
1.9008 46348
1.90108 38848
1.90123 46348
1.90151 38848
1.90168 46348
1.90194 38848
1.90211 46348
1.90239 38848
1.90258 46348
1.90284 38848
1.90298 46348
1.90326 38848
1.90343 46348
1.90369 38848
1.90386 46348
1.90414 38848
1.90429 46348
1.90457 38848
1.90474 46348
1.905 38848
1.90517 46348
1.90545 38848
1.90564 46348
1.9059 38848
1.90604 46348
1.90632 38848
1.90649 46348
1.90675 38848
1.90692 46348
1.9072 38848
1.90735 46348
1.90763 38848
1.9078 46348
1.90806 38848
1.90823 46348
1.90851 38848
1.9087 46348
1.90896 38848
1.9091 46348
1.90938 38848
1.90955 46348
1.90981 38848
1.90998 46348
1.91026 38848
1.91041 46348
1.91069 38848
1.91086 46348
1.91112 38848
1.91129 46348
1.91157 38848
1.91176 46348
1.91202 38848
1.91216 46348
1.91244 38848
1.91261 46348
1.91287 38848
1.91304 46348
1.91332 38848
1.91347 46348
1.91375 38848
1.91392 46348
1.91418 38848
1.91435 46348
1.91463 38848
1.91482 46348
1.91508 38848
1.91522 46348
1.9155 38848
1.91567 46348
1.91593 38848
1.9161 46348
1.91638 38848
1.91653 46348
1.91681 38848
1.91698 46348
1.91724 38848
1.91741 46348
1.91769 38848
1.91788 46348
1.91814 38848
1.91828 46348
1.91856 38848
1.91873 46348
1.91899 38848
1.91916 46348
1.91944 38848
1.91959 46348
1.91987 38848
1.92004 46348
1.9203 38848
1.92047 46348
1.92075 38848
1.92094 46348
1.9212 38848
1.92134 46348
1.92162 38848
1.92179 46348
1.92205 38848
1.92222 46348
1.9225 38848
1.92265 46348
1.92293 38848
1.9231 46348
1.92336 38848
1.92353 46348
1.92381 38848
1.924 46348
1.92426 38848
1.9244 46348
1.92468 38848
1.92485 46348
1.92511 38848
1.92528 46348
1.92556 38848
1.92571 46348
1.92599 38848
1.92616 46348
1.92642 38848
1.92659 46348
1.92687 38848
1.92706 46348
1.92732 38848
1.92746 46348
1.92774 38848
1.92791 46348
1.92817 38848
1.92834 46348
1.92862 38848
1.92877 46348
1.92905 38848
1.92922 46348
1.92948 38848
1.92965 46348
1.92993 38848
1.93012 46348
1.93038 38848
1.93052 46348
1.9308 38848
1.93097 46348
1.93123 38848
1.9314 46348
1.93168 38848
1.93183 46348
1.93211 38848
1.93228 46348
1.93254 38848
1.93271 46348
1.93299 38848
1.93318 46348
1.93344 38848
1.93358 46348
1.93386 38848
1.93403 46348
1.93429 38848
1.93446 46348
1.93474 38848
1.93489 46348
1.93517 38848
1.93534 46348
1.9356 38848
1.93577 46348
1.93605 38848
1.93624 46348
1.9365 38848
1.93664 46348
1.93692 38848
1.93709 46348
1.93735 38848
1.93752 46348
1.9378 38848
1.93795 46348
1.93823 38848
1.9384 46348
1.93866 38848
1.93883 46348
1.93911 38848
1.9393 46348
1.93956 38848
1.9397 46348
1.93998 38848
1.94015 46348
1.94041 38848
1.94058 46348
1.94086 38848
1.94101 46348
1.94129 38848
1.94146 46348
1.94172 38848
1.94189 46348
1.94217 38848
1.94236 46348
1.94262 38848
1.94276 46348
1.94304 38848
1.94321 46348
1.94347 38848
1.94364 46348
1.94392 38848
1.94407 46348
1.94435 38848
1.94452 46348
1.94478 38848
1.94495 46348
1.94523 38848
1.94542 46348
1.94568 38848
1.94582 46348
1.9461 38848
1.94627 46348
1.94653 38848
1.9467 46348
1.94698 38848
1.94713 46348
1.94741 38848
1.94758 46348
1.94784 38848
1.94801 46348
1.94829 38848
1.94848 46348
1.94874 38848
1.94888 46348
1.94916 38848
1.94933 46348
1.94959 38848
1.94976 46348
1.95004 38848
1.95019 46348
1.95047 38848
1.95064 46348
1.9509 38848
1.95107 46348
1.95135 38848
1.95154 46348
1.9518 38848
1.95194 46348
1.95222 38848
1.95239 46348
1.95265 38848
1.95282 46348
1.9531 38848
1.95325 46348
1.95353 38848
1.9537 46348
1.95396 38848
1.95413 46348
1.95441 38848
1.9546 46348
1.95486 38848
1.955 46348
1.95528 38848
1.95545 46348
1.95571 38848
1.95588 46348
1.95616 38848
1.95631 46348
1.95659 38848
1.95676 46348
1.95702 38848
1.95719 46348
1.95747 38848
1.95766 46348
1.95792 38848
1.95806 46348
1.95834 38848
1.95851 46348
1.95877 38848
1.95894 46348
1.95922 38848
1.95937 46348
1.95965 38848
1.95982 46348
1.96008 38848
1.96025 46348
1.96053 38848
1.96072 46348
1.96098 38848
1.96112 46348
1.9614 38848
1.96157 46348
1.96183 38848
1.962 46348
1.96228 38848
1.96243 46348
1.96271 38848
1.96288 46348
1.96314 38848
1.96331 46348
1.96359 38848
1.96378 46348
1.96404 38848
1.96418 46348
1.96446 38848
1.96463 46348
1.96489 38848
1.96506 46348
1.96534 38848
1.96549 46348
1.96577 38848
1.96594 46348
1.9662 38848
1.96637 46348
1.96665 38848
1.96684 46348
1.9671 38848
1.96724 46348
1.96752 38848
1.96769 46348
1.96795 38848
1.96812 46348
1.9684 38848
1.96855 46348
1.96883 38848
1.969 46348
1.96926 38848
1.96943 46348
1.96971 38848
1.9699 46348
1.97016 38848
1.9703 46348
1.97058 38848
1.97075 46348
1.97101 38848
1.97118 46348
1.97146 38848
1.97161 46348
1.97189 38848
1.97206 46348
1.97232 38848
1.97249 46348
1.97277 38848
1.97296 46348
1.97322 38848
1.97336 46348
1.97364 38848
1.97381 46348
1.97407 38848
1.97424 46348
1.97452 38848
1.97467 46348
1.97495 38848
1.97512 46348
1.97538 38848
1.97555 46348
1.97583 38848
1.97602 46348
1.97628 38848
1.97642 46348
1.9767 38848
1.97687 46348
1.97713 38848
1.9773 46348
1.97758 38848
1.97773 46348
1.97801 38848
1.97818 46348
1.97844 38848
1.97861 46348
1.97889 38848
1.97908 46348
1.97934 38848
1.97948 46348
1.97976 38848
1.97993 46348
1.98019 38848
1.98036 46348
1.98064 38848
1.98079 46348
1.98107 38848
1.98124 46348
1.9815 38848
1.98167 46348
1.98195 38848
1.98214 46348
1.9824 38848
1.98254 46348
1.98282 38848
1.98299 46348
1.98325 38848
1.98342 46348
1.9837 38848
1.98385 46348
1.98413 38848
1.9843 46348
1.98456 38848
1.98473 46348
1.98501 38848
1.9852 46348
1.98546 38848
1.9856 46348
1.98588 38848
1.98605 46348
1.98631 38848
1.98648 46348
1.98676 38848
1.98691 46348
1.98719 38848
1.98736 46348
1.98762 38848
1.98779 46348
1.98807 38848
1.98826 46348
1.98852 38848
1.98866 46348
1.98894 38848
1.98911 46348
1.98937 38848
1.98954 46348
1.98982 38848
1.98997 46348
1.99025 38848
1.99042 46348
1.99068 38848
1.99085 46348
1.99113 38848
1.99132 46348
1.99158 38848
1.99172 46348
1.992 38848
1.99217 46348
1.99243 38848
1.9926 46348
1.99288 38848
1.99303 46348
1.99331 38848
1.99348 46348
1.99374 38848
1.99391 46348
1.99419 38848
1.99438 46348
1.99464 38848
1.99478 46348
1.99506 38848
1.99523 46348
1.99549 38848
1.99566 46348
1.99594 38848
1.99609 46348
1.99637 38848
1.99654 46348
1.9968 38848
1.99697 46348
1.99725 38848
1.99744 46348
1.9977 38848
1.99784 46348
1.99812 38848
1.99829 46348
1.99855 38848
1.99872 46348
1.999 38848
1.99915 46348
1.99943 38848
1.9996 46348
1.99986 38848
2.00003 46348
2.00014 6472
2.00031 7724
2.00209 6472
2.0044 7724
2.0136 8424
2.01414 23172
2.01416 30896
2.01424 46348
2.01464 38848
2.01488 46348
2.01515 38848
2.01532 46348
2.0156 38848
2.01574 46348
2.01601 38848
2.01618 46348
2.01645 38848
2.01662 46348
2.01689 38848
2.01706 46348
2.01733 38848
2.0175 46348
2.01777 38848
2.01795 46348
2.01821 38848
2.01839 46348
2.01866 38848
2.0188 46348
2.01907 38848
2.01924 46348
2.01951 38848
2.01968 46348
2.01995 38848
2.02012 46348
2.02039 38848
2.02056 46348
2.02083 38848
2.02101 46348
2.02127 38848
2.02145 46348
2.02172 38848
2.02186 46348
2.02213 38848
2.0223 46348
2.02257 38848
2.02274 46348
2.02301 38848
2.02318 46348
2.02345 38848
2.02362 46348
2.02389 38848
2.02407 46348
2.02433 38848
2.02451 46348
2.02478 38848
2.02492 46348
2.02519 38848
2.02536 46348
2.02563 38848
2.0258 46348
2.02607 38848
2.02624 46348
2.02651 38848
2.02668 46348
2.02695 38848
2.02713 46348
2.02739 38848
2.02757 46348
2.02784 38848
2.02798 46348
2.02825 38848
2.02842 46348
2.02869 38848
2.02886 46348
2.02913 38848
2.0293 46348
2.02957 38848
2.02974 46348
2.03001 38848
2.03019 46348
2.03045 38848
2.03063 46348
2.0309 38848
2.03104 46348
2.03131 38848
2.03148 46348
2.03175 38848
2.03192 46348
2.03219 38848
2.03236 46348
2.03263 38848
2.0328 46348
2.03307 38848
2.03325 46348
2.03351 38848
2.03369 46348
2.03396 38848
2.0341 46348
2.03437 38848
2.03454 46348
2.03481 38848
2.03498 46348
2.03525 38848
2.03542 46348
2.03569 38848
2.03586 46348
2.03613 38848
2.03631 46348
2.03657 38848
2.03675 46348
2.03702 38848
2.03716 46348
2.03743 38848
2.0376 46348
2.03787 38848
2.03804 46348
2.03831 38848
2.03848 46348
2.03875 38848
2.03892 46348
2.03919 38848
2.03937 46348
2.03963 38848
2.03981 46348
2.04008 38848
2.04022 46348
2.04049 38848
2.04066 46348
2.04093 38848
2.0411 46348
2.04137 38848
2.04154 46348
2.04181 38848
2.04198 46348
2.04225 38848
2.04243 46348
2.04269 38848
2.04287 46348
2.04314 38848
2.04328 46348
2.04355 38848
2.04372 46348
2.04399 38848
2.04416 46348
2.04443 38848
2.0446 46348
2.04487 38848
2.04504 46348
2.04531 38848
2.04549 46348
2.04575 38848
2.04593 46348
2.0462 38848
2.04634 46348
2.04661 38848
2.04678 46348
2.04705 38848
2.04722 46348
2.04749 38848
2.04766 46348
2.04793 38848
2.0481 46348
2.04837 38848
2.04855 46348
2.04881 38848
2.04899 46348
2.04926 38848
2.0494 46348
2.04967 38848
2.04984 46348
2.05011 38848
2.05028 46348
2.05055 38848
2.05072 46348
2.05099 38848
2.05116 46348
2.05143 38848
2.05161 46348
2.05187 38848
2.05205 46348
2.05232 38848
2.05246 46348
2.05273 38848
2.0529 46348
2.05317 38848
2.05334 46348
2.05361 38848
2.05378 46348
2.05405 38848
2.05422 46348
2.05449 38848
2.05467 46348
2.05493 38848
2.05511 46348
2.05538 38848
2.05552 46348
2.05579 38848
2.05596 46348
2.05623 38848
2.0564 46348
2.05667 38848
2.05684 46348
2.05711 38848
2.05728 46348
2.05755 38848
2.05773 46348
2.05799 38848
2.05817 46348
2.05844 38848
2.05858 46348
2.05885 38848
2.05902 46348
2.05929 38848
2.05946 46348
2.05973 38848
2.0599 46348
2.06017 38848
2.06034 46348
2.06061 38848
2.06079 46348
2.06105 38848
2.06123 46348
2.0615 38848
2.06164 46348
2.06191 38848
2.06208 46348
2.06235 38848
2.06252 46348
2.06279 38848
2.06296 46348
2.06323 38848
2.0634 46348
2.06367 38848
2.06385 46348
2.06411 38848
2.06429 46348
2.06456 38848
2.0647 46348
2.06497 38848
2.06514 46348
2.06541 38848
2.06558 46348
2.06585 38848
2.06602 46348
2.06629 38848
2.06646 46348
2.06673 38848
2.06691 46348
2.06717 38848
2.06735 46348
2.06762 38848
2.06776 46348
2.06803 38848
2.0682 46348
2.06847 38848
2.06864 46348
2.06891 38848
2.06908 46348
2.06935 38848
2.06952 46348
2.06979 38848
2.06997 46348
2.07023 38848
2.07041 46348
2.07068 38848
2.07082 46348
2.07109 38848
2.07126 46348
2.07153 38848
2.0717 46348
2.07197 38848
2.07214 46348
2.07241 38848
2.07258 46348
2.07285 38848
2.07303 46348
2.07329 38848
2.07347 46348
2.07374 38848
2.07388 46348
2.07415 38848
2.07432 46348
2.07459 38848
2.07476 46348
2.07503 38848
2.0752 46348
2.07547 38848
2.07564 46348
2.07591 38848
2.07609 46348
2.07635 38848
2.07653 46348
2.0768 38848
2.07694 46348
2.07721 38848
2.07738 46348
2.07765 38848
2.07782 46348
2.07809 38848
2.07826 46348
2.07853 38848
2.0787 46348
2.07897 38848
2.07915 46348
2.07941 38848
2.07959 46348
2.07986 38848
2.08 46348
2.08027 38848
2.08044 46348
2.08071 38848
2.08088 46348
2.08115 38848
2.08132 46348
2.08159 38848
2.08176 46348
2.08203 38848
2.08221 46348
2.08247 38848
2.08265 46348
2.08292 38848
2.08306 46348
2.08333 38848
2.0835 46348
2.08377 38848
2.08394 46348
2.08421 38848
2.08438 46348
2.08465 38848
2.08482 46348
2.08509 38848
2.08527 46348
2.08553 38848
2.08571 46348
2.08598 38848
2.08612 46348
2.08639 38848
2.08656 46348
2.08683 38848
2.087 46348
2.08727 38848
2.08744 46348
2.08771 38848
2.08788 46348
2.08815 38848
2.08833 46348
2.08859 38848
2.08877 46348
2.08904 38848
2.08918 46348
2.08945 38848
2.08962 46348
2.08989 38848
2.09006 46348
2.09033 38848
2.0905 46348
2.09077 38848
2.09094 46348
2.09121 38848
2.09139 46348
2.09165 38848
2.09183 46348
2.0921 38848
2.09224 46348
2.09251 38848
2.09268 46348
2.09295 38848
2.09312 46348
2.09339 38848
2.09356 46348
2.09383 38848
2.094 46348
2.09427 38848
2.09445 46348
2.09471 38848
2.09489 46348
2.09516 38848
2.0953 46348
2.09557 38848
2.09574 46348
2.09601 38848
2.09618 46348
2.09645 38848
2.09662 46348
2.09689 38848
2.09706 46348
2.09733 38848
2.09751 46348
2.09777 38848
2.09795 46348
2.09822 38848
2.09836 46348
2.09863 38848
2.0988 46348
2.09907 38848
2.09924 46348
2.09951 38848
2.09968 46348
2.09995 38848
2.10012 46348
2.10015 38848
2.10039 46348
2.10064 38848
2.10082 46348
2.10109 38848
2.10126 46348
2.10153 38848
2.1017 46348
2.10197 38848
2.10214 46348
2.10241 38848
2.10258 46348
2.10285 38848
2.10302 46348
2.10329 38848
2.10346 46348
2.10373 38848
2.10391 46348
2.10417 38848
2.10432 46348
2.10459 38848
2.10476 46348
2.10503 38848
2.1052 46348
2.10547 38848
2.10564 46348
2.10591 38848
2.10608 46348
2.10635 38848
2.10652 46348
2.10679 38848
2.10697 46348
2.10723 38848
2.10738 46348
2.10765 38848
2.10782 46348
2.10809 38848
2.10826 46348
2.10853 38848
2.1087 46348
2.10897 38848
2.10914 46348
2.10941 38848
2.10958 46348
2.10985 38848
2.11003 46348
2.11029 38848
2.11044 46348
2.11071 38848
2.11088 46348
2.11115 38848
2.11132 46348
2.11159 38848
2.11176 46348
2.11203 38848
2.1122 46348
2.11247 38848
2.11264 46348
2.11291 38848
2.11309 46348
2.11335 38848
2.1135 46348
2.11377 38848
2.11394 46348
2.11421 38848
2.11438 46348
2.11465 38848
2.11482 46348
2.11509 38848
2.11526 46348
2.11553 38848
2.1157 46348
2.11597 38848
2.11615 46348
2.11641 38848
2.11656 46348
2.11683 38848
2.117 46348
2.11727 38848
2.11744 46348
2.11771 38848
2.11788 46348
2.11815 38848
2.11832 46348
2.11859 38848
2.11876 46348
2.11903 38848
2.11921 46348
2.11947 38848
2.11962 46348
2.11989 38848
2.12006 46348
2.12033 38848
2.1205 46348
2.12077 38848
2.12094 46348
2.12121 38848
2.12138 46348
2.12165 38848
2.12182 46348
2.12209 38848
2.12227 46348
2.12253 38848
2.12268 46348
2.12295 38848
2.12312 46348
2.12339 38848
2.12356 46348
2.12383 38848
2.124 46348
2.12427 38848
2.12444 46348
2.12471 38848
2.12488 46348
2.12515 38848
2.12533 46348
2.12559 38848
2.12574 46348
2.12601 38848
2.12618 46348
2.12645 38848
2.12662 46348
2.12689 38848
2.12706 46348
2.12733 38848
2.1275 46348
2.12777 38848
2.12794 46348
2.12821 38848
2.12839 46348
2.12865 38848
2.1288 46348
2.12907 38848
2.12924 46348
2.12951 38848
2.12968 46348
2.12995 38848
2.13012 46348
2.13039 38848
2.13056 46348
2.13083 38848
2.131 46348
2.13127 38848
2.13145 46348
2.13171 38848
2.13186 46348
2.13213 38848
2.1323 46348
2.13257 38848
2.13274 46348
2.13301 38848
2.13318 46348
2.13345 38848
2.13362 46348
2.13389 38848
2.13406 46348
2.13433 38848
2.13451 46348
2.13477 38848
2.13492 46348
2.13519 38848
2.13536 46348
2.13563 38848
2.1358 46348
2.13607 38848
2.13624 46348
2.13651 38848
2.13668 46348
2.13695 38848
2.13712 46348
2.13739 38848
2.13757 46348
2.13783 38848
2.13798 46348
2.13825 38848
2.13842 46348
2.13869 38848
2.13886 46348
2.13913 38848
2.1393 46348
2.13957 38848
2.13974 46348
2.14001 38848
2.14018 46348
2.14045 38848
2.14063 46348
2.14089 38848
2.14104 46348
2.14131 38848
2.14148 46348
2.14175 38848
2.14192 46348
2.14219 38848
2.14236 46348
2.14263 38848
2.1428 46348
2.14307 38848
2.14324 46348
2.14351 38848
2.14369 46348
2.14395 38848
2.1441 46348
2.14437 38848
2.14454 46348
2.14481 38848
2.14498 46348
2.14525 38848
2.14542 46348
2.14569 38848
2.14586 46348
2.14613 38848
2.1463 46348
2.14657 38848
2.14675 46348
2.14701 38848
2.14716 46348
2.14743 38848
2.1476 46348
2.14787 38848
2.14804 46348
2.14831 38848
2.14848 46348
2.14875 38848
2.14892 46348
2.14919 38848
2.14936 46348
2.14963 38848
2.14981 46348
2.15007 38848
2.15022 46348
2.15049 38848
2.15066 46348
2.15093 38848
2.1511 46348
2.15137 38848
2.15154 46348
2.15181 38848
2.15198 46348
2.15225 38848
2.15242 46348
2.15269 38848
2.15287 46348
2.15313 38848
2.15328 46348
2.15355 38848
2.15372 46348
2.15399 38848
2.15416 46348
2.15443 38848
2.1546 46348
2.15487 38848
2.15504 46348
2.15531 38848
2.15548 46348
2.15575 38848
2.15593 46348
2.15619 38848
2.15634 46348
2.15661 38848
2.15678 46348
2.15705 38848
2.15722 46348
2.15749 38848
2.15766 46348
2.15793 38848
2.1581 46348
2.15837 38848
2.15854 46348
2.15881 38848
2.15899 46348
2.15925 38848
2.1594 46348
2.15967 38848
2.15984 46348
2.16011 38848
2.16028 46348
2.16055 38848
2.16072 46348
2.16099 38848
2.16116 46348
2.16143 38848
2.1616 46348
2.16187 38848
2.16205 46348
2.16231 38848
2.16246 46348
2.16273 38848
2.1629 46348
2.16317 38848
2.16334 46348
2.16361 38848
2.16378 46348
2.16405 38848
2.16422 46348
2.16449 38848
2.16466 46348
2.16493 38848
2.16511 46348
2.16537 38848
2.16552 46348
2.16579 38848
2.16596 46348
2.16623 38848
2.1664 46348
2.16667 38848
2.16684 46348
2.16711 38848
2.16728 46348
2.16755 38848
2.16772 46348
2.16799 38848
2.16817 46348
2.16843 38848
2.16858 46348
2.16885 38848
2.16902 46348
2.16929 38848
2.16946 46348
2.16973 38848
2.1699 46348
2.17017 38848
2.17034 46348
2.17061 38848
2.17078 46348
2.17105 38848
2.17123 46348
2.17149 38848
2.17164 46348
2.17191 38848
2.17208 46348
2.17235 38848
2.17252 46348
2.17279 38848
2.17296 46348
2.17323 38848
2.1734 46348
2.17367 38848
2.17384 46348
2.17411 38848
2.17429 46348
2.17455 38848
2.1747 46348
2.17497 38848
2.17514 46348
2.17541 38848
2.17558 46348
2.17585 38848
2.17602 46348
2.17629 38848
2.17646 46348
2.17673 38848
2.1769 46348
2.17717 38848
2.17735 46348
2.17761 38848
2.17776 46348
2.17803 38848
2.1782 46348
2.17847 38848
2.17864 46348
2.17891 38848
2.17908 46348
2.17935 38848
2.17952 46348
2.17979 38848
2.17996 46348
2.18023 38848
2.18041 46348
2.18067 38848
2.18082 46348
2.18109 38848
2.18126 46348
2.18153 38848
2.1817 46348
2.18197 38848
2.18214 46348
2.18241 38848
2.18258 46348
2.18285 38848
2.18302 46348
2.18329 38848
2.18347 46348
2.18373 38848
2.18388 46348
2.18415 38848
2.18432 46348
2.18459 38848
2.18476 46348
2.18503 38848
2.1852 46348
2.18547 38848
2.18564 46348
2.18591 38848
2.18608 46348
2.18635 38848
2.18653 46348
2.18679 38848
2.18694 46348
2.18721 38848
2.18738 46348
2.18765 38848
2.18782 46348
2.18809 38848
2.18826 46348
2.18853 38848
2.1887 46348
2.18897 38848
2.18914 46348
2.18941 38848
2.18959 46348
2.18985 38848
2.19 46348
2.19027 38848
2.19044 46348
2.19071 38848
2.19088 46348
2.19115 38848
2.19132 46348
2.19159 38848
2.19176 46348
2.19203 38848
2.1922 46348
2.19247 38848
2.19265 46348
2.19291 38848
2.19306 46348
2.19333 38848
2.1935 46348
2.19377 38848
2.19394 46348
2.19421 38848
2.19438 46348
2.19465 38848
2.19482 46348
2.19509 38848
2.19526 46348
2.19553 38848
2.19571 46348
2.19597 38848
2.19612 46348
2.19639 38848
2.19656 46348
2.19683 38848
2.197 46348
2.19727 38848
2.19744 46348
2.19771 38848
2.19788 46348
2.19815 38848
2.19832 46348
2.19859 38848
2.19877 46348
2.19903 38848
2.19918 46348
2.19945 38848
2.19962 46348
2.19989 38848
2.20006 46348
2.20033 38848
2.2005 46348
2.20077 38848
2.20094 46348
2.20121 38848
2.20138 46348
2.20165 38848
2.20183 46348
2.20209 38848
2.20224 46348
2.20251 38848
2.20268 46348
2.20295 38848
2.20312 46348
2.20339 38848
2.20356 46348
2.20383 38848
2.204 46348
2.20427 38848
2.20444 46348
2.20471 38848
2.20489 46348
2.20515 38848
2.2053 46348
2.20557 38848
2.20574 46348
2.20601 38848
2.20618 46348
2.20645 38848
2.20662 46348
2.20689 38848
2.20706 46348
2.20733 38848
2.2075 46348
2.20777 38848
2.20795 46348
2.20821 38848
2.20836 46348
2.20863 38848
2.2088 46348
2.20907 38848
2.20924 46348
2.20951 38848
2.20968 46348
2.20995 38848
2.21012 46348
2.21039 38848
2.21056 46348
2.21083 38848
2.21101 46348
2.21127 38848
2.21142 46348
2.21169 38848
2.21186 46348
2.21213 38848
2.2123 46348
2.21257 38848
2.21274 46348
2.21301 38848
2.21318 46348
2.21345 38848
2.21362 46348
2.21389 38848
2.21407 46348
2.21433 38848
2.21448 46348
2.21475 38848
2.21492 46348
2.21519 38848
2.21536 46348
2.21563 38848
2.2158 46348
2.21607 38848
2.21624 46348
2.21651 38848
2.21668 46348
2.21695 38848
2.21713 46348
2.21739 38848
2.21754 46348
2.21781 38848
2.21798 46348
2.21825 38848
2.21842 46348
2.21869 38848
2.21886 46348
2.21913 38848
2.2193 46348
2.21957 38848
2.21974 46348
2.22001 38848
2.22019 46348
2.22045 38848
2.2206 46348
2.22087 38848
2.22104 46348
2.22131 38848
2.22148 46348
2.22175 38848
2.22192 46348
2.22219 38848
2.22236 46348
2.22263 38848
2.2228 46348
2.22307 38848
2.22325 46348
2.22351 38848
2.22366 46348
2.22393 38848
2.2241 46348
2.22437 38848
2.22454 46348
2.22481 38848
2.22498 46348
2.22525 38848
2.22542 46348
2.22569 38848
2.22586 46348
2.22613 38848
2.22631 46348
2.22657 38848
2.22672 46348
2.22699 38848
2.22716 46348
2.22743 38848
2.2276 46348
2.22787 38848
2.22804 46348
2.22831 38848
2.22848 46348
2.22875 38848
2.22892 46348
2.22919 38848
2.22937 46348
2.22963 38848
2.22978 46348
2.23005 38848
2.23022 46348
2.23049 38848
2.23066 46348
2.23093 38848
2.2311 46348
2.23137 38848
2.23154 46348
2.23181 38848
2.23198 46348
2.23225 38848
2.23243 46348
2.23269 38848
2.23284 46348
2.23311 38848
2.23328 46348
2.23355 38848
2.23372 46348
2.23399 38848
2.23416 46348
2.23443 38848
2.2346 46348
2.23487 38848
2.23504 46348
2.23531 38848
2.23549 46348
2.23575 38848
2.2359 46348
2.23617 38848
2.23634 46348
2.23661 38848
2.23678 46348
2.23705 38848
2.23722 46348
2.23749 38848
2.23766 46348
2.23793 38848
2.2381 46348
2.23837 38848
2.23855 46348
2.23881 38848
2.23896 46348
2.23923 38848
2.2394 46348
2.23967 38848
2.23984 46348
2.24011 38848
2.24028 46348
2.24055 38848
2.24072 46348
2.24099 38848
2.24116 46348
2.24143 38848
2.24161 46348
2.24187 38848
2.24202 46348
2.24229 38848
2.24246 46348
2.24273 38848
2.2429 46348
2.24317 38848
2.24334 46348
2.24361 38848
2.24378 46348
2.24405 38848
2.24422 46348
2.24449 38848
2.24467 46348
2.24493 38848
2.24508 46348
2.24535 38848
2.24552 46348
2.24579 38848
2.24596 46348
2.24623 38848
2.2464 46348
2.24667 38848
2.24684 46348
