0.0 0
1.00063 0.000627321
1.00129 0.000631227
1.00131 0.000637705
1.00194 0.000640237
1.00197 0.000645513
1.00199 0.000650129
1.00202 0.000657228
1.0026 0.00065732
1.00263 0.000660461
1.00265 0.000663209
1.00268 0.000668673
1.0027 0.000673454
1.00272 0.000680698
1.00275 0.000687036
1.00277 0.000695642
1.00326 0.000690932
1.00328 0.000689871
1.00331 0.000688943
1.00333 0.000691191
1.00336 0.000693158
1.00338 0.000697939
1.00341 0.000702122
1.00343 0.000708842
1.00346 0.000714722
1.00348 0.000722927
1.0035 0.000730107
1.00353 0.000739449
1.00355 0.000747623
1.00358 0.000757836
1.0036 0.000766772
1.00363 0.000777651
1.00392 0.00076269
1.00394 0.000749599
1.00397 0.000738145
1.00399 0.000728122
1.00402 0.000719352
1.00404 0.000711679
1.00406 0.000704965
1.00409 0.00069909
1.00411 0.000693949
1.00414 0.000689451
1.00416 0.000685515
1.00419 0.000682071
1.00421 0.000679058
1.00424 0.000676421
1.00426 0.000674114
1.00428 0.000672095
1.00458 0.000670329
1.0046 0.000668783
1.00462 0.000667431
1.00465 0.000666248
1.00467 0.000668273
1.0047 0.000670044
1.00472 0.000671594
1.00475 0.00067295
1.00477 0.000674137
1.0048 0.000675175
1.00482 0.000676084
1.00485 0.000676879
1.00487 0.000677575
1.00489 0.000678184
1.00492 0.000678717
1.00494 0.000679183
1.00497 0.000679591
1.00523 0.000676888
1.00526 0.000674523
1.00528 0.000672453
1.00531 0.000670642
1.00533 0.000669057
1.00536 0.00066767
1.00538 0.000666457
1.00541 0.000665395
1.00543 0.000667526
1.00545 0.000669391
1.00548 0.000671023
1.0055 0.000672451
1.00553 0.0006737
1.00555 0.000674793
1.00558 0.000675749
1.0056 0.000676586
1.00563 0.000677318
1.00565 0.000677959
1.00589 0.00067546
1.00592 0.000673273
1.00594 0.000671359
1.00597 0.000669685
1.00599 0.00066822
1.00601 0.000666938
1.00604 0.000665816
1.00606 0.000664835
1.00609 0.000663976
1.00611 0.000663225
1.00614 0.000662567
1.00616 0.000665052
1.00619 0.000667226
1.00621 0.000669128
1.00623 0.000670793
1.00626 0.000672249
1.00628 0.000673523
1.00631 0.000674638
1.00633 0.000675614
1.00655 0.000673408
1.00657 0.000671478
1.0066 0.000669789
1.00662 0.000668311
1.00665 0.000667018
1.00667 0.000665886
1.0067 0.000664896
1.00672 0.00066403
1.00675 0.000663272
1.00677 0.000662609
1.00679 0.000662028
1.00682 0.00066152
1.00684 0.000661076
1.00687 0.000663747
1.00689 0.000666084
1.00692 0.000668129
1.00694 0.000669918
1.00697 0.000671484
1.00699 0.000672854
1.00701 0.000674053
1.00721 0.000672042
1.00723 0.000670282
1.00726 0.000668742
1.00728 0.000667395
1.00731 0.000666216
1.00733 0.000665185
1.00735 0.000664282
1.00738 0.000663492
1.0074 0.000662801
1.00743 0.000662196
1.00745 0.000661667
1.00748 0.000661204
1.0075 0.000660799
1.00753 0.000660445
1.00755 0.000663195
1.00757 0.000665601
1.0076 0.000667706
1.00762 0.000669548
1.00765 0.00067116
1.00767 0.000672571
1.0077 0.000673805
1.00787 0.000671825
1.00789 0.000670092
1.00791 0.000668576
1.00794 0.00066725
1.00796 0.000666089
1.00799 0.000665073
1.00801 0.000664184
1.00804 0.000663407
1.00806 0.000662727
1.00809 0.000662132
1.00811 0.000661611
1.00813 0.000661155
1.00816 0.000660756
1.00818 0.000660407
1.00821 0.000663162
1.00823 0.000665572
1.00826 0.000667681
1.00828 0.000669526
1.00831 0.000671141
1.00833 0.000672554
1.00836 0.00067379
1.00838 0.000674872
1.00852 0.000672759
1.00855 0.00067091
1.00857 0.000669292
1.0086 0.000667876
1.00862 0.000666637
1.00865 0.000665553
1.00867 0.000664604
1.00869 0.000663774
1.00872 0.000663048
1.00874 0.000662413
1.00877 0.000661857
1.00879 0.00066137
1.00882 0.000660944
1.00884 0.000663632
1.00887 0.000665984
1.00889 0.000668042
1.00892 0.000669842
1.00894 0.000671417
1.00896 0.000672795
1.00899 0.000674001
1.00901 0.000675056
1.00904 0.00067598
1.00906 0.000676788
1.00918 0.000674435
1.00921 0.000672376
1.00923 0.000670575
1.00925 0.000668999
1.00928 0.00066762
1.0093 0.000666413
1.00933 0.000665357
1.00935 0.000664433
1.00938 0.000663624
1.0094 0.000662917
1.00943 0.000662298
1.00945 0.000664816
1.00948 0.00066702
1.0095 0.000668948
1.00952 0.000670635
1.00955 0.000672111
1.00957 0.000673403
1.0096 0.000674533
1.00962 0.000675522
1.00965 0.000676387
1.00967 0.000677144
1.0097 0.000677807
1.00972 0.000678387
1.00974 0.000678894
1.00984 0.000676278
1.00986 0.000673989
1.00989 0.000671986
1.00991 0.000670233
1.00994 0.000668699
1.00996 0.000667357
1.00999 0.000666183
1.01001 0.000665156
1.01004 0.000667317
1.01006 0.000669208
1.01008 0.000670863
1.01011 0.000672311
1.01013 0.000673578
1.01016 0.000674686
1.01018 0.000675656
1.01021 0.000676505
1.01023 0.000677247
1.01026 0.000677897
1.01028 0.000678465
1.0103 0.000678962
1.01033 0.000679397
1.01035 0.000679778
1.01038 0.000680111
1.0104 0.000680403
1.01043 0.000680658
1.0105 0.000677821
1.01052 0.000675339
1.01055 0.000673167
1.01057 0.000671267
1.0106 0.000672664
1.01062 0.000673887
1.01064 0.000674957
1.01067 0.000675893
1.01069 0.000676712
1.01072 0.000677429
1.01074 0.000678056
1.01077 0.000678605
1.01079 0.000679085
1.01082 0.000679505
1.01084 0.000679872
1.01086 0.000680194
1.01089 0.000680475
1.01091 0.000680721
1.01094 0.000680936
1.01096 0.000681125
1.01099 0.00068129
1.01101 0.000681434
1.01104 0.00068156
1.01106 0.000681671
1.01108 0.000681768
1.01111 0.000684913
1.01113 0.000687664
1.01116 0.000684326
1.01118 0.000681405
1.01121 0.000678849
1.01123 0.000676612
1.01126 0.000674655
1.01128 0.000672943
1.01131 0.000671445
1.01133 0.000670134
1.01135 0.000668987
1.01138 0.000667983
1.0114 0.000667105
1.01143 0.000666336
1.01145 0.000665664
1.01148 0.000665076
1.0115 0.000664561
1.01153 0.00066411
1.01155 0.000663716
1.01157 0.000663371
1.0116 0.000663069
1.01162 0.000665865
1.01165 0.000668311
1.01167 0.000670452
1.0117 0.000672325
1.01172 0.000673964
1.01175 0.000675398
1.01177 0.000676653
1.01179 0.000677751
1.01182 0.000678712
1.01184 0.000679553
1.01187 0.000680288
1.01189 0.000680932
1.01192 0.000681495
1.01194 0.000681988
1.01197 0.000682419
1.01199 0.000682796
1.01202 0.000683126
1.01204 0.000683415
1.01206 0.000683668
1.01209 0.000683889
1.01211 0.000684082
1.01214 0.000687311
1.01216 0.000690137
1.01219 0.000692609
1.01221 0.000694772
1.01224 0.000696665
1.01226 0.000698321
1.01228 0.00069977
1.01231 0.000701038
1.01233 0.000702148
1.01236 0.000703119
1.01238 0.000703969
1.01241 0.000704712
1.01243 0.000705363
1.01246 0.000705932
1.01248 0.00070643
1.0125 0.000706866
1.01253 0.000707247
1.01255 0.000707581
1.01258 0.000707873
1.0126 0.000708128
1.01263 0.000708352
1.01265 0.000711608
1.01268 0.000714457
1.0127 0.000716949
1.01273 0.00071913
1.01275 0.000721038
1.01277 0.000722708
1.0128 0.000724169
1.01282 0.000725447
1.01285 0.000726566
1.01287 0.000727545
1.0129 0.000728401
1.01292 0.00072915
1.01295 0.000729806
1.01297 0.00073038
1.01299 0.000730882
1.01302 0.000731321
1.01304 0.000731705
1.01307 0.000732041
1.01309 0.000732335
1.01312 0.000732593
1.01314 0.000732818
1.01317 0.000736075
1.01319 0.000738925
1.01321 0.000741419
1.01324 0.000743601
1.01326 0.00074551
1.01329 0.000747181
1.01331 0.000748643
1.01334 0.000749922
1.01336 0.000751041
1.01339 0.00075202
1.01341 0.000752877
1.01344 0.000753627
1.01346 0.000754283
1.01348 0.000754857
1.01351 0.000755359
1.01353 0.000755799
1.01356 0.000756184
1.01358 0.000756521
1.01361 0.000756815
1.01363 0.000757073
1.01366 0.000757298
1.01368 0.000760555
1.0137 0.000763405
1.01373 0.000765899
1.01375 0.000768081
1.01378 0.00076999
1.0138 0.000771661
1.01383 0.000773123
1.01385 0.000774402
1.01388 0.000775521
1.0139 0.0007765
1.01392 0.000777357
1.01395 0.000778107
1.01397 0.000778763
1.014 0.000779337
1.01402 0.000779839
1.01405 0.000780279
1.01407 0.000780664
1.0141 0.000781001
1.01412 0.000781295
1.01414 0.000781553
1.01417 0.000781778
1.01419 0.000785035
1.01422 0.000787885
1.01424 0.000790379
1.01427 0.000792561
1.01429 0.00079447
1.01432 0.000796141
1.01434 0.000797603
1.01437 0.000798882
1.01439 0.000800001
1.01441 0.00080098
1.01444 0.000801837
1.01446 0.000802587
1.01449 0.000803243
1.01451 0.000803817
1.01454 0.000804319
1.01456 0.000804759
1.01459 0.000805144
1.01461 0.000805481
1.01463 0.000805775
1.01466 0.000806033
1.01468 0.000806258
1.01471 0.000809515
1.01473 0.000812365
1.01476 0.000814859
1.01478 0.000817041
1.01481 0.00081895
1.01483 0.000820621
1.01485 0.000822083
1.01488 0.000823362
1.0149 0.000824481
1.01493 0.00082546
1.01495 0.000826317
1.01498 0.000827067
1.015 0.000827723
1.01503 0.000828297
1.01505 0.000828799
1.01508 0.000829239
1.0151 0.000829624
1.01512 0.000829961
1.01515 0.000830255
1.01517 0.000830513
1.0152 0.000830738
1.01522 0.000833995
1.01525 0.000836845
1.01527 0.000839339
1.0153 0.000841521
1.01532 0.00084343
1.01534 0.000845101
1.01537 0.000846563
1.01539 0.000847842
1.01542 0.000848961
1.01544 0.00084994
1.01547 0.000850797
1.01549 0.000851547
1.01552 0.000852203
1.01554 0.000852777
1.01556 0.000853279
1.01559 0.000853719
1.01561 0.000854104
1.01564 0.000854441
1.01566 0.000854735
1.01569 0.000854993
1.01571 0.000855218
1.01574 0.000858475
1.01576 0.000861325
1.01579 0.000863819
1.01581 0.000866001
1.01583 0.00086791
1.01586 0.000869581
1.01588 0.000871043
1.01591 0.000872322
1.01593 0.000873441
1.01596 0.00087442
1.01598 0.000875277
1.01601 0.000876027
1.01603 0.000876683
1.01605 0.000877257
1.01608 0.000877759
1.0161 0.000878199
1.01613 0.000878584
1.01615 0.000878921
1.01618 0.000879215
1.0162 0.000879473
1.01623 0.000879698
1.01625 0.000882955
1.01627 0.000885805
1.0163 0.000888299
1.01632 0.000890481
1.01635 0.00089239
1.01637 0.000894061
1.0164 0.000895523
1.01642 0.000896802
1.01645 0.000897921
1.01647 0.0008989
1.0165 0.000899757
1.01652 0.000900507
1.01654 0.000901163
1.01657 0.000901737
1.01659 0.000902239
1.01662 0.000902679
1.01664 0.000903064
1.01667 0.000903401
1.01669 0.000903695
1.01672 0.000903953
1.01674 0.000904178
1.01676 0.000907435
1.01679 0.000910285
1.01681 0.000912779
1.01684 0.000914961
1.01686 0.00091687
1.01689 0.000918541
1.01691 0.000920003
1.01694 0.000921282
1.01696 0.000922401
1.01698 0.00092338
1.01701 0.000924237
1.01703 0.000924987
1.01706 0.000925643
1.01708 0.000926217
1.01711 0.000926719
1.01713 0.000927159
1.01716 0.000927544
1.01718 0.000927881
1.0172 0.000928175
1.01723 0.000928433
1.01725 0.000928658
1.01728 0.000931915
1.0173 0.000934765
1.01733 0.000937259
1.01735 0.000939441
1.01738 0.00094135
1.0174 0.000943021
1.01743 0.000944483
1.01745 0.000945762
1.01747 0.000946881
1.0175 0.00094786
1.01752 0.000948717
1.01755 0.000949467
1.01757 0.000950123
1.0176 0.000950697
1.01762 0.000951199
1.01765 0.000951639
1.01767 0.000952024
1.01769 0.000952361
1.01772 0.000952655
1.01774 0.000952913
1.01777 0.000953138
1.01779 0.000956395
1.01782 0.000959245
1.01784 0.000961739
1.01787 0.000963921
1.01789 0.00096583
1.01791 0.000967501
1.01794 0.000968963
1.01796 0.000970242
1.01799 0.000971361
1.01801 0.00097234
1.01804 0.000973197
1.01806 0.000973947
1.01809 0.000974603
1.01811 0.000975177
1.01814 0.000975679
1.01816 0.000976119
1.01818 0.000976504
1.01821 0.000976841
1.01823 0.000977135
1.01826 0.000977393
1.01828 0.000977618
1.01831 0.000980875
1.01833 0.000983725
1.01836 0.000986219
1.01838 0.000988401
1.0184 0.00099031
1.01843 0.000991981
1.01845 0.000993443
1.01848 0.000994722
1.0185 0.000995841
1.01853 0.00099682
1.01855 0.000997677
1.01858 0.000998427
1.0186 0.000999083
1.01862 0.000999657
1.01865 0.00100016
1.01867 0.0010006
1.0187 0.00100098
1.01872 0.00100132
1.01875 0.00100161
1.01877 0.00100187
1.0188 0.0010021
1.01882 0.00100535
1.01885 0.0010082
1.01887 0.0010107
1.01889 0.00101288
1.01892 0.00101479
1.01894 0.00101646
1.01897 0.00101792
1.01899 0.0010192
1.01902 0.00102032
1.01904 0.0010213
1.01907 0.00102216
1.01909 0.00102291
1.01911 0.00102356
1.01914 0.00102414
1.01916 0.00102464
1.01919 0.00102508
1.01921 0.00102546
1.01924 0.0010258
1.01926 0.00102609
1.01929 0.00102635
1.01931 0.00102658
1.01933 0.00102983
1.01936 0.00103268
1.01938 0.00103518
1.01941 0.00103736
1.01943 0.00103927
1.01946 0.00104094
1.01948 0.0010424
1.01951 0.00104368
1.01953 0.0010448
1.01956 0.00104578
1.01958 0.00104664
1.0196 0.00104739
1.01963 0.00104804
1.01965 0.00104862
1.01968 0.00104912
1.0197 0.00104956
1.01973 0.00104994
1.01975 0.00105028
1.01978 0.00105057
1.0198 0.00105083
1.01982 0.00105106
1.01985 0.00105431
1.01987 0.00105717
1.0199 0.00105966
1.01992 0.00106184
1.01995 0.00106375
1.01997 0.00106542
1.02 0.00106688
1.02002 0.00106816
1.02004 0.00106928
1.02007 0.00107026
1.02009 0.00107112
1.02012 0.00107187
1.02014 0.00107252
1.02017 0.0010731
1.02019 0.0010736
1.02022 0.00107404
1.02024 0.00107442
1.02026 0.00107476
1.02029 0.00107506
1.02031 0.00107531
1.02034 0.00107554
1.02036 0.0010788
1.02039 0.00108165
1.02041 0.00108414
1.02044 0.00108632
1.02046 0.00108823
1.02049 0.0010899
1.02051 0.00109136
1.02053 0.00109264
1.02056 0.00109376
1.02058 0.00109474
1.02061 0.0010956
1.02063 0.00109635
1.02066 0.001097
1.02068 0.00109758
1.02071 0.00109808
1.02073 0.00109852
1.02075 0.0010989
1.02078 0.00109924
1.0208 0.00109954
1.02083 0.00109979
1.02085 0.00110002
1.02088 0.00110327
1.0209 0.00110612
1.02093 0.00110862
1.02095 0.0011108
1.02097 0.00111271
1.021 0.00111438
1.02102 0.00111584
1.02105 0.00111712
1.02107 0.00111824
1.0211 0.00111922
1.02112 0.00112008
1.02115 0.00112083
1.02117 0.00112148
1.0212 0.00112206
1.02122 0.00112256
1.02124 0.001123
1.02127 0.00112338
1.02129 0.00112372
1.02132 0.00112401
1.02134 0.00112427
1.02137 0.0011245
1.02139 0.00112776
1.02142 0.00113061
1.02144 0.0011331
1.02146 0.00113528
1.02149 0.00113719
1.02151 0.00113886
1.02154 0.00114032
1.02156 0.0011416
1.02159 0.00114272
1.02161 0.0011437
1.02164 0.00114456
1.02166 0.00114531
1.02168 0.00114596
1.02171 0.00114654
1.02173 0.00114704
1.02176 0.00114748
1.02178 0.00114786
1.02181 0.0011482
1.02183 0.0011485
1.02186 0.00114875
1.02188 0.00114898
1.02191 0.00115223
1.02193 0.00115508
1.02195 0.00115758
1.02198 0.00115976
1.022 0.00116167
1.02203 0.00116334
1.02205 0.0011648
1.02208 0.00116608
1.0221 0.0011672
1.02213 0.00116818
1.02215 0.00116904
1.02217 0.00116979
1.0222 0.00117044
1.02222 0.00117102
1.02225 0.00117152
1.02227 0.00117196
1.0223 0.00117234
1.02232 0.00117268
1.02235 0.00117297
1.02237 0.00117323
1.02239 0.00117346
1.02242 0.00117672
1.02244 0.00117957
1.02247 0.00118206
1.02249 0.00118424
1.02252 0.00118615
1.02254 0.00118782
1.02257 0.00118928
1.02259 0.00119056
1.02262 0.00119168
1.02264 0.00119266
1.02266 0.00119352
1.02269 0.00119427
1.02271 0.00119492
1.02274 0.0011955
1.02276 0.001196
1.02279 0.00119644
1.02281 0.00119682
1.02284 0.00119716
1.02286 0.00119746
1.02288 0.00119771
1.02291 0.00119794
1.02293 0.00120119
1.02296 0.00120404
1.02298 0.00120654
1.02301 0.00120872
1.02303 0.00121063
1.02306 0.0012123
1.02308 0.00121376
1.0231 0.00121504
1.02313 0.00121616
1.02315 0.00121714
1.02318 0.001218
1.0232 0.00121875
1.02323 0.0012194
1.02325 0.00121998
1.02328 0.00122048
1.0233 0.00122092
1.02332 0.0012213
1.02335 0.00122164
1.02337 0.00122193
1.0234 0.00122219
1.02342 0.00122242
1.02345 0.00122567
1.02347 0.00122852
1.0235 0.00123102
1.02352 0.0012332
1.02355 0.00123511
1.02357 0.00123678
1.02359 0.00123824
1.02362 0.00123952
1.02364 0.00124064
1.02367 0.00124162
1.02369 0.00124248
1.02372 0.00124323
1.02374 0.00124388
1.02377 0.00124446
1.02379 0.00124496
1.02381 0.0012454
1.02384 0.00124578
1.02386 0.00124612
1.02389 0.00124641
1.02391 0.00124667
1.02394 0.0012469
1.02396 0.00125015
1.02399 0.001253
1.02401 0.0012555
1.02403 0.00125768
1.02406 0.00125959
1.02408 0.00126126
1.02411 0.00126272
1.02413 0.001264
1.02416 0.00126512
1.02418 0.0012661
1.02421 0.00126696
1.02423 0.00126771
1.02426 0.00126836
1.02428 0.00126894
1.0243 0.00126944
1.02433 0.00126988
1.02435 0.00127026
1.02438 0.0012706
1.0244 0.00127089
1.02443 0.00127115
1.02445 0.00127138
1.02448 0.00127464
1.0245 0.00127749
1.02452 0.00127998
1.02455 0.00128216
1.02457 0.00128407
1.0246 0.00128574
1.02462 0.0012872
1.02465 0.00128848
1.02467 0.0012896
1.0247 0.00129058
1.02472 0.00129144
1.02474 0.00129219
1.02477 0.00129284
1.02479 0.00129342
1.02482 0.00129392
1.02484 0.00129436
1.02487 0.00129474
1.02489 0.00129508
1.02492 0.00129538
1.02494 0.00129563
1.02497 0.00129586
1.02499 0.00129911
1.02501 0.00130196
1.02504 0.00130446
1.02506 0.00130664
1.02509 0.00130855
1.02511 0.00131022
1.02514 0.00131168
1.02516 0.00131296
1.02519 0.00131408
1.02521 0.00131506
1.02523 0.00131592
1.02526 0.00131667
1.02528 0.00131732
1.02531 0.0013179
1.02533 0.0013184
1.02536 0.00131884
1.02538 0.00131922
1.02541 0.00131956
1.02543 0.00131985
1.02545 0.00132011
1.02548 0.00132034
1.0255 0.00132359
1.02553 0.00132644
1.02555 0.00132894
1.02558 0.00133112
1.0256 0.00133303
1.02563 0.0013347
1.02565 0.00133616
1.02568 0.00133744
1.0257 0.00133856
1.02572 0.00133954
1.02575 0.0013404
1.02577 0.00134115
1.0258 0.0013418
1.02582 0.00134238
1.02585 0.00134288
1.02587 0.00134332
1.0259 0.0013437
1.02592 0.00134404
1.02594 0.00134433
1.02597 0.00134459
1.02599 0.00134482
1.02602 0.00134808
1.02604 0.00135092
1.02607 0.00135342
1.02609 0.0013556
1.02612 0.00135751
1.02614 0.00135918
1.02616 0.00136064
1.02619 0.00136192
1.02621 0.00136304
1.02624 0.00136402
1.02626 0.00136488
1.02629 0.00136563
1.02631 0.00136628
1.02634 0.00136686
1.02636 0.00136736
1.02638 0.0013678
1.02641 0.00136818
1.02643 0.00136852
1.02646 0.00136882
1.02648 0.00136907
1.02651 0.0013693
1.02653 0.00137255
1.02656 0.0013754
1.02658 0.0013779
1.02661 0.00138008
1.02663 0.00138199
1.02665 0.00138366
1.02668 0.00138512
1.0267 0.0013864
1.02673 0.00138752
1.02675 0.0013885
1.02678 0.00138936
1.0268 0.00139011
1.02683 0.00139076
1.02685 0.00139134
1.02687 0.00139184
1.0269 0.00139228
1.02692 0.00139266
1.02695 0.001393
1.02697 0.00139329
1.027 0.00139355
1.02702 0.00139378
1.02705 0.00139704
1.02707 0.00139989
1.02709 0.00140238
1.02712 0.00140456
1.02714 0.00140647
1.02717 0.00140814
1.02719 0.0014096
1.02722 0.00141088
1.02724 0.001412
1.02727 0.00141298
1.02729 0.00141384
1.02732 0.00141459
1.02734 0.00141524
1.02736 0.00141582
1.02739 0.00141632
1.02741 0.00141676
1.02744 0.00141714
1.02746 0.00141748
1.02749 0.00141778
1.02751 0.00141803
1.02754 0.00141826
1.02756 0.00142151
1.02758 0.00142436
1.02761 0.00142686
1.02763 0.00142904
1.02766 0.00143095
1.02768 0.00143262
1.02771 0.00143408
1.02773 0.00143536
1.02776 0.00143648
1.02778 0.00143746
1.0278 0.00143832
1.02783 0.00143907
1.02785 0.00143972
1.02788 0.0014403
1.0279 0.0014408
1.02793 0.00144124
1.02795 0.00144162
1.02798 0.00144196
1.028 0.00144225
1.02803 0.00144251
1.02805 0.00144274
1.02807 0.001446
1.0281 0.00144885
1.02812 0.00145134
1.02815 0.00145352
1.02817 0.00145543
1.0282 0.0014571
1.02822 0.00145856
1.02825 0.00145984
1.02827 0.00146096
1.02829 0.00146194
1.02832 0.0014628
1.02834 0.00146355
1.02837 0.0014642
1.02839 0.00146478
1.02842 0.00146528
1.02844 0.00146572
1.02847 0.0014661
1.02849 0.00146644
1.02851 0.00146674
1.02854 0.00146699
1.02856 0.00146722
1.02859 0.00147047
1.02861 0.00147332
1.02864 0.00147582
1.02866 0.001478
1.02869 0.00147991
1.02871 0.00148158
1.02874 0.00148304
1.02876 0.00148432
1.02878 0.00148544
1.02881 0.00148642
1.02883 0.00148728
1.02886 0.00148803
1.02888 0.00148868
1.02891 0.00148926
1.02893 0.00148976
1.02896 0.0014902
1.02898 0.00149058
1.029 0.00149092
1.02903 0.00149121
1.02905 0.00149147
1.02908 0.0014917
1.0291 0.00149496
1.02913 0.00149781
1.02915 0.0015003
1.02918 0.00150248
1.0292 0.00150439
1.02922 0.00150606
1.02925 0.00150752
1.02927 0.0015088
1.0293 0.00150992
1.02932 0.0015109
1.02935 0.00151176
1.02937 0.00151251
1.0294 0.00151316
1.02942 0.00151374
1.02944 0.00151424
1.02947 0.00151468
1.02949 0.00151506
1.02952 0.0015154
1.02954 0.0015157
1.02957 0.00151595
1.02959 0.00151618
1.02962 0.00151943
1.02964 0.00152228
1.02967 0.00152478
1.02969 0.00152696
1.02971 0.00152887
1.02974 0.00153054
1.02976 0.001532
1.02979 0.00153328
1.02981 0.0015344
1.02984 0.00153538
1.02986 0.00153624
1.02989 0.00153699
1.02991 0.00153764
1.02993 0.00153822
1.02996 0.00153872
1.02998 0.00153916
1.03001 0.00153954
1.03003 0.00153988
1.03006 0.00154017
1.03008 0.00154043
1.03011 0.00154066
1.03013 0.00154391
1.03015 0.00154676
1.03018 0.00154926
1.0302 0.00155144
1.03023 0.00155335
1.03025 0.00155502
1.03028 0.00155648
1.0303 0.00155776
1.03033 0.00155888
1.03035 0.00155986
1.03038 0.00156072
1.0304 0.00156147
1.03042 0.00156212
1.03045 0.0015627
1.03047 0.0015632
1.0305 0.00156364
1.03052 0.00156402
1.03055 0.00156436
1.03057 0.00156465
1.0306 0.00156491
1.03062 0.00156514
1.03064 0.00156839
1.03067 0.00157124
1.03069 0.00157374
1.03072 0.00157592
1.03074 0.00157783
1.03077 0.0015795
1.03079 0.00158096
1.03082 0.00158224
1.03084 0.00158336
1.03086 0.00158434
1.03089 0.0015852
1.03091 0.00158595
1.03094 0.0015866
1.03096 0.00158718
1.03099 0.00158768
1.03101 0.00158812
1.03104 0.0015885
1.03106 0.00158884
1.03109 0.00158913
1.03111 0.00158939
1.03113 0.00158962
1.03116 0.00159288
1.03118 0.00159573
1.03121 0.00159822
1.03123 0.0016004
1.03126 0.00160231
1.03128 0.00160398
1.03131 0.00160544
1.03133 0.00160672
1.03135 0.00160784
1.03138 0.00160882
1.0314 0.00160968
1.03143 0.00161043
1.03145 0.00161108
1.03148 0.00161166
1.0315 0.00161216
1.03153 0.0016126
1.03155 0.00161298
1.03157 0.00161332
1.0316 0.00161362
1.03162 0.00161387
1.03165 0.0016141
1.03167 0.00161736
1.0317 0.0016202
1.03172 0.0016227
1.03175 0.00162488
1.03177 0.00162679
1.0318 0.00162846
1.03182 0.00162992
1.03184 0.0016312
1.03187 0.00163232
1.03189 0.0016333
1.03192 0.00163416
1.03194 0.00163491
1.03197 0.00163556
1.03199 0.00163614
1.03202 0.00163664
1.03204 0.00163708
1.03206 0.00163746
1.03209 0.0016378
1.03211 0.0016381
1.03214 0.00163835
1.03216 0.00163858
1.03219 0.00164183
1.03221 0.00164468
1.03224 0.00164718
1.03226 0.00164936
1.03228 0.00165127
1.03231 0.00165294
1.03233 0.0016544
1.03236 0.00165568
1.03238 0.0016568
1.03241 0.00165778
1.03243 0.00165864
1.03246 0.00165939
1.03248 0.00166004
1.0325 0.00166062
1.03253 0.00166112
1.03255 0.00166156
1.03258 0.00166194
1.0326 0.00166228
1.03263 0.00166257
1.03265 0.00166283
1.03268 0.00166306
1.0327 0.00166632
1.03273 0.00166917
1.03275 0.00167166
1.03277 0.00167384
1.0328 0.00167575
1.03282 0.00167742
1.03285 0.00167888
1.03287 0.00168016
1.0329 0.00168128
1.03292 0.00168226
1.03295 0.00168312
1.03297 0.00168387
1.03299 0.00168452
1.03302 0.0016851
1.03304 0.0016856
1.03307 0.00168604
1.03309 0.00168642
1.03312 0.00168676
1.03314 0.00168706
1.03317 0.00168731
1.03319 0.00168754
1.03321 0.00169079
1.03324 0.00169364
1.03326 0.00169614
1.03329 0.00169832
1.03331 0.00170023
1.03334 0.0017019
1.03336 0.00170336
1.03339 0.00170464
1.03341 0.00170576
1.03344 0.00170674
1.03346 0.0017076
1.03348 0.00170835
1.03351 0.001709
1.03353 0.00170958
1.03356 0.00171008
1.03358 0.00171052
1.03361 0.0017109
1.03363 0.00171124
1.03366 0.00171153
1.03368 0.00171179
1.0337 0.00171202
1.03373 0.00171528
1.03375 0.00171813
1.03378 0.00172062
1.0338 0.0017228
1.03383 0.00172471
1.03385 0.00172638
1.03388 0.00172784
1.0339 0.00172912
1.03392 0.00173024
1.03395 0.00173122
1.03397 0.00173208
1.034 0.00173283
1.03402 0.00173348
1.03405 0.00173406
1.03407 0.00173456
1.0341 0.001735
1.03412 0.00173538
1.03415 0.00173572
1.03417 0.00173602
1.03419 0.00173627
1.03422 0.0017365
1.03424 0.00173975
1.03427 0.0017426
1.03429 0.0017451
1.03432 0.00174728
1.03434 0.00174919
1.03437 0.00175086
1.03439 0.00175232
1.03441 0.0017536
1.03444 0.00175472
1.03446 0.0017557
1.03449 0.00175656
1.03451 0.00175731
1.03454 0.00175796
1.03456 0.00175854
1.03459 0.00175904
1.03461 0.00175948
1.03463 0.00175986
1.03466 0.0017602
1.03468 0.00176049
1.03471 0.00176075
1.03473 0.00176098
1.03476 0.00176423
1.03478 0.00176709
1.03481 0.00176958
1.03483 0.00177176
1.03486 0.00177367
1.03488 0.00177534
1.0349 0.0017768
1.03493 0.00177808
1.03495 0.0017792
1.03498 0.00178018
1.035 0.00178104
1.03503 0.00178179
1.03505 0.00178244
1.03508 0.00178302
1.0351 0.00178352
1.03512 0.00178396
1.03515 0.00178434
1.03517 0.00178468
1.0352 0.00178497
1.03522 0.00178523
1.03525 0.00178546
1.03527 0.00178871
1.0353 0.00179156
1.03532 0.00179406
1.03534 0.00179624
1.03537 0.00179815
1.03539 0.00179982
1.03542 0.00180128
1.03544 0.00180256
1.03547 0.00180368
1.03549 0.00180466
1.03552 0.00180552
1.03554 0.00180627
1.03556 0.00180692
1.03559 0.0018075
1.03561 0.001808
1.03564 0.00180844
1.03566 0.00180882
1.03569 0.00180916
1.03571 0.00180945
1.03574 0.00180971
1.03576 0.00180994
1.03579 0.0018132
1.03581 0.00181605
1.03583 0.00181854
1.03586 0.00182072
1.03588 0.00182263
1.03591 0.0018243
1.03593 0.00182576
1.03596 0.00182704
1.03598 0.00182816
1.03601 0.00182914
1.03603 0.00183
1.03605 0.00183075
1.03608 0.0018314
1.0361 0.00183198
1.03613 0.00183248
1.03615 0.00183292
1.03618 0.0018333
1.0362 0.00183364
1.03623 0.00183394
1.03625 0.00183419
1.03627 0.00183442
1.0363 0.00183767
1.03632 0.00184052
1.03635 0.00184302
1.03637 0.0018452
1.0364 0.00184711
1.03642 0.00184878
1.03645 0.00185024
1.03647 0.00185152
1.0365 0.00185264
1.03652 0.00185362
1.03654 0.00185448
1.03657 0.00185523
1.03659 0.00185588
1.03662 0.00185646
1.03664 0.00185696
1.03667 0.0018574
1.03669 0.00185778
1.03672 0.00185812
1.03674 0.00185841
1.03676 0.00185867
1.03679 0.0018589
1.03681 0.00186215
1.23826 0.00171966
1.23899 0.0015965
1.23902 0.00149179
1.23975 0.00140018
1.23978 0.00132308
1.2398 0.00125561
1.23982 0.00119964
1.24056 0.00115066
1.24058 0.00111087
1.24061 0.00107605
1.24063 0.00104864
1.24066 0.00102466
1.24068 0.00100674
1.24071 0.000991058
1.24073 0.000980395
1.24146 0.000971065
1.24149 0.000965961
1.24151 0.000961495
1.24154 0.000960648
1.24156 0.000959907
1.24159 0.000962318
1.24161 0.000964428
1.24164 0.000969334
1.24166 0.000973627
1.24168 0.000980443
1.24171 0.000986407
1.24173 0.000994686
1.24176 0.00100193
1.24178 0.00101133
1.24179 0.00101802
1.24182 0.00102694
1.24254 0.00103321
1.24257 0.00104176
1.24258 0.00104771
1.2426 0.00105598
1.24261 0.00106168
1.24264 0.00106973
1.24265 0.00107524
1.24268 0.00108313
1.24269 0.0010885
1.24271 0.00109625
1.24273 0.00110151
1.24275 0.00110917
1.24276 0.00111435
1.24279 0.00112193
1.2428 0.00112704
1.24282 0.00113457
1.24284 0.00113963
1.24286 0.00114711
1.24287 0.00115213
1.2429 0.00115959
1.24291 0.00116458
1.24293 0.001172
1.24295 0.00117697
1.24297 0.00118438
1.24298 0.00118933
1.24301 0.00119673
1.24302 0.00120166
1.24303 0.00120752
1.24306 0.00121417
1.24307 0.00122151
1.24309 0.00122795
1.24312 0.00123663
1.24381 0.00124117
1.24385 0.00124668
1.24386 0.00125149
1.24389 0.00125876
1.2439 0.0012636
1.24391 0.00126783
1.24394 0.00127153
1.24395 0.00127477
1.24397 0.0012776
1.24399 0.00128008
1.24401 0.00128225
1.24402 0.00128415
1.24405 0.00128581
1.24406 0.00128726
1.24408 0.00128853
1.2441 0.00128965
1.24412 0.00129062
1.24413 0.00129147
1.24416 0.00129222
1.24417 0.00129287
1.24419 0.00129344
1.24421 0.00129394
1.24423 0.00129438
1.24424 0.00129476
1.24427 0.00129815
1.24428 0.00129959
1.24429 0.00130085
1.24432 0.00130196
1.24433 0.00130292
1.24434 0.00130377
1.24437 0.00130451
1.24438 0.00130515
1.2444 0.00130572
1.24443 0.00130621
1.24512 0.00130664
1.24516 0.00130702
1.24517 0.00130736
1.2452 0.00130765
1.24521 0.0013079
1.24522 0.00130812
1.24525 0.00130832
1.24526 0.00130849
1.24528 0.00130864
1.2453 0.00130876
1.24532 0.00130888
1.24533 0.00131051
1.24536 0.00131346
1.24537 0.00131452
1.24538 0.00131544
1.24541 0.00131625
1.24542 0.00131696
1.24544 0.00131758
1.24545 0.00131812
1.24548 0.0013186
1.24549 0.00131901
1.24552 0.00131938
1.24553 0.00131969
1.24555 0.00131997
1.24556 0.00132021
1.24559 0.00132043
1.2456 0.00132061
1.24561 0.00132078
1.24564 0.00132092
1.24565 0.00132104
1.24566 0.00132115
1.24569 0.00132125
1.2457 0.00132286
1.24572 0.0013258
1.24574 0.00132685
1.24576 0.00132776
1.24646 0.00132856
1.24649 0.00132926
1.24651 0.00132987
1.24653 0.00133041
1.24654 0.00133088
1.24656 0.00133129
1.24658 0.00133165
1.24659 0.00133196
1.24662 0.00133223
1.24663 0.00133248
1.24665 0.00133268
1.24667 0.00133287
1.24669 0.00133303
1.2467 0.00133317
1.24672 0.00133329
1.24674 0.0013334
1.24675 0.0013335
1.24678 0.00133664
1.24679 0.00133786
1.2468 0.00133893
1.24683 0.00133986
1.24684 0.00134068
1.24686 0.00134139
1.24687 0.00134202
1.2469 0.00134256
1.24691 0.00134304
1.24694 0.00134346
1.24695 0.00134383
1.24696 0.00134415
1.24698 0.00134443
1.247 0.00134468
1.24701 0.00134489
1.24703 0.00134508
1.24705 0.00134524
1.24707 0.00134539
1.24708 0.00134552
1.24711 0.00134563
1.2478 0.00134572
1.24783 0.00134886
1.24785 0.00135009
1.24787 0.00135115
1.24789 0.00135209
1.2479 0.00135291
1.24791 0.00135362
1.24794 0.00135425
1.24795 0.0013548
1.24798 0.00135528
1.24799 0.0013557
1.24801 0.00135607
1.24802 0.00135639
1.24805 0.00135667
1.24806 0.00135691
1.24807 0.00135713
1.2481 0.00135732
1.24811 0.00135748
1.24814 0.00135763
1.24815 0.00135775
1.24816 0.00135786
1.24818 0.00135796
1.2482 0.00135958
1.24822 0.00136252
1.24823 0.00136356
1.24825 0.00136448
1.24827 0.00136528
1.24828 0.00136598
1.24831 0.00136659
1.24832 0.00136712
1.24833 0.00136759
1.24836 0.001368
1.24837 0.00136836
1.24838 0.00136868
1.2484 0.00136895
1.24842 0.00136919
1.24844 0.0013694
1.24845 0.00136959
1.24848 0.00136975
1.24918 0.00136989
1.2492 0.00137001
1.24922 0.00137012
1.24924 0.00137021
1.24926 0.00137336
1.24927 0.00137458
1.24929 0.00137564
1.2493 0.00137658
1.24932 0.0013774
1.24933 0.00137811
1.24936 0.00137874
1.24937 0.00137928
1.2494 0.00137976
1.24941 0.00138018
1.24943 0.00138055
1.24944 0.00138087
1.24946 0.00138115
1.24948 0.0013814
1.24949 0.00138161
1.24952 0.0013818
1.24953 0.00138196
1.24954 0.00138211
1.24957 0.00138223
1.24958 0.00138235
1.2496 0.00138244
1.24962 0.00138405
1.24963 0.00138547
1.24965 0.00138823
1.24967 0.00138912
1.24968 0.0013899
1.2497 0.00139058
1.24971 0.00139118
1.24973 0.0013917
1.24975 0.00139216
1.24976 0.00139256
1.24978 0.00139291
1.2498 0.00139322
1.24981 0.00139348
1.24984 0.00139372
1.24985 0.00139392
1.24987 0.0013941
1.25057 0.00139426
1.2506 0.0013944
1.25062 0.00139452
1.25063 0.00139462
1.25066 0.00139471
1.25067 0.00139632
1.25068 0.00139773
1.25069 0.00139896
1.25072 0.00140157
1.25073 0.00140233
1.25074 0.00140299
1.25077 0.00140356
1.25078 0.00140407
1.2508 0.00140451
1.25082 0.00140489
1.25084 0.00140523
1.25085 0.00140553
1.25086 0.00140579
1.25089 0.00140601
1.2509 0.00140621
1.25093 0.00140638
1.25094 0.00140653
1.25095 0.00140667
1.25097 0.00140678
1.25099 0.00140689
1.25101 0.00140697
1.25102 0.00140858
1.25104 0.00140999
1.25106 0.00141275
1.25107 0.00141364
1.25108 0.00141441
1.2511 0.00141509
1.25112 0.00141568
1.25113 0.0014162
1.25115 0.00141666
1.25117 0.00141705
1.25118 0.0014174
1.2512 0.00141771
1.25122 0.00141797
1.25123 0.00141821
1.25126 0.00141841
1.25127 0.00141859
1.25129 0.00141874
1.25199 0.00141888
1.25202 0.001419
1.25204 0.0014191
1.25205 0.0014192
1.25208 0.00142234
1.25209 0.00142355
1.2521 0.00142462
1.25211 0.00142555
1.25213 0.00142637
1.25215 0.00142708
1.25216 0.00142771
1.25217 0.00142825
1.2522 0.00142873
1.25221 0.00142915
1.25224 0.00142951
1.25225 0.00142983
1.25227 0.00143011
1.25228 0.00143036
1.2523 0.00143057
1.25232 0.00143076
1.25233 0.00143092
1.25236 0.00143107
1.25237 0.00143119
1.25238 0.0014313
1.25241 0.0014314
1.25242 0.00143301
1.25244 0.00143596
1.25246 0.001437
1.25247 0.00143792
1.25248 0.00143872
1.2525 0.00143942
1.25252 0.00144003
1.25253 0.00144056
1.25254 0.00144103
1.25257 0.00144144
1.25258 0.0014418
1.25259 0.00144212
1.25261 0.00144239
1.25263 0.00144263
1.25264 0.00144284
1.25266 0.00144303
1.25268 0.00144319
1.2527 0.00144333
1.25271 0.00144345
1.25274 0.00144356
1.25344 0.00144365
1.25346 0.0014468
1.25347 0.00144802
1.2535 0.00144908
1.25351 0.00145002
1.25353 0.00145084
1.25355 0.00145155
1.25356 0.00145218
1.25357 0.00145272
1.25358 0.0014532
1.25361 0.00145362
1.25362 0.00145399
1.25363 0.00145431
1.25366 0.00145459
1.25367 0.00145484
1.25369 0.00145505
1.2537 0.00145524
1.25373 0.0014554
1.25374 0.00145555
1.25375 0.00145568
1.25378 0.00145579
1.25379 0.00145588
1.25381 0.00145903
1.25383 0.00146025
1.25384 0.00146131
1.25385 0.00146225
1.25388 0.00146307
1.25389 0.00146378
1.25391 0.00146441
1.25392 0.00146496
1.25394 0.00146544
1.25395 0.00146586
1.25397 0.00146623
1.25399 0.00146655
1.254 0.00146683
1.25401 0.00146707
1.25403 0.00146729
1.25405 0.00146748
1.25406 0.00146764
1.25408 0.00146779
1.2541 0.00146791
1.25411 0.00146802
1.25413 0.00146812
1.25414 0.00146974
1.25417 0.00147268
1.25418 0.00147372
1.25419 0.00147464
1.25422 0.00147544
1.25492 0.00147614
1.25495 0.00147828
1.25497 0.00148015
1.25499 0.00148179
1.255 0.00148323
1.25503 0.00148449
1.25504 0.00148558
1.25505 0.00148655
1.25506 0.00148739
1.25508 0.00148812
1.2551 0.00148877
1.25511 0.00148933
1.25512 0.00148982
1.25515 0.00149026
1.25516 0.00149063
1.25519 0.00149096
1.2552 0.00149278
1.25522 0.00149591
1.25523 0.00149711
1.25525 0.00149816
1.25526 0.00149908
1.25528 0.00149988
1.2553 0.00150059
1.25532 0.0015012
1.25533 0.00150174
1.25534 0.00150221
1.25536 0.00150263
1.25538 0.00150299
1.25539 0.0015033
1.25542 0.00150358
1.25543 0.00150382
1.25544 0.00150403
1.25545 0.00150422
1.25548 0.00150438
1.25549 0.00150452
1.2555 0.00150465
1.25552 0.00150476
1.25554 0.00150791
1.25555 0.00150914
1.25556 0.00151022
1.25558 0.00151116
1.2556 0.00151198
1.25561 0.00151271
1.25563 0.00151334
1.25565 0.00151389
1.25566 0.00151437
1.25569 0.00151479
1.2557 0.00151516
1.25571 0.00151549
1.25574 0.00151577
1.25643 0.00151602
1.25647 0.00151624
1.25648 0.00151643
1.25651 0.00151659
1.25652 0.00151674
1.25654 0.00151687
1.25656 0.00151698
1.25657 0.00151707
1.25658 0.00151869
1.25659 0.0015201
1.25662 0.00152287
1.25663 0.00152376
1.25664 0.00152454
1.25665 0.00152522
1.25668 0.00152582
1.25669 0.00152634
1.25672 0.0015268
1.25673 0.0015272
1.25675 0.00152755
1.25676 0.00152785
1.25678 0.00152812
1.25679 0.00152836
1.25681 0.00152856
1.25683 0.00152874
1.25685 0.0015289
1.25686 0.00152903
1.25687 0.00152915
1.25689 0.00152926
1.25691 0.00152935
1.25692 0.00153096
1.25695 0.0015339
1.25696 0.00153494
1.25697 0.00153586
1.25698 0.00153665
1.257 0.00153735
1.25702 0.00153796
1.25703 0.0015385
1.25705 0.00153896
1.25706 0.00153937
1.25708 0.00153973
1.25709 0.00154004
1.25711 0.00154032
1.25712 0.00154056
1.25714 0.00154077
1.25716 0.00154095
1.25717 0.00154111
1.25719 0.00154125
1.2572 0.00154138
1.25723 0.00154148
1.25724 0.00154158
1.25725 0.00154319
1.25728 0.00154613
1.25729 0.00154717
1.25799 0.00154809
1.25803 0.00154889
1.25804 0.00154959
1.25806 0.0015502
1.25807 0.00155073
1.2581 0.0015512
1.25811 0.00155161
1.25812 0.00155197
1.25814 0.00155228
1.25815 0.00155255
1.25817 0.0015528
1.25818 0.00155301
1.2582 0.00155319
1.25821 0.00155335
1.25823 0.00155349
1.25825 0.00155361
1.25827 0.00155372
1.25828 0.00155382
1.25831 0.00155696
1.25832 0.00155818
1.25833 0.00155925
1.25834 0.00156018
1.25836 0.001561
1.25838 0.00156171
1.25839 0.00156234
1.25842 0.00156288
1.25843 0.00156336
1.25844 0.00156378
1.25845 0.00156415
1.25848 0.00156447
1.25849 0.00156475
1.25851 0.001565
1.25853 0.00156521
1.25854 0.0015654
1.25855 0.00156557
1.25856 0.00156571
1.25859 0.00156584
1.2586 0.00156595
1.25861 0.00156604
1.25862 0.00156766
1.25865 0.0015706
1.25866 0.00157164
1.25867 0.00157256
1.25869 0.00157336
1.2587 0.00157406
1.25872 0.00157467
1.25873 0.00157521
1.25875 0.00157567
1.25877 0.00157608
1.25878 0.00157644
1.25881 0.00157676
1.25882 0.00157703
1.25883 0.00157727
1.25886 0.00157748
1.25887 0.00157767
1.25957 0.00157783
1.2596 0.00157797
1.25962 0.00157809
1.25964 0.0015782
1.25965 0.00157829
1.25968 0.00158144
1.25969 0.00158266
1.2597 0.00158373
1.25971 0.00158466
1.25973 0.00158548
1.25974 0.00158619
1.25976 0.00158682
1.25978 0.00158736
1.25979 0.00158784
1.2598 0.00158826
1.25982 0.00158863
1.25984 0.00158895
1.25986 0.00158923
1.25987 0.00158948
1.2599 0.00158969
1.25991 0.00158988
1.25992 0.00159005
1.25993 0.00159019
1.25995 0.00159031
1.25997 0.00159042
1.25998 0.00159052
1.26001 0.00159366
1.26002 0.00159489
1.26003 0.00159596
1.26004 0.00159689
1.26006 0.00159771
1.26008 0.00159842
1.26009 0.00159905
1.26012 0.0015996
1.26013 0.00160008
1.26014 0.0016005
1.26015 0.00160087
1.26017 0.00160119
1.26019 0.00160147
1.2602 0.00160171
1.26022 0.00160193
1.26023 0.00160212
1.26025 0.00160228
1.26026 0.00160243
1.26028 0.00160255
1.26029 0.00160266
1.2603 0.00160276
1.26033 0.0016059
1.26034 0.00160713
1.26035 0.00160819
1.26036 0.00160913
1.26039 0.00160995
1.2604 0.00161066
1.26042 0.00161129
1.26044 0.00161184
1.26045 0.00161232
1.26047 0.00161274
1.26049 0.00161311
1.26118 0.00161343
1.26122 0.00161371
1.26123 0.00161395
1.26126 0.00161417
1.26127 0.00161436
1.26129 0.00161452
1.26131 0.00161467
1.26132 0.00161479
1.26133 0.0016149
1.26134 0.001615
1.26135 0.00161662
1.26138 0.00161956
1.26139 0.0016206
1.2614 0.00162152
1.26142 0.00162232
1.26143 0.00162302
1.26145 0.00162363
1.26146 0.00162416
1.26149 0.00162463
1.2615 0.00162504
1.26153 0.0016254
1.26154 0.00162572
1.26155 0.00162599
1.26156 0.00162623
1.26157 0.00162644
1.2616 0.00162663
1.26161 0.00162679
1.26164 0.00162693
1.26165 0.00162705
1.26166 0.00162716
1.26167 0.00162725
1.26168 0.00162887
1.26171 0.00163181
1.26172 0.00163285
1.26173 0.00163376
1.26176 0.00163456
1.26177 0.00163526
1.26178 0.00163587
1.26179 0.00163641
1.26181 0.00163688
1.26183 0.00163729
1.26184 0.00163765
1.26186 0.00163796
1.26187 0.00163824
1.26189 0.00163847
1.26191 0.00163868
1.26192 0.00163887
1.26193 0.00163903
1.26194 0.00163917
1.26197 0.00163929
1.26198 0.0016394
1.26199 0.0016395
1.262 0.00164111
1.26203 0.00164405
1.26204 0.00164509
1.26205 0.00164601
1.26208 0.0016468
1.26209 0.0016475
1.2621 0.00164812
1.26213 0.00164865
1.26214 0.00164912
1.26284 0.00164953
1.26287 0.00164989
1.26288 0.0016502
1.26291 0.00165047
1.26292 0.00165072
1.26295 0.00165092
1.26296 0.00165111
1.26297 0.00165127
1.26298 0.00165141
1.26299 0.00165153
1.26301 0.00165164
1.26303 0.00165174
1.26304 0.00165335
1.26306 0.00165476
1.26307 0.00165599
1.26308 0.00165708
1.2631 0.00165955
1.26312 0.00166019
1.26313 0.00166074
1.26315 0.00166123
1.26317 0.00166165
1.26319 0.00166203
1.2632 0.00166235
1.26321 0.00166264
1.26323 0.00166289
1.26324 0.00166311
1.26326 0.0016633
1.26328 0.00166347
1.2633 0.00166361
1.26331 0.00166374
1.26332 0.00166385
1.26334 0.00166395
1.26335 0.00166403
1.26337 0.00166717
1.26339 0.00166838
1.2634 0.00166944
1.26341 0.00167037
1.26344 0.00167119
1.26345 0.0016719
1.26346 0.00167252
1.26347 0.00167307
1.26348 0.00167354
1.26351 0.00167396
1.26352 0.00167432
1.26353 0.00167464
1.26355 0.00167492
1.26357 0.00167516
1.26358 0.00167538
1.26359 0.00167557
1.26361 0.00167573
1.26362 0.00167587
1.26364 0.001676
1.26366 0.00167611
1.26367 0.0016762
1.26368 0.00167782
1.2637 0.00168076
1.26372 0.0016818
1.26373 0.00168272
1.26374 0.00168352
1.26377 0.00168422
1.26378 0.00168483
1.26379 0.00168537
1.26381 0.00168584
1.26383 0.00168625
1.26452 0.0016866
1.26456 0.00168692
1.26457 0.00168719
1.2646 0.00168743
1.26461 0.00168764
1.26463 0.00168783
1.26465 0.00168799
1.26466 0.00168813
1.26467 0.00168825
1.26468 0.00168836
1.2647 0.00168845
1.26472 0.0016916
1.26473 0.00169282
1.26474 0.00169389
1.26476 0.00169482
1.26477 0.00169564
1.26478 0.00169635
1.26481 0.00169698
1.26482 0.00169752
1.26483 0.001698
1.26485 0.00169842
1.26487 0.00169879
1.26489 0.00169911
1.2649 0.00169939
1.26492 0.00169964
1.26493 0.00169985
1.26494 0.00170004
1.26497 0.0017002
1.26498 0.00170035
1.265 0.00170047
1.26501 0.00170058
1.26503 0.00170068
1.26504 0.00170229
1.26505 0.00170371
1.26508 0.00170647
1.26509 0.00170736
1.2651 0.00170814
1.26511 0.00170882
1.26512 0.00170942
1.26515 0.00170994
1.26516 0.0017104
1.26517 0.0017108
1.26519 0.00171115
1.2652 0.00171146
1.26522 0.00171172
1.26523 0.00171196
1.26525 0.00171216
1.26526 0.00171234
1.26528 0.0017125
1.2653 0.00171264
1.26531 0.00171276
1.26532 0.00171286
1.26533 0.00171295
1.26536 0.00171609
1.26537 0.00171731
1.26538 0.00171838
1.26539 0.00171931
1.26541 0.00172012
1.26543 0.00172084
1.26544 0.00172146
1.26545 0.00172201
1.26547 0.00172249
1.26549 0.00172291
1.2655 0.00172327
1.26552 0.00172359
1.26554 0.00172387
1.26555 0.00172412
1.26625 0.00172433
1.2663 0.00172605
1.26631 0.00172755
1.26634 0.00172887
1.26635 0.00173002
1.26637 0.00173103
1.26638 0.00173191
1.2664 0.00173421
1.26641 0.00173622
1.26642 0.00173798
1.26643 0.00173953
1.26646 0.00174241
1.26647 0.00174339
1.26648 0.00174426
1.2665 0.00174502
1.26651 0.00174568
1.26652 0.00174626
1.26653 0.00174677
1.26656 0.00174721
1.26657 0.0017476
1.26658 0.00174794
1.26661 0.00174823
1.26662 0.0017485
1.26664 0.00174872
1.26665 0.00174892
1.26667 0.0017491
1.26668 0.00174925
1.26669 0.00174938
1.26672 0.00175256
1.26673 0.00175381
1.26674 0.0017549
1.26676 0.00175586
1.26678 0.0017567
1.26679 0.00175743
1.2668 0.00175807
1.26681 0.00175863
1.26684 0.00175912
1.26685 0.00175955
1.26686 0.00175993
1.26687 0.00176026
1.26689 0.00176054
1.26691 0.0017608
1.26692 0.00176102
1.26694 0.00176121
1.26695 0.00176138
1.26696 0.00176152
1.26698 0.00176165
1.267 0.00176177
1.26701 0.00176187
1.26702 0.00176348
1.26705 0.00176642
1.26706 0.00176747
1.26707 0.00176839
1.26708 0.00176919
1.26709 0.00176989
1.26711 0.0017705
1.26713 0.00177104
1.26714 0.00177151
1.26716 0.00177192
1.26717 0.00177228
1.26718 0.0017726
1.26721 0.00177287
1.26722 0.00177311
1.26723 0.00177332
1.26724 0.00177351
1.26727 0.00177367
1.26728 0.00177381
1.26729 0.00177393
1.26732 0.00177404
1.26733 0.00177414
1.26735 0.00177728
1.26804 0.0017785
1.26809 0.00177956
1.2681 0.0017805
1.26812 0.00178132
1.26814 0.00178203
1.26816 0.00178266
1.26817 0.0017832
1.26818 0.00178368
1.2682 0.0017841
1.26821 0.00178447
1.26822 0.00178479
1.26825 0.00178507
1.26826 0.00178532
1.26827 0.00178553
1.26828 0.00178572
1.26829 0.00178589
1.26831 0.00178603
1.26832 0.00178615
1.26834 0.00178626
1.26836 0.00178636
1.26837 0.00178798
1.26839 0.00179092
1.2684 0.00179196
1.26842 0.00179288
1.26844 0.00179368
1.26845 0.00179438
1.26847 0.00179499
1.26848 0.00179553
1.26849 0.00179599
1.26851 0.0017964
1.26853 0.00179676
1.26854 0.00179708
1.26856 0.00179735
1.26858 0.00179759
1.26859 0.0017978
1.2686 0.00179799
1.26861 0.00179815
1.26864 0.00179829
1.26865 0.00179841
1.26866 0.00179852
1.26867 0.00179861
1.26869 0.00180023
1.26871 0.00180317
1.26872 0.00180421
1.26874 0.00180512
1.26875 0.00180592
1.26876 0.00180662
1.26877 0.00180723
1.2688 0.00180777
1.26881 0.00180824
1.26882 0.00180865
1.26883 0.00180901
1.26886 0.00180932
1.26887 0.00180959
1.26888 0.00180984
1.26889 0.00181004
1.26891 0.00181023
1.26892 0.00181039
1.26894 0.00181053
1.26896 0.00181065
1.26897 0.00181076
1.26898 0.00181086
1.26899 0.00181247
1.26902 0.00181541
1.26903 0.00181645
1.26904 0.00181737
1.26905 0.00181817
1.26907 0.00181886
1.26909 0.00181948
1.2691 0.00182001
1.26911 0.00182048
1.26914 0.00182089
1.26915 0.00182125
1.26918 0.00182156
1.26986 0.00182183
1.26991 0.00182208
1.26992 0.00182228
1.26995 0.00182247
1.26996 0.00182263
1.26998 0.00182277
1.27 0.00182289
1.27001 0.001823
1.27002 0.0018231
1.27003 0.00182471
1.27004 0.00182612
1.27007 0.00182888
1.27008 0.00182977
1.27009 0.00183055
1.27011 0.00183123
1.27012 0.00183183
1.27013 0.00183235
1.27014 0.0018328
1.27015 0.0018332
1.27018 0.00183355
1.27019 0.00183386
1.2702 0.00183413
1.27023 0.00183436
1.27024 0.00183456
1.27025 0.00183474
1.27028 0.0018349
1.27029 0.00183504
1.2703 0.00183516
1.27031 0.00183526
1.27033 0.00183535
1.27035 0.00183849
1.27036 0.00183971
1.27038 0.00184078
1.27039 0.00184171
1.27041 0.00184253
1.27042 0.00184324
1.27044 0.00184387
1.27045 0.00184441
1.27046 0.00184489
1.27049 0.00184531
1.2705 0.00184567
1.27051 0.00184599
1.27052 0.00184627
1.27053 0.00184652
1.27056 0.00184673
1.27057 0.00184692
1.27058 0.00184709
1.2706 0.00184723
1.27061 0.00184735
1.27062 0.00184746
1.27064 0.00184756
1.27066 0.00184917
1.27067 0.00185059
1.27068 0.00185182
1.27071 0.00185444
1.27072 0.00185519
1.27073 0.00185585
1.27074 0.00185643
1.27075 0.00185694
1.27077 0.00185738
1.27078 0.00185777
1.2708 0.00185811
1.27082 0.0018584
1.27083 0.00185866
1.27084 0.00185889
1.27085 0.00185909
1.27088 0.00185926
1.27089 0.00185941
1.2709 0.00185954
1.27091 0.00185966
1.27093 0.00185976
1.27095 0.00185985
1.27096 0.00186146
1.27097 0.00186287
1.271 0.00186563
1.27101 0.00186651
1.27102 0.00186729
1.27105 0.00186797
1.27173 0.00186856
1.27178 0.00186908
1.2718 0.00186953
1.27182 0.00186993
1.27183 0.00187028
1.27186 0.00187058
1.27187 0.00187085
1.27188 0.00187108
1.27189 0.00187129
1.27191 0.00187147
1.27192 0.00187162
1.27194 0.00187176
1.27195 0.00187188
1.27197 0.00187199
1.27198 0.00187208
1.27199 0.00187369
1.272 0.0018751
1.27202 0.00187633
1.27203 0.00187741
1.27553 0.00184001
1.27555 0.00181035
1.27556 0.00178592
1.27559 0.00176761
1.2756 0.00175312
1.27561 0.00174197
1.27563 0.00173374
1.27565 0.00172961
1.27566 0.00172445
1.27568 0.00171842
1.27569 0.00171313
1.27571 0.00171004
1.27574 0.00169512
1.27575 0.00168359
1.27576 0.00167504
1.27577 0.00166908
1.2758 0.00166693
1.27581 0.00166658
1.27582 0.0016678
1.27583 0.0016704
1.27585 0.0016742
1.27587 0.00168059
1.27588 0.00168771
1.2759 0.00169547
1.27592 0.00170532
1.27596 0.00169254
1.27597 0.00168289
1.27598 0.00167598
1.27601 0.00167299
1.27602 0.0016719
1.27603 0.00167248
1.27604 0.00167452
1.27607 0.00166409
1.27609 0.00165802
1.27686 0.00162365
1.27689 0.00159665
1.2769 0.00157455
1.27691 0.00155674
1.27692 0.00154268
1.27695 0.00153345
1.27696 0.0015269
1.27697 0.00152269
1.277 0.00152208
1.27701 0.00152307
1.27702 0.00152546
1.27703 0.00152909
1.27705 0.00153379
1.27707 0.00154097
1.27708 0.00154878
1.27709 0.00155714
1.27711 0.00156599
1.27712 0.00157526
1.27714 0.00158643
1.27716 0.00159773
1.27718 0.00161069
1.27719 0.00162355
1.27721 0.00163022
1.27722 0.00163452
1.27723 0.00163828
1.27725 0.00164158
1.27727 0.00164446
1.27728 0.00164698
1.27729 0.00164919
1.2773 0.00164959
1.27732 0.00164994
1.27734 0.00165178
1.27735 0.00165339
1.27736 0.00165326
1.27738 0.00165162
1.2774 0.00165172
1.27741 0.0016518
1.27744 0.00165341
1.27746 0.00165481
1.27747 0.00165604
1.27749 0.00165712
1.2775 0.00165805
1.27752 0.00166041
1.27754 0.00166094
1.27755 0.0016614
1.27756 0.0016618
1.27757 0.00166063
1.2776 0.00165807
1.27761 0.00165583
1.27763 0.0016554
1.27765 0.0016535
1.27767 0.00165336
1.27769 0.00165477
1.27772 0.00165753
1.27774 0.00165995
1.27777 0.00166207
1.27848 0.00165627
1.2785 0.00165119
1.27851 0.00164675
1.27853 0.00164287
1.27854 0.00163947
1.27856 0.00163649
1.27858 0.00163389
1.27859 0.00163162
1.27861 0.00162962
1.27862 0.00162788
1.27864 0.00162635
1.27865 0.00162502
1.27866 0.00162385
1.27869 0.00162589
1.2787 0.00162614
1.27871 0.00162636
1.27872 0.00162656
1.27874 0.00162673
1.27875 0.00162688
1.27877 0.00162701
1.27878 0.00162712
1.27881 0.00162722
1.27882 0.00162731
1.27883 0.00162738
1.27885 0.00162745
1.27886 0.00162751
1.27888 0.00162756
1.27889 0.0016276
1.27891 0.00162764
1.27892 0.00162768
1.27893 0.00162771
1.27894 0.00162773
1.27897 0.00162776
1.27898 0.00162778
1.27899 0.00162779
1.279 0.00162781
1.27903 0.00162782
1.27904 0.00162783
1.27907 0.00162784
1.27909 0.00162785
1.2791 0.00162786
1.27911 0.00162787
1.27913 0.00162787
1.27915 0.00162788
1.27916 0.00162788
1.27918 0.00162789
1.27919 0.00162789
1.2792 0.00162789
1.27922 0.0016279
1.27924 0.0016279
1.27926 0.0016279
1.27927 0.0016279
1.2793 0.00162791
1.27932 0.00162791
1.27935 0.00162791
1.27937 0.00162791
1.2794 0.00162791
1.28011 0.00162791
1.28013 0.00162791
1.28014 0.00162791
1.28828 0.00162944
1.28829 0.00163078
1.28831 0.00163195
1.28832 0.00163298
1.28834 0.00163388
1.28836 0.00163466
1.28837 0.00163535
1.28839 0.00163595
1.2884 0.00163648
1.28842 0.00163693
1.28843 0.00163734
1.28844 0.00163769
1.28847 0.001638
1.28848 0.00163827
1.28849 0.0016385
1.2885 0.00163871
1.28851 0.00163889
1.28853 0.00163905
1.28855 0.00163919
1.28856 0.00163931
1.28859 0.00163941
1.2886 0.00163951
1.28861 0.00163959
1.28863 0.00163966
1.28864 0.00163972
1.28866 0.00163978
1.28867 0.00163982
1.28869 0.00163987
1.2887 0.0016399
1.28871 0.00163993
1.28872 0.00163996
1.28875 0.00163999
1.28876 0.00164001
1.28877 0.00164003
1.28878 0.00164004
1.28881 0.00164006
1.28882 0.00164007
1.28885 0.00164008
1.28887 0.00164009
1.28888 0.0016401
1.28889 0.0016401
1.28891 0.00164011
1.28893 0.00164012
1.28894 0.00164012
1.28896 0.00164013
1.28897 0.00164013
1.28898 0.00164013
1.289 0.00164014
1.28902 0.00164014
1.28904 0.00164014
1.28905 0.00164014
1.28908 0.00164014
1.2891 0.00164015
1.28913 0.00164015
1.28915 0.00164015
1.28918 0.00164015
1.28989 0.00164015
1.28992 0.00164015
1.28993 0.00164015
1.28995 0.00164015
1.29978 0.00164168
1.29979 0.00164302
1.2998 0.00164419
1.29981 0.00164522
1.29984 0.00164612
1.29985 0.0016469
1.29986 0.00164759
1.29989 0.00164819
1.2999 0.00164872
1.29991 0.00164917
1.29992 0.00164958
1.29993 0.00164993
1.29996 0.00165024
1.29997 0.00165051
1.29998 0.00165074
1.3 0.00165095
1.30001 0.00165113
1.30002 0.00165129
1.30004 0.00165143
1.30006 0.00165155
1.30008 0.00165165
1.30009 0.00165175
1.30011 0.00165183
1.30012 0.0016519
1.30013 0.00165196
1.30016 0.00165202
1.30017 0.00165206
1.30018 0.00165211
1.30019 0.00165214
1.3002 0.00165217
1.30022 0.0016522
1.30024 0.00165223
1.30025 0.00165225
1.30027 0.00165227
1.30028 0.00165228
1.3003 0.0016523
1.30031 0.00165231
1.30034 0.00165232
1.30036 0.00165233
1.30038 0.00165234
1.30039 0.00165234
1.3004 0.00165235
1.30042 0.00165236
1.30044 0.00165236
1.30045 0.00165237
1.30046 0.00165237
1.30047 0.00165237
1.3005 0.00165238
1.30051 0.00165238
1.30053 0.00165238
1.30055 0.00165238
1.30057 0.00165238
1.3006 0.00165239
1.30062 0.00165239
1.30064 0.00165239
1.30067 0.00165239
1.30138 0.00165239
1.30143 0.00165239
1.30144 0.00165239
1.30145 0.00165239
1.30338 0.00164778
1.30339 0.00164222
1.30342 0.00163736
1.30343 0.00163157
1.30344 0.0016265
1.30345 0.00162054
1.30348 0.00161533
1.30349 0.00160923
1.30351 0.00160237
1.30353 0.00159636
1.30356 0.00158958
1.30358 0.00158364
1.30359 0.00157692
1.30361 0.00157104
1.30362 0.00156436
1.30364 0.00155852
1.30366 0.00155187
1.30369 0.00154453
1.3037 0.0015381
1.30373 0.00153095
1.30376 0.00152469
1.3038 0.00151769
1.30451 0.00151156
1.30455 0.00150467
1.30457 0.00149863
1.30459 0.00149183
1.30462 0.00148281
1.30463 0.00147492
1.30464 0.00146802
1.30476 0.00146199
1.30479 0.00145978
1.3048 0.00145938
1.30481 0.00146056
1.30482 0.00146312
1.30485 0.00146842
1.30486 0.00147459
1.30487 0.00148151
1.30488 0.00148604
1.3049 0.00149154
1.30492 0.00149787
1.30493 0.00150342
1.30495 0.00150674
1.30497 0.00151118
1.30498 0.00151506
1.305 0.00151846
1.30502 0.00152143
1.30504 0.00152556
1.30506 0.00152765
1.30507 0.00152947
1.30508 0.00152801
1.30511 0.00152825
1.30512 0.00152847
1.30513 0.00152713
1.30514 0.00152596
1.30517 0.00152646
1.30518 0.00152538
1.3052 0.00152442
1.30522 0.00152359
1.30525 0.00152286
1.30528 0.00152222
1.30531 0.00152167
1.30602 0.00152118
1.30607 0.00152075
1.30608 0.00152038
1.30611 0.00152005
1.30613 0.00151976
1.30615 0.00151951
1.30616 0.00151929
1.30619 0.00150839
1.30622 0.00149885
1.30623 0.0014905
1.30624 0.0014832
1.30626 0.00147681
1.30628 0.00147122
1.30629 0.00146633
1.3063 0.00146204
1.30632 0.0014583
1.30633 0.00145502
1.30635 0.00145215
1.30637 0.00144964
1.30638 0.00144745
1.3064 0.00144553
1.30641 0.00144385
1.30643 0.00144237
1.30645 0.00144109
1.30648 0.00143996
1.30649 0.00143897
1.3065 0.00143811
1.30651 0.00143736
1.30654 0.0014367
1.30655 0.00143612
1.30656 0.00143561
1.30657 0.00143517
1.3066 0.00143479
1.30661 0.00143445
1.30664 0.00143415
1.30665 0.00143389
1.30668 0.00143366
1.30671 0.00143347
1.30675 0.00143329
1.30746 0.00143314
1.3075 0.00143301
1.30752 0.00143289
1.30754 0.00143279
1.30757 0.0014327
1.30758 0.00143262
1.30759 0.00143255
1.30763 0.00143249
1.30765 0.00143244
1.30766 0.0014324
1.30768 0.00143236
1.30769 0.00143232
1.30771 0.00143229
1.30772 0.00143226
1.30774 0.00143224
1.30775 0.00143222
1.30776 0.0014322
1.30779 0.00143219
1.3078 0.00143217
1.30781 0.00143216
1.30783 0.00143215
1.30785 0.00143214
1.30786 0.00143213
1.30788 0.00143213
1.30791 0.00143212
1.30792 0.00143211
1.30793 0.00143211
1.30794 0.00143211
1.30797 0.0014321
1.30798 0.0014321
1.30799 0.0014321
1.30801 0.00143209
1.30803 0.00143209
1.30804 0.00143209
1.30807 0.00143209
1.30808 0.00143209
1.30812 0.00143209
1.30814 0.00143209
1.30818 0.00143208
1.30889 0.00143208
1.30894 0.00143208
1.30895 0.00143208
1.30897 0.00143208
1.31038 0.00143361
1.31039 0.00143495
1.31042 0.00143612
1.31044 0.00143714
1.31045 0.00143804
1.31047 0.00143882
1.3105 0.00143951
1.31053 0.00144011
1.31054 0.00144064
1.31055 0.0014411
1.31056 0.0014415
1.31059 0.00144185
1.3106 0.00144216
1.31061 0.00144243
1.31063 0.00144267
1.31064 0.00144287
1.31066 0.00144305
1.31067 0.00144321
1.31069 0.00144335
1.31071 0.00144347
1.31072 0.00144358
1.31074 0.00144367
1.31076 0.00144375
1.31078 0.00144382
1.3108 0.00144388
1.31081 0.00144394
1.31082 0.00144398
1.31085 0.00144403
1.31086 0.00144406
1.31087 0.00144409
1.31088 0.00144412
1.31091 0.00144415
1.31092 0.00144417
1.31094 0.00144419
1.31096 0.0014442
1.31099 0.00144422
1.31102 0.00144423
1.31105 0.00144424
1.31176 0.00144425
1.31182 0.00144426
1.31184 0.00144426
1.31186 0.00144427
1.31189 0.00144428
1.3119 0.00144428
1.31191 0.00144429
1.31195 0.00144429
1.31197 0.00144429
1.31198 0.0014443
1.312 0.0014443
1.31201 0.0014443
1.31203 0.0014443
1.31205 0.0014443
1.31206 0.00144431
1.31207 0.00144431
1.31208 0.00144431
1.31211 0.00144431
1.31212 0.00144431
1.31213 0.00144431
1.31216 0.00144431
1.31217 0.00144431
1.32195 0.00144584
1.32196 0.00144718
1.32198 0.00144835
1.32201 0.00144938
1.32202 0.00145028
1.32203 0.00145106
1.32207 0.00145175
1.32209 0.00145235
1.32211 0.00145287
1.32212 0.00145334
1.32213 0.00145374
1.32216 0.00145409
1.32217 0.0014544
1.32218 0.00145467
1.32219 0.0014549
1.3222 0.00145511
1.32223 0.00145529
1.32224 0.00145545
1.32225 0.00145559
1.32228 0.00145571
1.32229 0.00145582
1.3223 0.00145591
1.32233 0.00145599
1.32235 0.00145606
1.32236 0.00145612
1.32238 0.00145618
1.32239 0.00145622
1.32241 0.00145627
1.32242 0.0014563
1.32244 0.00145633
1.32245 0.00145636
1.32247 0.00145639
1.32249 0.00145641
1.32251 0.00145643
1.32252 0.00145644
1.32256 0.00145646
1.32258 0.00145647
1.32262 0.00145648
1.32333 0.00145649
1.3234 0.0014565
1.32342 0.0014565
1.32344 0.00145651
1.32347 0.00145652
1.32348 0.00145652
1.32349 0.00145653
1.32353 0.00145653
1.32355 0.00145653
1.32356 0.00145654
1.32358 0.00145654
1.32359 0.00145654
1.32361 0.00145654
1.32362 0.00145655
1.32364 0.00145655
1.32365 0.00145655
1.32366 0.00145655
1.32369 0.00145655
1.3237 0.00145655
1.32371 0.00145655
1.32373 0.00145655
1.32375 0.00145655
1.33257 0.00145808
1.33258 0.00145942
1.3326 0.00146059
1.33262 0.00146162
1.33263 0.00146252
1.33265 0.0014633
1.33266 0.00146399
1.33268 0.00146459
1.33269 0.00146511
1.33272 0.00146557
1.33273 0.00146598
1.33277 0.00146633
1.33279 0.00146664
1.33283 0.00146691
1.33354 0.00146714
1.33361 0.00146735
1.33362 0.00146753
1.33365 0.00146769
1.33367 0.00146783
1.33369 0.00146795
1.3337 0.00146806
1.33373 0.00146815
1.33376 0.00146823
1.33377 0.0014683
1.33378 0.00146836
1.3338 0.00146842
1.33382 0.00146846
1.33383 0.00146851
1.33384 0.00146854
1.33386 0.00146857
1.33387 0.0014686
1.33389 0.00146863
1.33391 0.00146865
1.33392 0.00146867
1.33394 0.00146868
1.33395 0.0014687
1.33397 0.00146871
1.33399 0.00146872
1.33402 0.00146873
1.33404 0.00146874
1.33405 0.00146875
1.33407 0.00146875
1.33409 0.00146876
1.3341 0.00146876
1.33411 0.00146877
1.33413 0.00146877
1.33415 0.00146877
1.33416 0.00146878
1.33419 0.00146878
1.3342 0.00146878
1.33424 0.00146878
1.33426 0.00146879
1.3343 0.00146879
1.33501 0.00146879
1.33508 0.00146879
1.33509 0.00146879
1.33512 0.00146879
1.33514 0.00146879
1.33515 0.00146879
1.33517 0.00146879
1.34244 0.00147032
1.34245 0.00147166
1.34247 0.00147283
1.3425 0.00147386
1.34251 0.00147476
1.34252 0.00147554
1.34256 0.00147623
1.34258 0.00147683
1.3426 0.00147736
1.34261 0.00147781
1.34262 0.00147822
1.34265 0.00147857
1.34266 0.00147888
1.34267 0.00147915
1.34268 0.00147938
1.34269 0.00147959
1.34272 0.00147977
1.34273 0.00147993
1.34274 0.00148007
1.34277 0.00148019
1.34278 0.00148029
1.34279 0.00148039
1.34282 0.00148047
1.34284 0.00148054
1.34287 0.0014806
1.34288 0.00148066
1.34289 0.0014807
1.34291 0.00148075
1.34293 0.00148078
1.34294 0.00148081
1.34295 0.00148084
1.34298 0.00148087
1.34299 0.00148089
1.34301 0.00148091
1.34302 0.00148092
1.34306 0.00148094
1.34309 0.00148095
1.34312 0.00148096
1.34383 0.00148097
1.34392 0.00148098
1.34393 0.00148098
1.34395 0.00148099
1.34398 0.001481
1.34399 0.001481
1.344 0.00148101
1.34404 0.00148101
1.34407 0.00148101
1.34408 0.00148102
1.34409 0.00148102
1.3441 0.00148102
1.34413 0.00148102
1.34414 0.00148102
1.34415 0.00148103
1.34416 0.00148103
1.34418 0.00148103
1.3442 0.00148103
1.34421 0.00148103
1.34422 0.00148103
1.34425 0.00148103
1.34426 0.00148103
1.35578 0.00148256
1.35579 0.0014839
1.35582 0.00148507
1.35584 0.0014861
1.35585 0.001487
1.35586 0.00148778
1.3559 0.00148847
1.35593 0.00148907
1.35594 0.0014896
1.35595 0.00149005
1.35596 0.00149046
1.35599 0.00149081
1.356 0.00149112
1.35601 0.00149139
1.35602 0.00149162
1.35604 0.00149183
1.35606 0.00149201
1.35607 0.00149217
1.35608 0.00149231
1.35611 0.00149243
1.35612 0.00149253
1.35613 0.00149263
1.35616 0.00149271
1.35618 0.00149278
1.35621 0.00149284
1.35622 0.0014929
1.35623 0.00149294
1.35626 0.00149299
1.35627 0.00149302
1.35628 0.00149305
1.35629 0.00149308
1.35632 0.00149311
1.35633 0.00149313
1.35635 0.00149315
1.35637 0.00149316
1.3564 0.00149318
1.35643 0.00149319
1.35646 0.0014932
1.35717 0.00149321
1.35727 0.00149322
1.35728 0.00149322
1.35731 0.00149323
1.35733 0.00149324
1.35735 0.00149324
1.35736 0.00149325
1.35739 0.00149325
1.35742 0.00149325
1.35743 0.00149326
1.35744 0.00149326
1.35746 0.00149326
1.35748 0.00149326
1.35749 0.00149326
1.3575 0.00149327
1.35752 0.00149327
1.35753 0.00149327
1.35755 0.00149327
1.35757 0.00149327
1.35758 0.00149327
1.3576 0.00149327
1.35761 0.00149327
1.3664 0.0014948
1.36642 0.00149614
1.36643 0.00149731
1.36645 0.00149834
1.36646 0.00149924
1.36648 0.00150002
1.36649 0.00150071
1.3665 0.00150131
1.36653 0.00150183
1.36654 0.00150229
1.36655 0.0015027
1.36657 0.00150305
1.36659 0.00150336
1.3666 0.00150363
1.36662 0.00150386
1.36665 0.00150407
1.36667 0.00150425
1.36668 0.00150441
1.3667 0.00150455
1.36672 0.00150467
1.36673 0.00150477
1.36675 0.00150487
1.36676 0.00150495
1.36678 0.00150502
1.36679 0.00150508
1.36682 0.00150514
1.36683 0.00150518
1.36687 0.00150523
1.36689 0.00150526
1.36693 0.00150529
1.36764 0.00150532
1.36774 0.00150535
1.36775 0.00150537
1.36777 0.00150539
1.3678 0.0015054
1.36781 0.00150542
1.36782 0.00150543
1.36786 0.00150544
1.36788 0.00150545
1.36791 0.00150546
1.36792 0.00150547
1.36793 0.00150547
1.36796 0.00150548
1.36797 0.00150548
1.36798 0.00150549
1.36799 0.00150549
1.36801 0.00150549
1.36803 0.0015055
1.36804 0.0015055
1.36806 0.0015055
1.36808 0.0015055
1.36809 0.0015055
1.3681 0.00150551
1.36813 0.00150551
1.36815 0.00150551
1.36818 0.00150551
1.36819 0.00150551
1.3682 0.00150551
1.36823 0.00150551
1.36824 0.00150551
1.37829 0.00150704
1.3783 0.00150838
1.37832 0.00150955
1.37835 0.00151058
1.37836 0.00151148
1.37837 0.00151226
1.37841 0.00151295
1.37844 0.00151355
1.37846 0.00151407
1.37847 0.00151454
1.37848 0.00151494
1.37851 0.00151529
1.37852 0.0015156
1.37853 0.00151587
1.37855 0.0015161
1.37856 0.00151631
1.37858 0.00151649
1.37859 0.00151665
1.37861 0.00151679
1.37863 0.00151691
1.37864 0.00151702
1.37866 0.00151711
1.37868 0.00151719
1.3787 0.00151726
1.37873 0.00151732
1.37874 0.00151738
1.37875 0.00151742
1.37878 0.00151747
1.37879 0.0015175
1.3788 0.00151753
1.37881 0.00151756
1.37884 0.00151759
1.37885 0.00151761
1.37888 0.00151763
1.37889 0.00151764
1.37892 0.00151766
1.37895 0.00151767
1.37899 0.00151768
1.3797 0.00151769
1.37981 0.0015177
1.37982 0.00151771
1.37984 0.00151771
1.37987 0.00151772
1.37988 0.00151772
1.37989 0.00151773
1.37993 0.00151773
1.37995 0.00151773
1.37998 0.00151774
1.37999 0.00151774
1.38 0.00151774
1.38003 0.00151774
1.38004 0.00151775
1.38005 0.00151775
1.38006 0.00151775
1.38008 0.00151775
1.3801 0.00151775
1.38011 0.00151775
1.38012 0.00151775
1.38015 0.00151775
1.38016 0.00151775
1.38911 0.00151928
1.38912 0.00152062
1.38915 0.00152179
1.38916 0.00152282
1.38917 0.00152372
1.38918 0.0015245
1.38919 0.00152519
1.38922 0.00152579
1.38923 0.00152631
1.38924 0.00152677
1.38927 0.00152718
1.38928 0.00152753
1.38929 0.00152784
1.38932 0.00152811
1.38934 0.00152834
1.38937 0.00152855
1.38938 0.00152873
1.38939 0.00152889
1.38941 0.00152903
1.38943 0.00152915
1.38944 0.00152925
1.38945 0.00152935
1.38948 0.00152943
1.38949 0.0015295
1.38951 0.00152956
1.38952 0.00152962
1.38956 0.00152966
1.38959 0.00152971
1.38962 0.00152974
1.39033 0.00152977
1.39044 0.0015298
1.39045 0.00152983
1.39048 0.00152985
1.3905 0.00152987
1.39052 0.00152988
1.39053 0.0015299
1.39056 0.00152991
1.39059 0.00152992
1.39061 0.00152993
1.39064 0.00152994
1.39065 0.00152995
1.39068 0.00152995
1.39069 0.00152996
1.3907 0.00152996
1.39071 0.00152997
1.39072 0.00152997
1.39075 0.00152997
1.39076 0.00152998
1.39077 0.00152998
1.3908 0.00152998
1.39081 0.00152998
1.39082 0.00152998
1.39085 0.00152999
1.39087 0.00152999
1.3909 0.00152999
1.39091 0.00152999
1.39092 0.00152999
1.39094 0.00152999
1.39096 0.00152999
1.39097 0.00152999
1.40116 0.00153152
1.40118 0.00153286
1.4012 0.00153403
1.40123 0.00153506
1.40124 0.00153596
1.40125 0.00153674
1.40129 0.00153743
1.40131 0.00153803
1.40134 0.00153856
1.40136 0.00153901
1.40137 0.00153942
1.4014 0.00153977
1.40141 0.00154008
1.40142 0.00154035
1.40143 0.00154058
1.40145 0.00154079
1.40147 0.00154097
1.40148 0.00154113
1.4015 0.00154127
1.40152 0.00154139
1.40153 0.00154149
1.40154 0.00154159
1.40157 0.00154167
1.40159 0.00154174
1.40162 0.0015418
1.40163 0.00154186
1.40164 0.0015419
1.40167 0.00154195
1.40168 0.00154198
1.40169 0.00154201
1.4017 0.00154204
1.40173 0.00154207
1.40174 0.00154209
1.40176 0.00154211
1.40178 0.00154212
1.40181 0.00154214
1.40184 0.00154215
1.40187 0.00154216
1.40258 0.00154217
1.40271 0.00154218
1.40272 0.00154218
1.40274 0.00154219
1.40277 0.0015422
1.40278 0.0015422
1.40279 0.00154221
1.40283 0.00154221
1.40285 0.00154221
1.40288 0.00154222
1.4029 0.00154222
1.40292 0.00154222
1.40294 0.00154222
1.40295 0.00154222
1.40296 0.00154223
1.40298 0.00154223
1.40299 0.00154223
1.40301 0.00154223
1.40303 0.00154223
1.40304 0.00154223
1.40306 0.00154223
1.40307 0.00154223
1.40486 0.00154376
1.40489 0.00154663
1.40491 0.00154761
1.40493 0.00154847
1.40497 0.00154922
1.40568 0.00154988
1.4058 0.00155045
1.40582 0.00155096
1.40584 0.0015514
1.40586 0.00155178
1.40588 0.00155212
1.40589 0.00155241
1.40593 0.00155267
1.40595 0.0015529
1.40598 0.00155309
1.406 0.00155327
1.40601 0.00155342
1.40604 0.00155355
1.40605 0.00155367
1.40606 0.00155377
1.40607 0.00155386
1.40609 0.00155393
1.40611 0.001554
1.40612 0.00155406
1.40613 0.00155411
1.40616 0.00155416
1.40617 0.0015542
1.40618 0.00155423
1.40621 0.00155426
1.40623 0.00155429
1.40626 0.00155431
1.40627 0.00155433
1.40628 0.00155435
1.40631 0.00155437
1.40632 0.00155438
1.40633 0.00155439
1.40634 0.0015544
1.40637 0.00155441
1.40638 0.00155442
1.4064 0.00155443
1.40642 0.00155443
1.40644 0.00155444
1.40646 0.00155444
1.40649 0.00155445
1.40653 0.00155445
1.40724 0.00155445
1.40736 0.00155446
1.40737 0.00155446
1.40739 0.00155446
1.40742 0.00155446
1.40743 0.00155447
1.40744 0.00155447
1.40748 0.00155447
1.40751 0.00155447
1.40753 0.00155447
1.40755 0.00155447
1.40757 0.00155447
1.40759 0.00155447
1.4076 0.00155447
1.41205 0.001556
1.41207 0.00155734
1.4121 0.00155851
1.41211 0.00155954
1.41212 0.00156044
1.41216 0.00156122
1.41218 0.00156191
1.41221 0.00156251
1.41223 0.00156303
1.41224 0.0015635
1.41227 0.0015639
1.41228 0.00156425
1.41229 0.00156456
1.4123 0.00156483
1.41232 0.00156506
1.41234 0.00156527
1.41235 0.00156545
1.41236 0.00156561
1.41239 0.00156575
1.4124 0.00156587
1.41241 0.00156598
1.41244 0.00156607
1.41246 0.00156615
1.41249 0.00156622
1.4125 0.00156628
1.41251 0.00156634
1.41254 0.00156638
1.41255 0.00156643
1.41256 0.00156646
1.41257 0.00156649
1.4126 0.00156652
1.41261 0.00156655
1.41263 0.00156657
1.41265 0.00156659
1.41267 0.0015666
1.41269 0.00156662
1.41272 0.00156663
1.41276 0.00156664
1.41347 0.00156665
1.41359 0.00156666
1.41361 0.00156667
1.41364 0.00156667
1.41366 0.00156668
1.41367 0.00156668
1.41369 0.00156669
1.41372 0.00156669
1.41375 0.00156669
1.41377 0.0015667
1.4138 0.0015667
1.41381 0.0015667
1.41383 0.0015667
1.41385 0.00156671
1.41386 0.00156671
1.41387 0.00156671
1.41388 0.00156671
1.41391 0.00156671
1.41392 0.00156671
1.41393 0.00156671
1.41396 0.00156671
1.41397 0.00156671
1.42344 0.00156824
1.42347 0.00156958
1.42348 0.00157075
1.42349 0.00157178
1.42351 0.00157268
1.42353 0.00157346
1.42354 0.00157415
1.42355 0.00157475
1.42358 0.00157527
1.42359 0.00157573
1.42361 0.00157614
1.42363 0.00157649
1.42365 0.0015768
1.42367 0.00157707
1.4237 0.0015773
1.42374 0.00157751
1.42445 0.00157769
1.42457 0.00157785
1.42459 0.00157799
1.42462 0.00157811
1.42464 0.00157821
1.42465 0.00157831
1.42467 0.00157839
1.4247 0.00157846
1.42473 0.00157852
1.42475 0.00157858
1.42478 0.00157862
1.42479 0.00157867
1.42481 0.0015787
1.42482 0.00157873
1.42484 0.00157876
1.42485 0.00157879
1.42486 0.00157881
1.42489 0.00157883
1.4249 0.00157884
1.42491 0.00157886
1.42493 0.00157887
1.42495 0.00157888
1.42496 0.00157889
1.42498 0.0015789
1.42502 0.00157891
1.42504 0.00157891
1.42506 0.00157892
1.42507 0.00157892
1.42509 0.00157893
1.42511 0.00157893
1.42512 0.00157893
1.42513 0.00157894
1.42516 0.00157894
1.42517 0.00157894
1.42519 0.00157894
1.4252 0.00157895
1.42523 0.00157895
1.42525 0.00157895
1.42528 0.00157895
1.42531 0.00157895
1.42602 0.00157895
1.42615 0.00157895
1.42617 0.00157895
1.4262 0.00157895
1.42623 0.00158048
1.42624 0.00158182
1.42627 0.00158452
1.42629 0.00158536
1.42632 0.00158609
1.42634 0.00158673
1.42637 0.00158729
1.42638 0.00158778
1.4264 0.0015882
1.42642 0.00158858
1.42643 0.0015889
1.42644 0.00158919
1.42645 0.00158944
1.42648 0.00158966
1.42649 0.00158985
1.4265 0.00159002
1.42653 0.00159017
1.42654 0.0015903
1.42655 0.00159041
1.42657 0.00159051
1.42661 0.00159059
1.42664 0.00159067
1.42665 0.00159073
1.42666 0.00159079
1.42669 0.00159084
1.4267 0.00159089
1.42671 0.00159093
1.42672 0.00159096
1.42675 0.00159099
1.42676 0.00159102
1.42678 0.00159104
1.4268 0.00159106
1.42682 0.00159108
1.42684 0.00159109
1.42687 0.0015911
1.42691 0.00159112
1.42762 0.00159113
1.42774 0.00159114
1.42776 0.00159114
1.42779 0.00159115
1.42781 0.00159116
1.42782 0.00159116
1.42784 0.00159116
1.42786 0.00159117
1.42788 0.00159117
1.42791 0.00159118
1.42793 0.00159118
1.42796 0.00159118
1.42797 0.00159118
1.42799 0.00159118
1.42801 0.00159119
1.42802 0.00159119
1.42803 0.00159119
1.42804 0.00159119
1.42807 0.00159119
1.42808 0.00159119
1.42809 0.00159119
1.42812 0.00159119
1.50188 0.00147797
1.50189 0.00137891
1.5019 0.00129222
1.50191 0.00121637
1.50192 0.00115001
1.50195 0.00109194
1.50196 0.00104112
1.50197 0.000996663
1.502 0.00095776
1.50201 0.00092372
1.50202 0.000893935
1.50205 0.000867873
1.50208 0.000845068
1.50211 0.000825114
1.50212 0.000807654
1.50213 0.000792377
1.50216 0.000779009
1.50217 0.000767312
1.50218 0.000757078
1.50219 0.000748123
1.50222 0.000740287
1.50223 0.000733431
1.50225 0.000727432
1.50227 0.000722183
1.50229 0.00071759
1.50232 0.000713571
1.50234 0.000710054
1.50238 0.000706977
1.50256 0.000704284
1.50257 0.000701928
1.50259 0.000699867
1.5026 0.000698063
1.50261 0.000696485
1.50263 0.000695104
1.50265 0.000693896
1.50266 0.000692839
1.50268 0.000691914
1.5027 0.000691104
1.50271 0.000690396
1.50273 0.000689776
1.50277 0.000689234
1.50279 0.000688759
1.50281 0.000688344
1.50282 0.000687981
1.50284 0.000687663
1.50285 0.000687385
1.50287 0.000687141
1.50288 0.000686928
1.5029 0.000686742
1.50292 0.000686579
1.50294 0.000686436
1.50295 0.000686311
1.50298 0.000686202
1.503 0.000686106
1.50303 0.000686022
1.50306 0.000685949
1.50325 0.000685885
1.50326 0.000685829
1.50327 0.00068578
1.50328 0.000685737
1.5033 0.000685699
1.50332 0.000685666
1.50333 0.000685637
1.50334 0.000685612
1.50337 0.00068559
1.50338 0.000685571
1.50339 0.000685554
1.50342 0.000685539
1.50345 0.000685526
1.50348 0.000685515
1.50349 0.000685505
1.5035 0.000685496
1.50353 0.000685489
1.50354 0.000685482
1.50355 0.000685476
1.50356 0.000685471
1.50359 0.000685467
1.5036 0.000685463
1.50363 0.00068546
1.50364 0.000685457
1.50366 0.000685454
1.50369 0.000685452
1.50371 0.00068545
1.50375 0.000685448
1.50393 0.000685447
1.50394 0.000685446
1.50396 0.000685445
1.50397 0.000685444
1.50398 0.000685443
1.50401 0.000685442
1.50402 0.000685441
1.50403 0.00068544
1.76781 0.00068391
1.76783 0.000682571
1.76784 0.000681399
1.76785 0.000680374
1.76786 0.000679477
1.76789 0.000678692
1.76791 0.000679535
1.76792 0.000680273
1.76795 0.000680918
1.76796 0.000681483
1.76797 0.000681977
1.768 0.000682409
1.76803 0.000682787
1.76806 0.000683118
1.76807 0.000683408
1.76808 0.000683662
1.76811 0.000683884
1.76812 0.000684078
1.76813 0.000684248
1.76814 0.000684397
1.76817 0.000684527
1.76818 0.000684641
1.76821 0.00068474
1.76822 0.000684827
1.76824 0.000684903
1.76827 0.00068497
1.76829 0.000685028
1.76833 0.000685079
1.7685 0.000685124
1.76851 0.000685163
1.76852 0.000685197
1.76854 0.000685227
1.76855 0.000685253
1.76857 0.000685276
1.7686 0.000685296
1.76861 0.000685314
1.76863 0.000685329
1.76865 0.000685342
1.76866 0.000685354
1.76868 0.000685364
1.76872 0.000685373
1.76874 0.000685381
1.76876 0.000685388
1.76877 0.000685394
1.76879 0.000685399
1.76881 0.000685404
1.76882 0.000685408
1.76883 0.000685412
1.76885 0.000685415
1.76887 0.000685418
1.76889 0.00068542
1.7689 0.000685422
1.76893 0.000685424
1.76895 0.000685426
1.76898 0.000685427
1.76901 0.000685428
1.76918 0.000685429
1.7692 0.00068543
1.76921 0.000685431
1.76922 0.000685432
1.76923 0.000685433
2.00074 0.000690893
2.00201 0.000763981
2.0027 0.000754163
2.00338 0.000745572
2.00407 0.000738055
2.00475 0.000731478
2.00544 0.000725723
2.00612 0.000720687
2.00681 0.000716281
2.00749 0.000712425
2.00818 0.000709051
2.00887 0.000706099
2.00955 0.000703516
2.01021 0.000697822
2.01087 0.00069284
2.01089 0.000691541
2.01092 0.000693464
2.01153 0.000689027
2.01155 0.000685144
2.01157 0.000681747
2.01218 0.000678774
2.01221 0.000676173
2.01223 0.000673897
2.01284 0.000671905
2.01287 0.000670162
2.01289 0.000668637
2.0135 0.000667303
2.01352 0.000666136
2.01355 0.000665115
2.01416 0.000664221
2.01418 0.000663439
2.01421 0.000662755
2.01482 0.000662156
2.01484 0.000661632
2.01486 0.000661174
2.01547 0.000660773
2.0155 0.000660422
2.01552 0.000660115
2.01613 0.000659846
2.01616 0.000659611
2.01618 0.000659405
2.01679 0.000659225
2.01681 0.000659067
2.01684 0.000658929
2.01745 0.000658808
2.01747 0.000658703
2.0175 0.000658611
2.0181 0.00065853
2.01813 0.000658459
2.01815 0.000658397
2.01876 0.000658343
2.01879 0.000658296
2.01881 0.000658255
2.01942 0.000658219
2.01945 0.000658187
2.01947 0.000658159
2.02008 0.000658135
2.0201 0.000658114
2.02013 0.000658095
2.02074 0.000658079
2.02076 0.000658065
2.02079 0.000658052
2.02139 0.000658041
2.02142 0.000658031
2.02144 0.000658023
2.02205 0.000658016
2.02208 0.00065801
2.0221 0.000658004
2.02271 0.000657999
2.02274 0.000657995
2.02276 0.000657991
2.02337 0.000657988
2.02339 0.000657985
2.02342 0.000657982
2.02403 0.00065798
2.02405 0.000657978
2.02408 0.000657976
2.02468 0.000657975
2.02471 0.000657974
2.02473 0.000657973
2.02534 0.000657972
2.02537 0.000657971
2.02539 0.00065797
2.026 0.000657969
2.02602 0.000657968
2.10037 0.000660468
2.1004 0.000662655
2.10042 0.000664569
2.10107 0.000668743
2.10109 0.000672396
2.10112 0.000675592
2.10177 0.000678389
2.10179 0.000680836
2.10182 0.000682977
2.10246 0.00068485
2.10249 0.000686489
2.10251 0.000687923
2.10316 0.000689178
2.10319 0.000690276
2.10321 0.000691237
2.10386 0.000692078
2.10389 0.000692814
2.10391 0.000693458
2.10456 0.000694021
2.10458 0.000694514
2.10461 0.000694945
2.10526 0.000695322
2.10528 0.000695652
2.10531 0.000695941
2.10595 0.000696194
2.10598 0.000696415
2.106 0.000696609
2.10665 0.000696778
2.10668 0.000696926
2.1067 0.000697056
2.10735 0.00069717
2.10738 0.000697269
2.1074 0.000697356
2.10805 0.000697432
2.10807 0.000697499
2.1081 0.000697557
2.10875 0.000697608
2.10877 0.000697653
2.1088 0.000697692
2.10944 0.000697726
2.10947 0.000697756
2.10949 0.000697782
2.11014 0.000697805
2.11017 0.000697825
2.11019 0.000697842
2.11084 0.000697857
2.11086 0.00069787
2.11089 0.000697882
2.11154 0.000697892
2.11156 0.000697901
2.11159 0.000697909
2.11224 0.000697916
2.11226 0.000697922
2.11229 0.000697927
2.11293 0.000697932
2.11296 0.000697936
2.11298 0.00069794
2.11363 0.000697943
2.11366 0.000697946
2.11368 0.000697948
2.11433 0.00069795
2.11435 0.000697952
2.11438 0.000697954
2.11503 0.000697955
2.11505 0.000697956
2.11508 0.000697957
2.11573 0.000697958
2.11575 0.000697959
2.11578 0.00069796
2.11642 0.000697961
2.20159 0.000699548
2.20161 0.000700936
2.20164 0.000702151
2.20229 0.000701628
2.20231 0.00070117
2.20234 0.000700769
2.20298 0.000700418
2.20301 0.000700111
2.20303 0.000699843
2.20368 0.000699608
2.20371 0.000699403
2.20373 0.000699223
2.20438 0.000699066
2.20441 0.000698928
2.20443 0.000698808
2.20508 0.000698703
2.2051 0.000698611
2.20513 0.00069853
2.20578 0.000698459
2.2058 0.000698397
2.20583 0.000698343
2.20647 0.000698296
2.2065 0.000698255
2.20652 0.000698219
2.20717 0.000698187
2.2072 0.000698159
2.20722 0.000698135
2.20787 0.000698114
2.2079 0.000698095
2.20792 0.000698079
2.20857 0.000698065
2.20859 0.000698052
2.20862 0.000698041
2.20927 0.000698031
2.20929 0.000698023
2.20932 0.000698016
2.20996 0.00069801
2.20999 0.000698004
2.21001 0.000697999
2.21004 0.000701055
2.21066 0.000700669
2.21069 0.000703391
2.21071 0.000708833
2.21074 0.000716654
2.21076 0.000726558
2.21078 0.000738284
2.21081 0.000751604
2.21083 0.000766319
2.21086 0.000782255
2.21088 0.000799259
2.21091 0.000817197
2.21093 0.000835953
2.21096 0.000855424
2.21098 0.000875522
2.21101 0.000896167
2.21103 0.000917292
2.21105 0.000938836
2.21108 0.000960747
2.2111 0.000982979
2.21113 0.00100549
2.21115 0.00102825
2.21118 0.00105123
2.2112 0.00107439
2.21123 0.00109771
2.21125 0.00112119
2.21127 0.00114172
2.2113 0.00115969
2.21132 0.00117542
2.21136 0.00111574
2.21138 0.00106351
2.21141 0.00101782
2.21143 0.000977838
2.21146 0.000942854
2.21148 0.000912243
2.21151 0.000885458
2.21153 0.000862021
2.21156 0.000841514
2.21158 0.00082357
2.21161 0.000807869
2.21163 0.000794131
2.21165 0.00078211
2.21168 0.000771592
2.2117 0.000762389
2.21173 0.000754336
2.21175 0.00074729
2.21178 0.000741124
2.2118 0.000735729
2.21183 0.000731008
2.21185 0.000726878
2.21187 0.000723264
2.2119 0.000720102
2.21192 0.000717335
2.21195 0.000714914
2.21197 0.000712795
2.212 0.000710941
2.21202 0.000709319
2.21206 0.0007079
2.21208 0.000706658
2.21211 0.000705571
2.21213 0.00070462
2.21216 0.000703788
2.21218 0.00070306
2.21221 0.000702423
2.21223 0.000701866
2.21225 0.000701378
2.21228 0.000700951
2.2123 0.000700578
2.21233 0.000700251
2.21235 0.000699965
2.21238 0.000699715
2.2124 0.000699496
2.21243 0.000699305
2.21245 0.000699137
2.21247 0.00069899
2.2125 0.000698862
2.21252 0.00069875
2.21255 0.000698652
2.21257 0.000698566
2.2126 0.000698491
2.21262 0.000698425
2.21265 0.000698367
2.21267 0.000698317
2.21269 0.000698273
2.21272 0.000698234
2.21276 0.0006982
2.21278 0.000698171
2.21281 0.000698145
2.21283 0.000698122
2.21285 0.000698102
2.21288 0.000698085
2.2129 0.00069807
2.21293 0.000698057
2.21295 0.000698045
2.21298 0.000698035
2.213 0.000698026
2.21303 0.000698018
2.21305 0.000698011
2.21307 0.000698005
2.2131 0.000698
2.21312 0.000697996
2.21315 0.000697992
2.21317 0.000697989
2.2132 0.000697986
2.21322 0.000697983
2.21325 0.000697981
2.21327 0.000697979
2.21329 0.000697977
2.21332 0.000697975
2.21334 0.000697974
2.21337 0.000697973
2.21339 0.000697972
2.21342 0.000697971
2.21345 0.00069797
2.21348 0.000697969
2.2135 0.000697968
2.27783 0.000699498
2.27785 0.000700836
2.27788 0.000702007
2.2779 0.000703032
2.27792 0.000703929
2.27795 0.000704713
2.27797 0.000705399
2.278 0.000706
2.27802 0.000706526
2.27805 0.000706986
2.27807 0.000707388
2.2781 0.00070774
2.27812 0.000708048
2.27814 0.000708318
2.27817 0.000708554
2.27819 0.00070876
2.27822 0.000708941
2.27824 0.000709099
2.27827 0.000709237
2.27829 0.000709358
2.27832 0.000709464
2.27834 0.000709557
2.27837 0.000708108
2.27839 0.00070684
2.27841 0.000705731
2.27844 0.00070476
2.27846 0.000703911
2.27849 0.000703168
2.27852 0.000702518
2.27855 0.000701949
2.27857 0.000701451
2.2786 0.000701015
2.27862 0.000700634
2.27865 0.0007003
2.27867 0.000700008
2.2787 0.000699753
2.27872 0.000699529
2.27874 0.000699333
2.27877 0.000699162
2.27879 0.000699012
2.27882 0.000698881
2.27884 0.000698766
2.27887 0.000698666
2.27889 0.000698578
2.27892 0.000698501
2.27894 0.000698434
2.27897 0.000698375
2.27899 0.000698324
2.27901 0.000698279
2.27904 0.00069824
2.27906 0.000698206
2.27909 0.000698176
2.27911 0.00069815
2.27914 0.000698127
2.27916 0.000698107
2.27919 0.000698089
2.27922 0.000698073
2.27925 0.000698059
2.27927 0.000698047
2.2793 0.000698037
2.27932 0.000698028
2.27934 0.00069802
2.27937 0.000698013
2.27939 0.000698007
2.27942 0.000698002
2.27944 0.000697997
2.27947 0.000697993
2.27949 0.000697989
2.27952 0.000697986
2.27954 0.000697983
2.27957 0.000697981
2.27959 0.000697979
2.27961 0.000697977
2.27964 0.000697975
2.27966 0.000697974
2.27969 0.000697973
2.27971 0.000697972
2.27974 0.000697971
2.27976 0.00069797
2.27979 0.000697969
2.27981 0.000697968
2.30077 0.00070614
2.30079 0.00071329
2.30081 0.000719546
2.30084 0.00072502
2.30085 0.00072828
2.30088 0.000731133
2.30091 0.000733629
2.30094 0.000735813
2.30096 0.000737724
2.30099 0.000742456
2.30101 0.000749657
2.30106 0.000752897
2.30107 0.000754202
2.30108 0.000753814
2.30111 0.000753475
2.30113 0.000753178
2.30116 0.000752918
2.30118 0.000752691
2.30121 0.000752492
2.30123 0.000752318
2.30126 0.000752166
2.30128 0.000752033
2.3013 0.000751916
2.30133 0.000751814
2.30135 0.000751725
2.30138 0.000751647
2.3014 0.000751579
2.30143 0.000751519
2.30146 0.000744825
2.30149 0.000738967
2.30151 0.000733842
2.30154 0.000729357
2.30155 0.000725433
2.30157 0.000721999
2.30161 0.000718995
2.30164 0.000716366
2.30166 0.000714066
2.30168 0.000712053
2.30171 0.000710292
2.30176 0.000708751
2.30177 0.000707403
2.30178 0.000706223
2.30181 0.000705191
2.30183 0.000704288
2.30186 0.000703498
2.30188 0.000702806
2.3019 0.000702201
2.30193 0.000701671
2.30195 0.000701208
2.30198 0.000700803
2.302 0.000700448
2.30203 0.000700138
2.30205 0.000699866
2.30208 0.000699628
2.3021 0.00069942
2.30212 0.000699238
2.30216 0.000699079
2.30219 0.00069894
2.30221 0.000698818
2.30224 0.000698711
2.30225 0.000698618
2.30227 0.000698536
2.30231 0.000698465
2.30233 0.000698402
2.30236 0.000698347
2.30238 0.000698299
2.30241 0.000698257
2.30246 0.00069822
2.30247 0.000698188
2.30248 0.00069816
2.3025 0.000698136
2.30253 0.000698115
2.30255 0.000698096
2.30258 0.00069808
2.3026 0.000698066
2.30263 0.000698053
2.30265 0.000698042
2.30268 0.000698032
2.3027 0.000698024
2.30272 0.000698017
2.30275 0.00069801
2.30277 0.000698004
2.3028 0.000697999
2.30282 0.000697995
2.30286 0.000697991
2.30288 0.000697988
2.30291 0.000697985
2.30293 0.000697982
2.30295 0.00069798
2.30297 0.000697978
2.30301 0.000697976
2.30303 0.000697975
2.30306 0.000697974
2.30308 0.000697973
2.3031 0.000697972
2.30315 0.000697971
2.30317 0.00069797
2.30318 0.000697969
2.3032 0.000697968
