1.00006 2920
1.00016 4380
1.00019 5840
1.00026 7300
1.00028 8760
1.00031 10220
1.00033 11680
1.00036 13140
1.00038 14600
1.00041 16060
1.00043 17520
1.00046 18980
1.00048 20440
1.0005 21900
1.00053 23360
1.00102 24820
1.00151 26280
1.002 27740
1.00249 29200
1.00298 30660
1.00347 32120
1.00396 33580
1.00445 35040
1.00494 36500
1.00543 37960
1.00591 39420
1.0064 40880
1.00689 42340
1.00738 43800
1.00787 45260
1.00836 46720
1.00885 48180
1.00934 49640
1.00983 51100
1.01032 52560
1.01081 54020
1.0113 55480
1.01179 56940
1.01228 58400
1.01277 59860
1.01326 61320
1.01375 62780
1.01424 64240
1.01473 65700
1.01522 67160
1.01571 68620
1.0162 70080
1.01669 71540
1.01718 73000
1.01767 74460
1.01815 75920
1.01864 77380
1.01913 78840
1.01962 80300
1.02011 81760
1.0206 83220
1.02109 84680
1.02158 86140
1.02207 87600
1.02256 89060
1.02305 90520
1.02354 91980
1.02403 93440
1.02452 94900
1.02501 96360
1.0255 97820
1.02599 99280
1.02648 100740
1.02697 102200
1.02746 103660
1.02795 105120
1.02844 106580
1.02893 108040
1.02942 109500
1.02991 110960
1.03039 112420
1.03088 113880
1.03137 115340
1.03186 116800
1.03235 118260
1.03284 119720
1.03333 121180
1.03382 122640
1.03431 124100
1.0348 125560
1.03529 127020
1.03578 128480
1.03627 129940
1.03676 131400
1.03725 132860
1.03774 134320
1.03823 135780
1.03872 137240
1.03921 138700
1.0397 140160
1.04019 141620
1.04068 143080
1.04117 144540
1.04166 146000
1.04215 147460
1.04263 148920
1.04312 150380
1.04361 151840
1.0441 153300
1.04459 154760
1.04508 156220
1.04557 157680
1.04606 159140
1.04655 160600
1.04704 162060
1.04753 163520
1.04802 164980
1.04851 166440
1.049 167900
1.04949 169360
1.04998 170820
1.05047 172280
1.05096 173740
1.05145 175200
1.05194 176660
1.05243 178120
1.05292 179580
1.05341 181040
1.0539 182500
1.05439 183960
1.05487 185420
1.05536 186880
1.05585 188340
1.05634 189800
1.05683 191260
1.05732 192720
1.05781 194180
1.0583 195640
1.05879 197100
1.05928 198560
1.05977 200020
1.06026 201480
1.06075 202940
1.06124 204400
1.06173 205860
1.06222 207320
1.06271 208780
1.0632 210240
1.06369 211700
1.06418 213160
1.06467 214620
1.06516 216080
1.06565 217540
1.06614 219000
1.06663 220460
1.06711 221920
1.0676 223380
1.06809 224840
1.06858 226300
1.06907 227760
1.06956 229220
1.07005 230680
1.07054 232140
1.07103 233600
1.07152 235060
1.07201 236520
1.0725 237980
1.07299 239440
1.07348 240900
1.07397 242360
1.07446 243820
1.07495 245280
1.07544 246740
1.07593 248200
1.07642 249660
1.07691 251120
1.0774 252580
1.07789 254040
1.07838 255500
1.07887 256960
1.07935 258420
1.07984 259880
1.08033 261340
1.08082 262800
1.08131 264260
1.0818 265720
1.08229 267180
1.08278 268640
1.08327 270100
1.08376 271560
1.08425 273020
1.08474 274480
1.08523 275940
1.08572 277400
1.08621 278860
1.0867 280320
1.08719 281780
1.08768 283240
1.08817 284700
1.08866 286160
1.08915 287620
1.08964 289080
1.09013 290540
1.09062 292000
1.09111 293460
1.09159 294920
1.09208 296380
1.09257 297840
1.09306 299300
1.09355 300760
1.09404 302220
1.09453 303680
1.09502 305140
1.09551 306600
1.096 308060
1.09649 309520
1.09698 310980
1.09747 312440
1.09796 313900
1.09845 315360
1.09894 316820
1.09943 318280
1.09992 319740
1.10041 321200
1.1009 322660
1.10139 324120
1.10188 325580
1.10239 327040
1.10288 328500
1.10337 329960
1.10385 331420
1.10434 332880
1.10483 334340
1.10532 335800
1.10581 337260
1.1063 338720
1.10679 340180
1.10728 341640
1.10777 343100
1.10826 344560
1.10875 346020
1.10924 347480
1.10973 348940
1.11022 350400
1.11071 351860
1.1112 353320
1.11169 354780
1.11218 356240
1.11267 357700
1.11316 359160
1.11365 360620
1.11414 362080
1.11463 363540
1.11512 365000
1.11561 366460
1.11609 367920
1.11658 369380
1.11707 370840
1.11756 372300
1.11805 373760
1.11854 375220
1.11903 376680
1.11952 378140
1.12001 379600
1.1205 381060
1.12099 382520
1.12148 383980
1.12197 385440
1.12246 386900
1.12295 388360
1.12344 389820
1.12393 391280
1.12442 392740
1.12491 394200
1.1254 395660
1.12589 397120
1.12638 398580
1.12687 400040
1.12736 401500
1.12785 402960
1.12833 404420
1.12882 405880
1.12931 407340
1.1298 408800
1.13029 410260
1.13078 411720
1.13127 413180
1.13176 414640
1.13225 416100
1.13274 417560
1.13323 419020
1.13372 420480
1.13421 421940
1.1347 423400
1.13519 424860
1.13568 426320
1.13617 427780
1.13666 429240
1.13715 430700
1.13764 432160
1.13813 433620
1.13862 435080
1.13911 436540
1.1396 438000
1.14009 439460
1.14057 440920
1.14106 442380
1.14155 443840
1.14204 445300
1.14253 446760
1.14302 448220
1.14351 449680
1.144 451140
1.14449 452600
1.14498 454060
1.14547 455520
1.14596 456980
1.14645 458440
1.14694 459900
1.14743 461360
1.14792 462820
1.14841 464280
1.1489 465740
1.14939 467200
1.14988 468660
1.15037 470120
1.15086 471580
1.15135 473040
1.15184 474500
1.15233 475960
1.15281 477420
1.1533 478880
1.15379 480340
1.15428 481800
1.15477 483260
1.15526 484720
1.15575 486180
1.15624 487640
1.15673 489100
1.15722 490560
1.15771 492020
1.1582 493480
1.15869 494940
1.15918 496400
1.15967 497860
1.16016 499320
1.16065 500780
1.16114 502240
1.16163 503700
1.16212 505160
1.16261 506620
1.1631 508080
1.16359 509540
1.16408 511000
1.16457 512460
1.16505 513920
1.16554 515380
1.16603 516840
1.16652 518300
1.16701 519760
1.1675 521220
1.16799 522680
1.16848 524140
1.16897 525600
1.16946 527060
1.16995 528520
1.17044 529980
1.17093 531440
1.17142 532900
1.17191 534360
1.1724 535820
1.17289 537280
1.17338 538740
1.17387 540200
1.17436 541660
1.17485 543120
1.17534 544580
1.17583 546040
1.17632 547500
1.17681 548960
1.17729 550420
1.17778 551880
1.17827 553340
1.17876 554800
1.17925 556260
1.17974 557720
1.18023 559180
1.18072 560640
1.18121 562100
1.1817 563560
1.18219 565020
1.18268 566480
1.18317 567940
1.18366 569400
1.18415 570860
1.18464 572320
1.18513 573780
1.18562 575240
1.18611 576700
1.1866 578160
1.18709 579620
1.18758 581080
1.18807 582540
1.18856 584000
1.18905 585460
1.18953 586920
1.19002 588380
1.19051 589840
1.191 591300
1.19149 592760
1.19198 594220
1.19247 595680
1.19296 597140
1.19345 598600
1.19394 600060
1.19443 601520
1.19492 602980
1.19541 604440
1.1959 605900
1.19639 607360
1.19688 608820
1.19737 610280
1.19786 611740
1.19835 613200
1.19884 614660
1.19933 616120
1.19982 617580
1.20031 619040
1.2008 620500
1.20129 621960
1.20177 623420
1.20226 624880
1.20275 626340
1.20324 627800
1.20373 629260
1.20422 630720
1.20471 632180
1.2052 633640
1.20569 635100
1.20618 636560
1.20667 638020
1.20716 639480
1.20765 640940
1.20814 642400
1.20863 643860
1.20912 645320
1.20961 646780
1.2101 648240
1.21059 649700
1.21108 651160
1.21157 652620
1.21206 654080
1.21255 655540
1.21304 657000
1.21353 658460
1.21401 659920
1.2145 661380
1.21499 662840
1.21548 664300
1.21597 665760
1.21646 667220
1.21695 668680
1.21744 670140
1.21793 671600
1.21842 673060
1.21891 674520
1.2194 675980
1.21989 677440
1.22038 678900
1.22087 680360
1.22136 681820
1.22185 683280
1.22234 684740
1.22283 686200
1.22332 687660
1.22381 689120
1.2243 690580
1.22479 692040
1.22528 693500
1.22577 694960
1.22625 696420
1.22674 697880
1.22723 699340
1.22772 700800
1.22821 702260
1.2287 703720
1.22919 705180
1.22968 706640
1.23017 708100
1.23066 709560
1.23115 711020
1.23164 712480
1.23213 713940
1.23262 715400
1.23311 716860
1.2336 718320
1.23409 719780
1.23458 721240
1.23507 722700
1.23556 724160
1.23605 725620
1.23654 727080
1.23703 728540
1.23752 730000
1.23801 731460
1.23849 732920
1.23898 734380
1.23947 735840
1.23996 737300
1.24045 738760
1.24094 740220
1.24143 741680
1.24192 743140
1.24241 744600
1.2429 746060
1.24339 747520
1.24388 748980
1.24437 750440
1.24486 751900
1.24535 753360
1.24584 754820
1.24633 756280
1.24682 757740
1.24731 759200
1.2478 760660
1.24829 762120
1.24878 763580
1.24927 765040
1.24976 766500
1.25025 767960
1.25073 769420
1.25122 770880
1.25171 772340
1.2522 773800
1.25269 775260
1.25318 776720
1.25367 778180
1.25416 779640
1.25465 781100
1.25514 782560
1.25563 784020
1.25612 785480
1.25661 786940
1.2571 788400
1.25759 789860
1.25808 791320
1.25857 792780
1.25906 794240
1.25955 795700
1.26004 797160
1.26053 798620
1.26102 800080
1.26151 801540
1.262 803000
1.26249 804460
1.26297 805920
1.26346 807380
1.26395 808840
1.26444 810300
1.26493 811760
1.26542 813220
1.26591 814680
1.2664 816140
1.26689 817600
1.26738 819060
1.26787 820520
1.26836 821980
1.26885 823440
1.26934 824900
1.26983 826360
1.27032 827820
1.27081 829280
1.2713 830740
1.27179 832200
1.27228 833660
1.27277 835120
1.27326 836580
1.27375 838040
1.27424 839500
1.27473 840960
1.27521 842420
1.2757 843880
1.27619 845340
1.27668 846800
1.27717 848260
1.27766 849720
1.27815 851180
1.27864 852640
1.27913 854100
1.27962 855560
1.28011 857020
1.2806 858480
1.28109 859940
1.28158 861400
1.28207 862860
1.28256 864320
1.28305 865780
1.28354 867240
1.28403 868700
1.28452 870160
1.28501 871620
1.2855 873080
1.28599 874540
1.28648 876000
1.28697 877460
1.28745 878920
1.28794 880380
1.28843 881840
1.28892 883300
1.28941 884760
1.2899 886220
1.29039 887680
1.29088 889140
1.29137 890600
1.29186 892060
1.29235 893520
1.29284 894980
1.29333 896440
1.29382 897900
1.29431 899360
1.2948 900820
1.29529 902280
1.29578 903740
1.29627 905200
1.29676 906660
1.29725 908120
1.29774 909580
1.29823 911040
1.29872 912500
1.29921 913960
1.29969 915420
1.30018 916880
1.30067 918340
1.30116 919800
1.30165 921260
1.30214 922720
1.30265 924180
1.30314 925640
1.30363 927100
1.30412 928560
1.30461 930020
1.3051 931480
1.30559 932940
1.30608 934400
1.30657 935860
1.30706 937320
1.30755 938780
1.30804 940240
1.30853 941700
1.30902 943160
1.30951 944620
1.31 946080
1.31049 947540
1.31098 949000
1.31147 950460
1.31195 951920
1.31244 953380
1.31293 954840
1.31342 956300
1.31391 957760
1.3144 959220
1.31489 960680
1.31538 962140
1.31587 963600
1.31636 965060
1.31685 966520
1.31734 967980
1.31783 969440
1.31832 970900
1.31881 972360
1.3193 973820
1.31979 975280
1.32028 976740
1.32077 978200
1.32126 979660
1.32175 981120
1.32224 982580
1.32273 984040
1.32322 985500
1.32371 986960
1.32419 988420
1.32468 989880
1.32517 991340
1.32566 992800
1.32615 994260
1.32664 995720
1.32713 997180
1.32762 998640
1.32811 1000100
1.3286 1001560
1.32909 1003020
1.32958 1004480
1.33007 1005940
1.33056 1007400
1.33105 1008860
1.33154 1010320
1.33203 1011780
1.33252 1013240
1.33301 1014700
1.3335 1016160
1.33399 1017620
1.33448 1019080
1.33497 1020540
1.33546 1022000
1.33595 1023460
1.33643 1024920
1.33692 1026380
1.33741 1027840
1.3379 1029300
1.33839 1030760
1.33888 1032220
1.33937 1033680
1.33986 1035140
1.34035 1036600
1.34084 1038060
1.34133 1039520
1.34182 1040980
1.34231 1042440
1.3428 1043900
1.34329 1045360
1.34378 1046820
1.34427 1048280
1.34476 1049740
1.34525 1051200
1.34574 1052660
1.34623 1054120
1.34672 1055580
1.34721 1057040
1.3477 1058500
1.34819 1059960
1.34867 1061420
1.34916 1062880
1.34965 1064340
1.35014 1065800
1.35063 1067260
1.35112 1068720
1.35161 1070180
1.3521 1071640
1.35259 1073100
1.35308 1074560
1.35357 1076020
1.35406 1077480
1.35455 1078940
1.35504 1080400
1.35553 1081860
1.35602 1083320
1.35651 1084780
1.357 1086240
1.35749 1087700
1.35798 1089160
1.35847 1090620
1.35896 1092080
1.35945 1093540
1.35994 1095000
1.36043 1096460
1.36091 1097920
1.3614 1099380
1.36189 1100840
1.36238 1102300
1.36287 1103760
1.36336 1105220
1.36385 1106680
1.36434 1108140
1.36483 1109600
1.36532 1111060
1.36581 1112520
1.3663 1113980
1.36679 1115440
1.36728 1116900
1.36777 1118360
1.36826 1119820
1.36875 1121280
1.36924 1122740
1.36973 1124200
1.37022 1125660
1.37071 1127120
1.3712 1128580
1.37169 1130040
1.37218 1131500
1.37267 1132960
1.37315 1134420
1.37364 1135880
1.37413 1137340
1.37462 1138800
1.37511 1140260
1.3756 1141720
1.37609 1143180
1.37658 1144640
1.37707 1146100
1.37756 1147560
1.37805 1149020
1.37854 1150480
1.37903 1151940
1.37952 1153400
1.38001 1154860
1.3805 1156320
1.38099 1157780
1.38148 1159240
1.38197 1160700
1.38246 1162160
1.38295 1163620
1.38344 1165080
1.38393 1166540
1.38442 1168000
1.38491 1169460
1.38539 1170920
1.38588 1172380
1.38637 1173840
1.38686 1175300
1.38735 1176760
1.38784 1178220
1.38833 1179680
1.38882 1181140
1.38931 1182600
1.3898 1184060
1.39029 1185520
1.39078 1186980
1.39127 1188440
1.39176 1189900
1.39225 1191360
1.39274 1192820
1.39323 1194280
1.39372 1195740
1.39421 1197200
1.3947 1198660
1.39519 1200120
1.39568 1201580
1.39617 1203040
1.39666 1204500
1.39715 1205960
1.39763 1207420
1.39812 1208880
1.39861 1210340
1.3991 1211800
1.39959 1213260
1.40008 1214720
1.40057 1216180
1.40106 1217640
1.40155 1219100
1.40204 1220560
1.40253 1222020
1.40302 1223480
1.40351 1224940
1.404 1226400
1.40449 1227860
1.40498 1229320
1.40547 1230780
1.40596 1232240
1.40645 1233700
1.40694 1235160
1.40743 1236620
1.40792 1238080
1.40841 1239540
1.4089 1241000
1.40939 1242460
1.40987 1243920
1.41036 1245380
1.41085 1246840
1.41134 1248300
1.41183 1249760
1.41232 1251220
1.41281 1252680
1.4133 1254140
1.41379 1255600
1.41428 1257060
1.41477 1258520
1.41526 1259980
1.41575 1261440
1.41624 1262900
1.41673 1264360
1.41722 1265820
1.41771 1267280
1.4182 1268740
1.41869 1270200
1.41918 1271660
1.41967 1273120
1.42016 1274580
1.42065 1276040
1.42114 1277500
1.42163 1278960
1.42211 1280420
1.4226 1281880
1.42309 1283340
1.42358 1284800
1.42407 1286260
1.42456 1287720
1.42505 1289180
1.42554 1290640
1.42603 1292100
1.42652 1293560
1.42701 1295020
1.4275 1296480
1.42799 1297940
1.42848 1299400
1.42897 1300860
1.42946 1302320
1.42995 1303780
1.43044 1305240
1.43093 1306700
1.43142 1308160
1.43191 1309620
1.4324 1311080
1.43289 1312540
1.43338 1314000
1.43387 1315460
1.43435 1316920
1.43484 1318380
1.43533 1319840
1.43582 1321300
1.43631 1322760
1.4368 1324220
1.43729 1325680
1.43778 1327140
1.43827 1328600
1.43876 1330060
1.43925 1331520
1.43974 1332980
1.44023 1334440
1.44072 1335900
1.44121 1337360
1.4417 1338820
1.44219 1340280
1.44268 1341740
1.44317 1343200
1.44366 1344660
1.44415 1346120
1.44464 1347580
1.44513 1349040
1.44562 1350500
1.44611 1351960
1.44659 1353420
1.44708 1354880
1.44757 1356340
1.44806 1357800
1.44855 1359260
1.44904 1360720
1.44953 1362180
1.45002 1363640
1.45051 1365100
1.451 1366560
1.45149 1368020
1.45198 1369480
1.45247 1370940
1.45296 1372400
1.45345 1373860
1.45394 1375320
1.45443 1376780
1.45492 1378240
1.45541 1379700
1.4559 1381160
1.45639 1382620
1.45688 1384080
1.45737 1385540
1.45786 1387000
1.45835 1388460
1.45883 1389920
1.45932 1391380
1.45981 1392840
1.4603 1394300
1.46079 1395760
1.46128 1397220
1.46177 1398680
1.46226 1400140
1.46275 1401600
1.46324 1403060
1.46373 1404520
1.46422 1405980
1.46471 1407440
1.4652 1408900
1.46569 1410360
1.46618 1411820
1.46667 1413280
1.46716 1414740
1.46765 1416200
1.46814 1417660
1.46863 1419120
1.46912 1420580
1.46961 1422040
1.4701 1423500
1.47059 1424960
1.47107 1426420
1.47156 1427880
1.47205 1429340
1.47254 1430800
1.47303 1432260
1.47352 1433720
1.47401 1435180
1.4745 1436640
1.47499 1438100
1.47548 1439560
1.47597 1441020
1.47646 1442480
1.47695 1443940
1.47744 1445400
1.47793 1446860
1.47842 1448320
1.47891 1449780
1.4794 1451240
1.47989 1452700
1.48038 1454160
1.48087 1455620
1.48136 1457080
1.48185 1458540
1.48234 1460000
1.48283 1461460
1.48331 1462920
1.4838 1464380
1.48429 1465840
1.48478 1467300
1.48527 1468760
1.48576 1470220
1.48625 1471680
1.48674 1473140
1.48723 1474600
1.48772 1476060
1.48821 1477520
1.4887 1478980
1.48919 1480440
1.48968 1481900
1.49017 1483360
1.49066 1484820
1.49115 1486280
1.49164 1487740
1.49213 1489200
1.49262 1490660
1.49311 1492120
1.4936 1493580
1.49409 1495040
1.49458 1496500
1.49507 1497960
1.49555 1499420
1.49604 1500880
1.49653 1502340
1.49702 1503800
1.49751 1505260
1.498 1506720
1.49849 1508180
1.49898 1509640
1.49947 1511100
1.49996 1512560
1.50045 1514020
1.50094 1515480
1.50143 1516940
1.50192 1518400
1.50241 1519860
1.5029 1521320
1.50339 1522780
1.50388 1524240
1.50437 1525700
1.50486 1527160
1.50535 1528620
1.50584 1530080
1.50633 1531540
1.50682 1533000
1.50731 1534460
1.50779 1535920
1.50828 1537380
1.50877 1538840
1.50926 1540300
1.50975 1541760
1.51024 1543220
1.51073 1544680
1.51122 1546140
1.51171 1547600
1.5122 1549060
1.51269 1550520
1.51318 1551980
1.51367 1553440
1.51416 1554900
1.51465 1556360
1.51514 1557820
1.51563 1559280
1.51612 1560740
1.51661 1562200
1.5171 1563660
1.51759 1565120
1.51808 1566580
1.51857 1568040
1.51906 1569500
1.51955 1570960
1.52003 1572420
1.52052 1573880
1.52101 1575340
1.5215 1576800
1.52199 1578260
1.52248 1579720
1.52297 1581180
1.52346 1582640
1.52395 1584100
1.52444 1585560
1.52493 1587020
1.52542 1588480
1.52591 1589940
1.5264 1591400
1.52689 1592860
1.52738 1594320
1.52787 1595780
1.52836 1597240
1.52885 1598700
1.52934 1600160
1.52983 1601620
1.53032 1603080
1.53081 1604540
1.5313 1606000
1.53179 1607460
1.53227 1608920
1.53276 1610380
1.53325 1611840
1.53374 1613300
1.53423 1614760
1.53472 1616220
1.53521 1617680
1.5357 1619140
1.53619 1620600
1.53668 1622060
1.53717 1623520
1.53766 1624980
1.53815 1626440
1.53864 1627900
1.53913 1629360
1.53962 1630820
1.54011 1632280
1.5406 1633740
1.54109 1635200
1.54158 1636660
1.54207 1638120
1.54256 1639580
1.54305 1641040
1.54354 1642500
1.54403 1643960
1.54451 1645420
1.545 1646880
1.54549 1648340
1.54598 1649800
1.54647 1651260
1.54696 1652720
1.54745 1654180
1.54794 1655640
1.54843 1657100
1.54892 1658560
1.54941 1660020
1.5499 1661480
1.55039 1662940
1.55088 1664400
1.55137 1665860
1.55186 1667320
1.55235 1668780
1.55284 1670240
1.55333 1671700
1.55382 1673160
1.55431 1674620
1.5548 1676080
1.55529 1677540
1.55578 1679000
1.55627 1680460
1.55675 1681920
1.55724 1683380
1.55773 1684840
1.55822 1686300
1.55871 1687760
1.5592 1689220
1.55969 1690680
1.56018 1692140
1.56067 1693600
1.56116 1695060
1.56165 1696520
1.56214 1697980
1.56263 1699440
1.56312 1700900
1.56361 1702360
1.5641 1703820
1.56459 1705280
1.56508 1706740
1.56557 1708200
1.56606 1709660
1.56655 1711120
1.56704 1712580
1.56753 1714040
1.56802 1715500
1.56851 1716960
1.56899 1718420
1.56948 1719880
1.56997 1721340
1.57046 1722800
1.57095 1724260
1.57144 1725720
1.57193 1727180
1.57242 1728640
1.57291 1730100
1.5734 1731560
1.57389 1733020
1.57438 1734480
1.57487 1735940
1.57536 1737400
1.57585 1738860
1.57634 1740320
1.57683 1741780
1.57732 1743240
1.57781 1744700
1.5783 1746160
1.57879 1747620
1.57928 1749080
1.57977 1750540
1.58026 1752000
1.58075 1753460
1.58123 1754920
1.58172 1756380
1.58221 1757840
1.5827 1759300
1.58319 1760760
1.58368 1762220
1.58417 1763680
1.58466 1765140
1.58515 1766600
1.58564 1768060
1.58613 1769520
1.58662 1770980
1.58711 1772440
1.5876 1773900
1.58809 1775360
1.58858 1776820
1.58907 1778280
1.58956 1779740
1.59005 1781200
1.59054 1782660
1.59103 1784120
1.59152 1785580
1.59201 1787040
1.5925 1788500
1.59299 1789960
1.59347 1791420
1.59396 1792880
1.59445 1794340
1.59494 1795800
1.59543 1797260
1.59592 1798720
1.59641 1800180
1.5969 1801640
1.59739 1803100
1.59788 1804560
1.59837 1806020
1.59886 1807480
1.59935 1808940
1.59984 1810400
1.60033 1811860
1.60082 1813320
1.60131 1814780
1.6018 1816240
1.60229 1817700
1.60278 1819160
1.60327 1820620
1.60376 1822080
1.60425 1823540
1.60474 1825000
1.60523 1826460
1.60571 1827920
1.6062 1829380
1.60669 1830840
1.60718 1832300
1.60767 1833760
1.60816 1835220
1.60865 1836680
1.60914 1838140
1.60963 1839600
1.61012 1841060
1.61061 1842520
1.6111 1843980
1.61159 1845440
1.61208 1846900
1.61257 1848360
1.61306 1849820
1.61355 1851280
1.61404 1852740
1.61453 1854200
1.61502 1855660
1.61551 1857120
1.616 1858580
1.61649 1860040
1.61698 1861500
1.61747 1862960
1.61795 1864420
1.61844 1865880
1.61893 1867340
1.61942 1868800
1.61991 1870260
1.6204 1871720
1.62089 1873180
1.62138 1874640
1.62187 1876100
1.62236 1877560
1.62285 1879020
1.62334 1880480
1.62383 1881940
1.62432 1883400
1.62481 1884860
1.6253 1886320
1.62579 1887780
1.62628 1889240
1.62677 1890700
1.62726 1892160
1.62775 1893620
1.62824 1895080
1.62873 1896540
1.62922 1898000
1.62971 1899460
1.63019 1900920
1.63068 1902380
1.63117 1903840
1.63166 1905300
1.63215 1906760
1.63264 1908220
1.63313 1909680
1.63362 1911140
1.63411 1912600
1.6346 1914060
1.63509 1915520
1.63558 1916980
1.63607 1918440
1.63656 1919900
1.63705 1921360
1.63754 1922820
1.63803 1924280
1.63852 1925740
1.63901 1927200
1.6395 1928660
1.63999 1930120
1.64048 1931580
1.64097 1933040
1.64146 1934500
1.64195 1935960
1.64243 1937420
1.64292 1938880
1.64341 1940340
1.6439 1941800
1.64439 1943260
1.64488 1944720
1.64537 1946180
1.64586 1947640
1.64635 1949100
1.64684 1950560
1.64733 1952020
1.64782 1953480
1.64831 1954940
1.6488 1956400
1.64929 1957860
1.64978 1959320
1.65027 1960780
1.65076 1962240
1.65125 1963700
1.65174 1965160
1.65223 1966620
1.65272 1968080
1.65321 1969540
1.6537 1971000
1.65419 1972460
1.65467 1973920
1.65516 1975380
1.65565 1976840
1.65614 1978300
1.65663 1979760
1.65712 1981220
1.65761 1982680
1.6581 1984140
1.65859 1985600
1.65908 1987060
1.65957 1988520
1.66006 1989980
1.66055 1991440
1.66104 1992900
1.66153 1994360
1.66202 1995820
1.66251 1997280
1.663 1998740
1.66349 2000200
1.66398 2001660
1.66447 2003120
1.66496 2004580
1.66545 2006040
1.66594 2007500
1.66643 2008960
1.66691 2010420
1.6674 2011880
1.66789 2013340
1.66838 2014800
1.66887 2016260
1.66936 2017720
1.66985 2019180
1.67034 2020640
1.67083 2022100
1.67132 2023560
1.67181 2025020
1.6723 2026480
1.67279 2027940
1.67328 2029400
1.67377 2030860
1.67426 2032320
1.67475 2033780
1.67524 2035240
1.67573 2036700
1.67622 2038160
1.67671 2039620
1.6772 2041080
1.67769 2042540
1.67818 2044000
1.67867 2045460
1.67915 2046920
1.67964 2048380
1.68013 2049840
1.68062 2051300
1.68111 2052760
1.6816 2054220
1.68209 2055680
1.68258 2057140
1.68307 2058600
1.68356 2060060
1.68405 2061520
1.68454 2062980
1.68503 2064440
1.68552 2065900
1.68601 2067360
1.6865 2068820
1.68699 2070280
1.68748 2071740
1.68797 2073200
1.68846 2074660
1.68895 2076120
1.68944 2077580
1.68993 2079040
1.69042 2080500
1.69091 2081960
1.69139 2083420
1.69188 2084880
1.69237 2086340
1.69286 2087800
1.69335 2089260
1.69384 2090720
1.69433 2092180
1.69482 2093640
1.69531 2095100
1.6958 2096560
1.69629 2098020
1.69678 2099480
1.69727 2100940
1.69776 2102400
1.69825 2103860
1.69874 2105320
1.69923 2106780
1.69972 2108240
1.70021 2109700
1.7007 2111160
1.70119 2112620
1.70168 2114080
1.70217 2115540
1.70266 2117000
1.70315 2118460
1.70363 2119920
1.70412 2121380
1.70461 2122840
1.7051 2124300
1.70559 2125760
1.70608 2127220
1.70657 2128680
1.70706 2130140
1.70755 2131600
1.70804 2133060
1.70853 2134520
1.70902 2135980
1.70951 2137440
1.71 2138900
1.71049 2140360
1.71098 2141820
1.71147 2143280
1.71196 2144740
1.71245 2146200
1.71294 2147660
1.71343 2149120
1.71392 2150580
1.71441 2152040
1.7149 2153500
1.71539 2154960
1.71587 2156420
1.71636 2157880
1.71685 2159340
1.71734 2160800
1.71783 2162260
1.71832 2163720
1.71881 2165180
1.7193 2166640
1.71979 2168100
1.72028 2169560
1.72077 2171020
1.72126 2172480
1.72175 2173940
1.72224 2175400
1.72273 2176860
1.72322 2178320
1.72371 2179780
1.7242 2181240
1.72469 2182700
1.72518 2184160
1.72567 2185620
1.72616 2187080
1.72665 2188540
1.72714 2190000
1.72763 2191460
1.72811 2192920
1.7286 2194380
1.72909 2195840
1.72958 2197300
1.73007 2198760
1.73056 2200220
1.73105 2201680
1.73154 2203140
1.73203 2204600
1.73252 2206060
1.73301 2207520
1.7335 2208980
1.73399 2210440
1.73448 2211900
1.73497 2213360
1.73546 2214820
1.73595 2216280
1.73644 2217740
1.73693 2219200
1.73742 2220660
1.73791 2222120
1.7384 2223580
1.73889 2225040
1.73938 2226500
1.73987 2227960
1.74035 2229420
1.74084 2230880
1.74133 2232340
1.74182 2233800
1.74231 2235260
1.7428 2236720
1.74329 2238180
1.74378 2239640
1.74427 2241100
1.74476 2242560
1.74525 2244020
1.74574 2245480
1.74623 2246940
1.74672 2248400
1.74721 2249860
1.7477 2251320
1.74819 2252780
1.74868 2254240
1.74917 2255700
1.74966 2257160
1.75015 2258620
1.75064 2260080
1.75113 2261540
1.75162 2263000
1.75211 2264460
1.75259 2265920
1.75308 2267380
1.75357 2268840
1.75406 2270300
1.75455 2271760
1.75504 2273220
1.75553 2274680
1.75602 2276140
1.75651 2277600
1.757 2279060
1.75749 2280520
1.75798 2281980
1.75847 2283440
1.75896 2284900
1.75945 2286360
1.75994 2287820
1.76043 2289280
1.76092 2290740
1.76141 2292200
1.7619 2293660
1.76239 2295120
1.76288 2296580
1.76337 2298040
1.76386 2299500
1.76435 2300960
1.76483 2302420
1.76532 2303880
1.76581 2305340
1.7663 2306800
1.76679 2308260
1.76728 2309720
1.76777 2311180
1.76826 2312640
1.76875 2314100
1.76924 2315560
1.76973 2317020
1.77022 2318480
1.77071 2319940
1.7712 2321400
1.77169 2322860
1.77218 2324320
1.77267 2325780
1.77316 2327240
1.77365 2328700
1.77414 2330160
1.77463 2331620
1.77512 2333080
1.77561 2334540
1.7761 2336000
1.77659 2337460
1.77707 2338920
1.77756 2340380
1.77805 2341840
1.77854 2343300
1.77903 2344760
1.77952 2346220
1.78001 2347680
1.7805 2349140
1.78099 2350600
1.78148 2352060
1.78197 2353520
1.78246 2354980
1.78295 2356440
1.78344 2357900
1.78393 2359360
1.78442 2360820
1.78491 2362280
1.7854 2363740
1.78589 2365200
1.78638 2366660
1.78687 2368120
1.78736 2369580
1.78785 2371040
1.78834 2372500
1.78883 2373960
1.78931 2375420
1.7898 2376880
1.79029 2378340
1.79078 2379800
1.79127 2381260
1.79176 2382720
1.79225 2384180
1.79274 2385640
1.79323 2387100
1.79372 2388560
1.79421 2390020
1.7947 2391480
1.79519 2392940
1.79568 2394400
1.79617 2395860
1.79666 2397320
1.79715 2398780
1.79764 2400240
1.79813 2401700
1.79862 2403160
1.79911 2404620
1.7996 2406080
1.80009 2407540
1.80058 2409000
1.80107 2410460
1.80155 2411920
1.80204 2413380
1.80253 2414840
1.80302 2416300
1.80351 2417760
1.804 2419220
1.80449 2420680
1.80498 2422140
1.80547 2423600
1.80596 2425060
1.80645 2426520
1.80694 2427980
1.80743 2429440
1.80792 2430900
1.80841 2432360
1.8089 2433820
1.80939 2435280
1.80988 2436740
1.81037 2438200
1.81086 2439660
1.81135 2441120
1.81184 2442580
1.81233 2444040
1.81282 2445500
1.81331 2446960
1.81379 2448420
1.81428 2449880
1.81477 2451340
1.81526 2452800
1.81575 2454260
1.81624 2455720
1.81673 2457180
1.81722 2458640
1.81771 2460100
1.8182 2461560
1.81869 2463020
1.81918 2464480
1.81967 2465940
1.82016 2467400
1.82065 2468860
1.82114 2470320
1.82163 2471780
1.82212 2473240
1.82261 2474700
1.8231 2476160
1.82359 2477620
1.82408 2479080
1.82457 2480540
1.82506 2482000
1.82555 2483460
1.82603 2484920
1.82652 2486380
1.82701 2487840
1.8275 2489300
1.82799 2490760
1.82848 2492220
1.82897 2493680
1.82946 2495140
1.82995 2496600
1.83044 2498060
1.83093 2499520
1.83142 2500980
1.83191 2502440
1.8324 2503900
1.83289 2505360
1.83338 2506820
1.83387 2508280
1.83436 2509740
1.83485 2511200
1.83534 2512660
1.83583 2514120
1.83632 2515580
1.83681 2517040
1.8373 2518500
1.83779 2519960
1.83827 2521420
1.83876 2522880
1.83925 2524340
1.83974 2525800
1.84023 2527260
1.84072 2528720
1.84121 2530180
1.8417 2531640
1.84219 2533100
1.84268 2534560
1.84317 2536020
1.84366 2537480
1.84415 2538940
1.84464 2540400
1.84513 2541860
1.84562 2543320
1.84611 2544780
1.8466 2546240
1.84709 2547700
1.84758 2549160
1.84807 2550620
1.84856 2552080
1.84905 2553540
1.84954 2555000
1.85003 2556460
1.85051 2557920
1.851 2559380
1.85149 2560840
1.85198 2562300
1.85247 2563760
1.85296 2565220
1.85345 2566680
1.85394 2568140
1.85443 2569600
1.85492 2571060
1.85541 2572520
1.8559 2573980
1.85639 2575440
1.85688 2576900
1.85737 2578360
1.85786 2579820
1.85835 2581280
1.85884 2582740
1.85933 2584200
1.85982 2585660
1.86031 2587120
1.8608 2588580
1.86129 2590040
1.86178 2591500
1.86227 2592960
1.86275 2594420
1.86324 2595880
1.86373 2597340
1.86422 2598800
1.86471 2600260
1.8652 2601720
1.86569 2603180
1.86618 2604640
1.86667 2606100
1.86716 2607560
1.86765 2609020
1.86814 2610480
1.86863 2611940
1.86912 2613400
1.86961 2614860
1.8701 2616320
1.87059 2617780
1.87108 2619240
1.87157 2620700
1.87206 2622160
1.87255 2623620
1.87304 2625080
1.87353 2626540
1.87402 2628000
1.87451 2629460
1.87499 2630920
1.87548 2632380
1.87597 2633840
1.87646 2635300
1.87695 2636760
1.87744 2638220
1.87793 2639680
1.87842 2641140
1.87891 2642600
1.8794 2644060
1.87989 2645520
1.88038 2646980
1.88087 2648440
1.88136 2649900
1.88185 2651360
1.88234 2652820
1.88283 2654280
1.88332 2655740
1.88381 2657200
1.8843 2658660
1.88479 2660120
1.88528 2661580
1.88577 2663040
1.88626 2664500
1.88675 2665960
1.88723 2667420
1.88772 2668880
1.88821 2670340
1.8887 2671800
1.88919 2673260
1.88968 2674720
1.89017 2676180
1.89066 2677640
1.89115 2679100
1.89164 2680560
1.89213 2682020
1.89262 2683480
1.89311 2684940
1.8936 2686400
1.89409 2687860
1.89458 2689320
1.89507 2690780
1.89556 2692240
1.89605 2693700
1.89654 2695160
1.89703 2696620
1.89752 2698080
1.89801 2699540
1.8985 2701000
1.89899 2702460
1.89947 2703920
1.89996 2705380
1.90045 2706840
1.90094 2708300
1.90143 2709760
1.90192 2711220
1.90241 2712680
1.9029 2714140
1.90339 2715600
1.90388 2717060
1.90437 2718520
1.90486 2719980
1.90535 2721440
1.90584 2722900
1.90633 2724360
1.90682 2725820
1.90731 2727280
1.9078 2728740
1.90829 2730200
1.90878 2731660
1.90927 2733120
1.90976 2734580
1.91025 2736040
1.91074 2737500
1.91123 2738960
1.91171 2740420
1.9122 2741880
1.91269 2743340
1.91318 2744800
1.91367 2746260
1.91416 2747720
1.91465 2749180
1.91514 2750640
1.91563 2752100
1.91612 2753560
1.91661 2755020
1.9171 2756480
1.91759 2757940
1.91808 2759400
1.91857 2760860
1.91906 2762320
1.91955 2763780
1.92004 2765240
1.92053 2766700
1.92102 2768160
1.92151 2769620
1.922 2771080
1.92249 2772540
1.92298 2774000
1.92347 2775460
1.92395 2776920
1.92444 2778380
1.92493 2779840
1.92542 2781300
1.92591 2782760
1.9264 2784220
1.92689 2785680
1.92738 2787140
1.92787 2788600
1.92836 2790060
1.92885 2791520
1.92934 2792980
1.92983 2794440
1.93032 2795900
1.93081 2797360
1.9313 2798820
1.93179 2800280
1.93228 2801740
1.93277 2803200
1.93326 2804660
1.93375 2806120
1.93424 2807580
1.93473 2809040
1.93522 2810500
1.93571 2811960
1.93619 2813420
1.93668 2814880
1.93717 2816340
1.93766 2817800
1.93815 2819260
1.93864 2820720
1.93913 2822180
1.93962 2823640
1.94011 2825100
1.9406 2826560
1.94109 2828020
1.94158 2829480
1.94207 2830940
1.94256 2832400
1.94305 2833860
1.94354 2835320
1.94403 2836780
1.94452 2838240
1.94501 2839700
1.9455 2841160
1.94599 2842620
1.94648 2844080
1.94697 2845540
1.94746 2847000
1.94795 2848460
1.94843 2849920
1.94892 2851380
1.94941 2852840
1.9499 2854300
1.95039 2855760
1.95088 2857220
1.95137 2858680
1.95186 2860140
1.95235 2861600
1.95284 2863060
1.95333 2864520
1.95382 2865980
1.95431 2867440
1.9548 2868900
1.95529 2870360
1.95578 2871820
1.95627 2873280
1.95676 2874740
1.95725 2876200
1.95774 2877660
1.95823 2879120
1.95872 2880580
1.95921 2882040
1.9597 2883500
1.96019 2884960
1.96067 2886420
1.96116 2887880
1.96165 2889340
1.96214 2890800
1.96263 2892260
1.96312 2893720
1.96361 2895180
1.9641 2896640
1.96459 2898100
1.96508 2899560
1.96557 2901020
1.96606 2902480
1.96655 2903940
1.96704 2905400
1.96753 2906860
1.96802 2908320
1.96851 2909780
1.969 2911240
1.96949 2912700
1.96998 2914160
1.97047 2915620
1.97096 2917080
1.97145 2918540
1.97194 2920000
1.97243 2921460
1.97291 2922920
1.9734 2924380
1.97389 2925840
1.97438 2927300
1.97487 2928760
1.97536 2930220
1.97585 2931680
1.97634 2933140
1.97683 2934600
1.97732 2936060
1.97781 2937520
1.9783 2938980
1.97879 2940440
1.97928 2941900
1.97977 2943360
1.98026 2944820
1.98075 2946280
1.98124 2947740
1.98173 2949200
1.98222 2950660
1.98271 2952120
1.9832 2953580
1.98369 2955040
1.98418 2956500
1.98467 2957960
1.98515 2959420
1.98564 2960880
1.98613 2962340
1.98662 2963800
1.98711 2965260
1.9876 2966720
1.98809 2968180
1.98858 2969640
1.98907 2971100
1.98956 2972560
1.99005 2974020
1.99054 2975480
1.99103 2976940
1.99152 2978400
1.99201 2979860
1.9925 2981320
1.99299 2982780
1.99348 2984240
1.99397 2985700
1.99446 2987160
1.99495 2988620
1.99544 2990080
1.99593 2991540
1.99642 2993000
1.99691 2994460
1.99739 2995920
1.99788 2997380
1.99837 2998840
1.99886 3000300
1.99935 3001760
1.99984 3003220
2.00033 3004680
2.00082 3006140
2.00131 3007600
2.0018 3009060
2.0023 3010520
2.00279 3011980
2.00328 3013440
2.00377 3014900
2.00426 3016360
2.00489 3017820
2.00538 3019280
2.00587 3020740
2.00635 3022200
2.00708 3023660
2.00757 3025120
2.00806 3026580
2.00855 3028040
2.00904 3029500
2.00976 3030960
2.01025 3032420
2.01074 3033880
2.01123 3035340
2.01195 3036800
2.01244 3038260
2.01293 3039720
2.01342 3041180
2.01425 3042640
2.01475 3044100
2.01524 3045560
2.01573 3047020
2.01622 3048480
2.01706 3049940
2.01755 3051400
2.01804 3052860
2.01853 3054320
2.01938 3055780
2.01987 3057240
2.02036 3058700
2.02085 3060160
2.02134 3061620
2.02218 3063080
2.02267 3064540
2.02316 3066000
2.02365 3067460
2.02449 3068920
2.02498 3070380
2.02547 3071840
2.02596 3073300
2.02645 3074760
2.0273 3076220
2.02779 3077680
2.02828 3079140
2.02877 3080600
2.02961 3082060
2.0301 3083520
2.03059 3084980
2.03108 3086440
2.03157 3087900
2.03241 3089360
2.0329 3090820
2.03339 3092280
2.03388 3093740
2.03473 3095200
2.03522 3096660
2.03571 3098120
2.0362 3099580
2.03669 3101040
2.03753 3102500
2.03802 3103960
2.03851 3105420
2.039 3106880
2.03984 3108340
2.04033 3109800
2.04082 3111260
2.04131 3112720
2.04216 3114180
2.04265 3115640
2.04314 3117100
2.04363 3118560
2.04412 3120020
2.04484 3121480
2.04533 3122940
2.04582 3124400
2.04631 3125860
2.04683 3127320
2.04732 3128780
2.04781 3130240
2.04829 3131700
2.04878 3133160
2.0493 3134620
2.04979 3136080
2.05028 3137540
2.05077 3139000
2.05128 3140460
2.05177 3141920
2.05226 3143380
2.05275 3144840
2.05324 3146300
2.05375 3147760
2.05424 3149220
2.05473 3150680
2.05522 3152140
2.05574 3153600
2.05623 3155060
2.05672 3156520
2.05721 3157980
2.0577 3159440
2.05821 3160900
2.0587 3162360
2.05919 3163820
2.05968 3165280
2.06019 3166740
2.06068 3168200
2.06117 3169660
2.06166 3171120
2.06216 3172580
2.06265 3174040
2.06314 3175500
2.06363 3176960
2.06412 3178420
2.06461 3179880
2.0651 3181340
2.06559 3182800
2.06608 3184260
2.06657 3185720
2.06706 3187180
2.06755 3188640
2.06804 3190100
2.06853 3191560
2.06902 3193020
2.06951 3194480
2.07 3195940
2.07049 3197400
2.07097 3198860
2.07146 3200320
2.07195 3201780
2.07244 3203240
2.07293 3204700
2.07342 3206160
2.07391 3207620
2.0744 3209080
2.07489 3210540
2.07538 3212000
2.07587 3213460
2.07636 3214920
2.07685 3216380
2.07734 3217840
2.07783 3219300
2.07832 3220760
2.07881 3222220
2.0793 3223680
2.07979 3225140
2.08028 3226600
2.08077 3228060
2.08126 3229520
2.08175 3230980
2.08224 3232440
2.08273 3233900
2.08321 3235360
2.0837 3236820
2.08419 3238280
2.08468 3239740
2.08517 3241200
2.08566 3242660
2.08615 3244120
2.08664 3245580
2.08713 3247040
2.08762 3248500
2.08811 3249960
2.0886 3251420
2.08909 3252880
2.08958 3254340
2.09007 3255800
2.09056 3257260
2.09105 3258720
2.09154 3260180
2.09203 3261640
2.09252 3263100
2.09301 3264560
2.0935 3266020
2.09399 3267480
2.09448 3268940
2.09497 3270400
2.09545 3271860
2.09594 3273320
2.09643 3274780
2.09692 3276240
2.09741 3277700
2.0979 3279160
2.09839 3280620
2.09888 3282080
2.09937 3283540
2.09986 3285000
2.10035 3286460
2.10084 3287920
2.10133 3289380
2.10182 3290840
2.10233 3292300
2.10282 3293760
2.10331 3295220
2.1038 3296680
2.10429 3298140
2.10478 3299600
2.10527 3301060
2.10576 3302520
2.10625 3303980
2.10674 3305440
2.10723 3306900
2.10771 3308360
2.1082 3309820
2.10869 3311280
2.10918 3312740
2.10967 3314200
2.11016 3315660
2.11065 3317120
2.11114 3318580
2.11163 3320040
2.11212 3321500
2.11261 3322960
2.1131 3324420
2.11359 3325880
2.11408 3327340
2.11457 3328800
2.11506 3330260
2.11555 3331720
2.11604 3333180
2.11653 3334640
2.11702 3336100
2.11751 3337560
2.118 3339020
2.11849 3340480
2.11898 3341940
2.11947 3343400
2.11995 3344860
2.12044 3346320
2.12093 3347780
2.12142 3349240
2.12191 3350700
2.1224 3352160
2.12289 3353620
2.12338 3355080
2.12387 3356540
2.12436 3358000
2.12485 3359460
2.12534 3360920
2.12583 3362380
2.12632 3363840
2.12681 3365300
2.1273 3366760
2.12779 3368220
2.12828 3369680
2.12877 3371140
2.12926 3372600
2.12975 3374060
2.13024 3375520
2.13073 3376980
2.13122 3378440
2.13171 3379900
2.13219 3381360
2.13268 3382820
2.13317 3384280
2.13366 3385740
2.13415 3387200
2.13464 3388660
2.13513 3390120
2.13562 3391580
2.13611 3393040
2.1366 3394500
2.13709 3395960
2.13758 3397420
2.13807 3398880
2.13856 3400340
2.13905 3401800
2.13954 3403260
2.14003 3404720
2.14052 3406180
2.14101 3407640
2.1415 3409100
2.14199 3410560
2.14248 3412020
2.14297 3413480
2.14346 3414940
2.14395 3416400
2.14443 3417860
2.14492 3419320
2.14541 3420780
2.1459 3422240
2.14639 3423700
2.14688 3425160
2.14737 3426620
2.14786 3428080
2.14835 3429540
2.14884 3431000
2.14933 3432460
2.14982 3433920
2.15031 3435380
2.1508 3436840
2.15129 3438300
2.15178 3439760
2.15227 3441220
2.15276 3442680
2.15325 3444140
2.15374 3445600
2.15423 3447060
2.15472 3448520
2.15521 3449980
2.1557 3451440
2.15619 3452900
2.15667 3454360
2.15716 3455820
2.15765 3457280
2.15814 3458740
2.15863 3460200
2.15912 3461660
2.15961 3463120
2.1601 3464580
2.16059 3466040
2.16108 3467500
2.16157 3468960
2.16206 3470420
2.16255 3471880
2.16304 3473340
2.16353 3474800
2.16402 3476260
2.16451 3477720
2.165 3479180
2.16549 3480640
2.16598 3482100
2.16647 3483560
2.16696 3485020
2.16745 3486480
2.16794 3487940
2.16843 3489400
2.16891 3490860
2.1694 3492320
2.16989 3493780
2.17038 3495240
2.17087 3496700
2.17136 3498160
2.17185 3499620
2.17234 3501080
2.17283 3502540
2.17332 3504000
2.17381 3505460
2.1743 3506920
2.17479 3508380
2.17528 3509840
2.17577 3511300
2.17626 3512760
2.17675 3514220
2.17724 3515680
2.17773 3517140
2.17822 3518600
2.17871 3520060
2.1792 3521520
2.17969 3522980
2.18018 3524440
2.18067 3525900
2.18115 3527360
2.18164 3528820
2.18213 3530280
2.18262 3531740
2.18311 3533200
2.1836 3534660
2.18409 3536120
2.18458 3537580
2.18507 3539040
2.18556 3540500
2.18605 3541960
2.18654 3543420
2.18703 3544880
2.18752 3546340
2.18801 3547800
2.1885 3549260
2.18899 3550720
2.18948 3552180
2.18997 3553640
2.19046 3555100
2.19095 3556560
2.19144 3558020
2.19193 3559480
2.19242 3560940
2.19291 3562400
2.19339 3563860
2.19388 3565320
2.19437 3566780
2.19486 3568240
2.19535 3569700
2.19584 3571160
2.19633 3572620
2.19682 3574080
2.19731 3575540
2.1978 3577000
2.19829 3578460
2.19878 3579920
2.19927 3581380
2.19976 3582840
2.20025 3584300
2.20074 3585760
2.20123 3587220
2.20172 3588680
2.20221 3590140
2.2027 3591600
2.20319 3593060
2.20368 3594520
2.20417 3595980
2.20478 3597440
2.20527 3598900
2.20576 3600360
2.20625 3601820
2.20698 3603280
2.20747 3604740
2.20796 3606200
2.20845 3607660
2.20894 3609120
2.20967 3610580
2.21016 3612040
2.21065 3613500
2.21114 3614960
2.21188 3616420
2.21237 3617880
2.21286 3619340
2.21335 3620800
2.21384 3622260
2.21457 3623720
2.21506 3625180
2.21555 3626640
2.21604 3628100
2.21677 3629560
2.21726 3631020
2.21775 3632480
2.21824 3633940
2.21873 3635400
2.21947 3636860
2.21996 3638320
2.22045 3639780
2.22093 3641240
2.22167 3642700
2.22216 3644160
2.22265 3645620
2.22314 3647080
2.22387 3648540
2.22436 3650000
2.22485 3651460
2.22534 3652920
2.22583 3654380
2.22657 3655840
2.22705 3657300
2.22754 3658760
2.22803 3660220
2.22877 3661680
2.22926 3663140
2.22975 3664600
2.23024 3666060
2.23073 3667520
2.23146 3668980
2.23195 3670440
2.23244 3671900
2.23293 3673360
2.23379 3674820
2.23428 3676280
2.23477 3677740
2.23526 3679200
2.23575 3680660
2.2366 3682120
2.23709 3683580
2.23758 3685040
2.23807 3686500
2.23893 3687960
2.23942 3689420
2.23991 3690880
2.2404 3692340
2.24089 3693800
2.24174 3695260
2.24223 3696720
2.24272 3698180
2.24321 3699640
2.24407 3701100
2.24456 3702560
2.24505 3704020
2.24554 3705480
2.24638 3706940
2.24688 3708400
2.24737 3709860
2.24786 3711320
2.24835 3712780
2.24921 3714240
2.2497 3715700
2.25019 3717160
2.25068 3718620
2.25127 3720080
2.25176 3721540
2.25225 3723000
2.25273 3724460
2.25322 3725920
2.25372 3727380
2.25421 3728840
2.2547 3730300
2.25519 3731760
2.25568 3733220
2.25617 3734680
2.25666 3736140
2.25715 3737600
2.25764 3739060
2.25813 3740520
2.25862 3741980
2.25911 3743440
2.25959 3744900
2.26008 3746360
2.26057 3747820
2.26106 3749280
2.26155 3750740
2.26204 3752200
2.26253 3753660
2.26302 3755120
2.26351 3756580
2.264 3758040
2.26449 3759500
2.26498 3760960
2.26547 3762420
2.26596 3763880
2.26645 3765340
2.26694 3766800
2.26743 3768260
2.26792 3769720
2.26841 3771180
2.2689 3772640
2.26939 3774100
2.26988 3775560
2.27037 3777020
2.27086 3778480
2.27135 3779940
2.27183 3781400
2.27232 3782860
2.27281 3784320
2.2733 3785780
2.27379 3787240
2.27428 3788700
2.27477 3790160
2.27526 3791620
2.27575 3793080
2.27624 3794540
2.27673 3796000
2.27722 3797460
2.27771 3798920
2.2782 3800380
2.27869 3801840
2.27918 3803300
2.27967 3804760
2.28016 3806220
2.28065 3807680
2.28114 3809140
2.28163 3810600
2.28212 3812060
2.28261 3813520
2.2831 3814980
2.28359 3816440
2.28407 3817900
2.28456 3819360
2.28505 3820820
2.28554 3822280
2.28603 3823740
2.28652 3825200
2.28701 3826660
2.2875 3828120
2.28799 3829580
2.28848 3831040
2.28897 3832500
2.28946 3833960
2.28995 3835420
2.29044 3836880
2.29093 3838340
2.29142 3839800
2.29191 3841260
2.2924 3842720
2.29289 3844180
2.29338 3845640
2.29387 3847100
2.29436 3848560
2.29485 3850020
2.29534 3851480
2.29583 3852940
2.29631 3854400
2.2968 3855860
2.29729 3857320
2.29778 3858780
2.29827 3860240
2.29876 3861700
2.29925 3863160
2.29974 3864620
2.30023 3866080
2.30072 3867540
2.30121 3869000
2.3017 3870460
2.30221 3871920
2.3027 3873380
2.30319 3874840
2.30368 3876300
2.30417 3877760
2.30466 3879220
2.30515 3880680
2.30564 3882140
2.30613 3883600
2.30662 3885060
2.30711 3886520
2.3076 3887980
2.30809 3889440
2.30857 3890900
2.30906 3892360
2.30955 3893820
2.31004 3895280
2.31053 3896740
2.31102 3898200
2.31151 3899660
2.312 3901120
2.31249 3902580
2.31298 3904040
2.31347 3905500
2.31396 3906960
2.31445 3908420
2.31494 3909880
2.31543 3911340
2.31592 3912800
2.31641 3914260
2.3169 3915720
2.31739 3917180
2.31788 3918640
2.31837 3920100
2.31886 3921560
2.31935 3923020
2.31984 3924480
2.32033 3925940
2.32081 3927400
2.3213 3928860
2.32179 3930320
2.32228 3931780
2.32277 3933240
2.32326 3934700
2.32375 3936160
2.32424 3937620
2.32473 3939080
2.32522 3940540
2.32571 3942000
2.3262 3943460
2.32669 3944920
2.32718 3946380
2.32767 3947840
2.32816 3949300
2.32865 3950760
2.32914 3952220
2.32963 3953680
2.33012 3955140
2.33061 3956600
2.3311 3958060
2.33159 3959520
2.33208 3960980
2.33257 3962440
2.33305 3963900
2.33354 3965360
2.33403 3966820
2.33452 3968280
2.33501 3969740
2.3355 3971200
2.33599 3972660
2.33648 3974120
2.33697 3975580
2.33746 3977040
2.33795 3978500
2.33844 3979960
2.33893 3981420
2.33942 3982880
2.33991 3984340
2.3404 3985800
2.34089 3987260
2.34138 3988720
2.34187 3990180
2.34236 3991640
2.34285 3993100
2.34334 3994560
2.34383 3996020
2.34432 3997480
2.34481 3998940
2.34529 4000400
2.34578 4001860
2.34627 4003320
2.34676 4004780
2.34725 4006240
2.34774 4007700
2.34823 4009160
2.34872 4010620
2.34921 4012080
2.3497 4013540
2.35019 4015000
2.35068 4016460
2.35117 4017920
2.35166 4019380
2.35215 4020840
2.35264 4022300
2.35313 4023760
2.35362 4025220
2.35411 4026680
2.3546 4028140
2.35509 4029600
2.35558 4031060
2.35607 4032520
2.35656 4033980
2.35705 4035440
2.35753 4036900
2.35802 4038360
2.35851 4039820
2.359 4041280
2.35949 4042740
2.35998 4044200
2.36047 4045660
2.36096 4047120
2.36145 4048580
2.36194 4050040
2.36243 4051500
2.36292 4052960
2.36341 4054420
2.3639 4055880
2.36439 4057340
2.36488 4058800
2.36537 4060260
2.36586 4061720
2.36635 4063180
2.36684 4064640
2.36733 4066100
2.36782 4067560
2.36831 4069020
2.3688 4070480
2.36929 4071940
2.36977 4073400
2.37026 4074860
2.37075 4076320
2.37124 4077780
2.37173 4079240
2.37222 4080700
2.37271 4082160
2.3732 4083620
2.37369 4085080
2.37418 4086540
2.37467 4088000
2.37516 4089460
2.37565 4090920
2.37614 4092380
2.37663 4093840
2.37712 4095300
2.37761 4096760
2.3781 4098220
2.37859 4099680
2.37908 4101140
2.37957 4102600
2.38006 4104060
2.38055 4105520
2.38104 4106980
2.38153 4108440
2.38201 4109900
2.3825 4111360
2.38299 4112820
2.38348 4114280
2.38397 4115740
2.38446 4117200
2.38495 4118660
2.38544 4120120
2.38593 4121580
2.38642 4123040
2.38691 4124500
2.3874 4125960
2.38789 4127420
2.38838 4128880
2.38887 4130340
2.38936 4131800
2.38985 4133260
2.39034 4134720
2.39083 4136180
2.39132 4137640
2.39181 4139100
2.3923 4140560
2.39279 4142020
2.39328 4143480
2.39377 4144940
2.39425 4146400
2.39474 4147860
2.39523 4149320
2.39572 4150780
2.39621 4152240
2.3967 4153700
2.39719 4155160
2.39768 4156620
2.39817 4158080
2.39866 4159540
2.39915 4161000
2.39964 4162460
2.40013 4163920
2.40062 4165380
2.40111 4166840
2.4016 4168300
2.40209 4169760
2.40258 4171220
2.40307 4172680
2.40356 4174140
2.40405 4175600
2.40454 4177060
2.40503 4178520
2.40552 4179980
2.40601 4181440
2.40649 4182900
2.40698 4184360
2.40747 4185820
2.40796 4187280
2.40845 4188740
2.40894 4190200
2.40943 4191660
2.40992 4193120
2.41041 4194580
2.4109 4196040
2.41139 4197500
2.41188 4198960
2.41237 4200420
2.41286 4201880
2.41335 4203340
2.41384 4204800
2.41433 4206260
2.41482 4207720
2.41531 4209180
2.4158 4210640
2.41629 4212100
2.41678 4213560
2.41727 4215020
2.41776 4216480
2.41825 4217940
2.41873 4219400
2.41922 4220860
2.41971 4222320
2.4202 4223780
2.42069 4225240
2.42118 4226700
2.42167 4228160
2.42216 4229620
2.42265 4231080
2.42314 4232540
2.42363 4234000
2.42412 4235460
2.42461 4236920
2.4251 4238380
2.42559 4239840
2.42608 4241300
2.42657 4242760
2.42706 4244220
2.42755 4245680
2.42804 4247140
2.42853 4248600
2.42902 4250060
2.42951 4251520
2.43 4252980
2.43049 4254440
2.43097 4255900
2.43146 4257360
2.43195 4258820
2.43244 4260280
2.43293 4261740
2.43342 4263200
2.43391 4264660
2.4344 4266120
2.43489 4267580
2.43538 4269040
2.43587 4270500
2.43636 4271960
2.43685 4273420
2.43734 4274880
2.43783 4276340
2.43832 4277800
2.43881 4279260
2.4393 4280720
2.43979 4282180
2.44028 4283640
2.44077 4285100
2.44126 4286560
2.44175 4288020
2.44224 4289480
2.44273 4290940
2.44321 4292400
2.4437 4293860
2.44419 4295320
2.44468 4296780
2.44517 4298240
2.44566 4299700
2.44615 4301160
2.44664 4302620
2.44713 4304080
2.44762 4305540
2.44811 4307000
2.4486 4308460
2.44909 4309920
2.44958 4311380
2.45007 4312840
2.45056 4314300
2.45106 4315760
2.45155 4317220
2.45204 4318680
2.45253 4320140
2.45302 4321600
2.45351 4323060
2.454 4324520
2.45449 4325980
2.45498 4327440
2.45547 4328900
2.45596 4330360
2.45645 4331820
2.45694 4333280
2.45742 4334740
2.45791 4336200
2.4584 4337660
2.45889 4339120
2.45938 4340580
2.45987 4342040
2.46036 4343500
2.46085 4344960
2.46134 4346420
2.46183 4347880
2.46232 4349340
2.46281 4350800
2.4633 4352260
2.46379 4353720
2.46428 4355180
2.46477 4356640
2.46526 4358100
2.46575 4359560
2.46624 4361020
2.46673 4362480
2.46722 4363940
2.46771 4365400
2.4682 4366860
2.46869 4368320
2.46918 4369780
2.46966 4371240
2.47015 4372700
2.47064 4374160
2.47113 4375620
2.47162 4377080
2.47211 4378540
2.4726 4380000
2.47309 4381460
2.47358 4382920
2.47407 4384380
2.47456 4385840
2.47505 4387300
2.47554 4388760
2.47603 4390220
2.47652 4391680
2.47701 4393140
2.4775 4394600
2.47799 4396060
2.47848 4397520
2.47897 4398980
2.47946 4400440
2.47995 4401900
2.48044 4403360
2.48093 4404820
2.48142 4406280
2.4819 4407740
2.48239 4409200
2.48288 4410660
2.48337 4412120
2.48386 4413580
2.48435 4415040
2.48484 4416500
2.48533 4417960
2.48582 4419420
2.48631 4420880
2.4868 4422340
2.48729 4423800
2.48778 4425260
2.48827 4426720
2.48876 4428180
2.48925 4429640
2.48974 4431100
2.49023 4432560
2.49072 4434020
2.49121 4435480
2.4917 4436940
2.49219 4438400
2.49268 4439860
2.49317 4441320
2.49366 4442780
2.49414 4444240
2.49463 4445700
2.49512 4447160
2.49561 4448620
2.4961 4450080
2.49659 4451540
2.49708 4453000
2.49757 4454460
2.49806 4455920
2.49855 4457380
2.49904 4458840
2.49953 4460300
