0.0 0
1.00006 6.3168e-05
1.00016 6.7593e-05
1.00019 7.4525e-05
1.00026 7.7455e-05
1.00028 8.3079e-05
1.00031 8.8e-05
1.00033 9.5366e-05
1.00036 9.5691e-05
1.00038 9.9035e-05
1.00041 0.000101961
1.00043 0.000107581
1.00046 0.000112499
1.00048 0.000119862
1.0005 0.000126305
1.00053 0.000135002
1.00055 0.000142606
1.00058 0.00015232
1.0006 0.00016082
1.00063 0.000171317
1.00065 0.000180502
1.00068 0.000191599
1.0007 0.000201309
1.00072 0.000212865
1.00075 0.000222976
1.00077 0.000234884
1.0008 0.000245303
1.00082 0.00025748
1.00085 0.000268135
1.00087 0.000280518
1.0009 0.000291353
1.00092 0.000303893
1.00095 0.000314866
1.00097 0.000324467
1.00099 0.000332868
1.00102 0.000340219
1.00104 0.000346651
1.00107 0.000352279
1.00109 0.000357204
1.00112 0.000361513
1.00114 0.000365283
1.00117 0.000368582
1.00119 0.000371469
1.00121 0.000373995
1.00124 0.000376205
1.00126 0.000378139
1.00129 0.000379831
1.00131 0.000381312
1.00134 0.000382608
1.00136 0.000383742
1.00139 0.000384734
1.00141 0.000385602
1.00143 0.000389421
1.00146 0.000392763
1.00148 0.000395687
1.00151 0.000398246
1.00153 0.000400485
1.00156 0.000402444
1.00158 0.000404158
1.00161 0.000405658
1.00163 0.00040697
1.00166 0.000408118
1.00168 0.000409123
1.0017 0.000410002
1.00173 0.000410771
1.00175 0.000411444
1.00178 0.000412033
1.0018 0.000412548
1.00183 0.000412999
1.00185 0.000413394
1.00188 0.000413739
1.0019 0.000414041
1.00192 0.000414305
1.00195 0.000417596
1.00197 0.000420476
1.002 0.000422996
1.00202 0.000425201
1.00205 0.00042713
1.00207 0.000428818
1.0021 0.000430295
1.00212 0.000431588
1.00214 0.000432719
1.00217 0.000433709
1.00219 0.000434575
1.00222 0.000435333
1.00224 0.000435996
1.00227 0.000436576
1.00229 0.000437084
1.00232 0.000437528
1.00234 0.000437917
1.00237 0.000438257
1.00239 0.000438554
1.00241 0.000438814
1.00244 0.000439042
1.00246 0.000442301
1.00249 0.000445153
1.00251 0.000447648
1.00254 0.000449832
1.00256 0.000451743
1.00259 0.000453415
1.00261 0.000454878
1.00263 0.000456158
1.00266 0.000457278
1.00268 0.000458258
1.00271 0.000459115
1.00273 0.000459865
1.00276 0.000460521
1.00278 0.000461095
1.00281 0.000461598
1.00283 0.000462038
1.00285 0.000462423
1.00288 0.00046276
1.0029 0.000463055
1.00293 0.000463313
1.00295 0.000463538
1.00298 0.000466795
1.003 0.000469645
1.00303 0.000472139
1.00305 0.000474321
1.00307 0.00047623
1.0031 0.000477901
1.00312 0.000479363
1.00315 0.000480642
1.00317 0.000481761
1.0032 0.00048274
1.00322 0.000483597
1.00325 0.000484347
1.00327 0.000485003
1.0033 0.000485577
1.00332 0.000486079
1.00334 0.000486519
1.00337 0.000486904
1.00339 0.000487241
1.00342 0.000487535
1.00344 0.000487793
1.00347 0.000488018
1.00349 0.000491275
1.00352 0.000494125
1.00354 0.000496619
1.00356 0.000498801
1.00359 0.00050071
1.00361 0.000502381
1.00364 0.000503843
1.00366 0.000505122
1.00369 0.000506241
1.00371 0.00050722
1.00374 0.000508077
1.00376 0.000508827
1.00378 0.000509483
1.00381 0.000510057
1.00383 0.000510559
1.00386 0.000510999
1.00388 0.000511384
1.00391 0.000511721
1.00393 0.000512015
1.00396 0.000512273
1.00398 0.000512498
1.00401 0.000515755
1.00403 0.000518605
1.00405 0.000521099
1.00408 0.000523281
1.0041 0.00052519
1.00413 0.000526861
1.00415 0.000528323
1.00418 0.000529602
1.0042 0.000530721
1.00423 0.0005317
1.00425 0.000532557
1.00427 0.000533307
1.0043 0.000533963
1.00432 0.000534537
1.00435 0.000535039
1.00437 0.000535479
1.0044 0.000535864
1.00442 0.000536201
1.00445 0.000536495
1.00447 0.000536753
1.00449 0.000536978
1.00452 0.000540235
1.00454 0.000543085
1.00457 0.000545579
1.00459 0.000547761
1.00462 0.00054967
1.00464 0.000551341
1.00467 0.000552803
1.00469 0.000554082
1.00472 0.000555201
1.00474 0.00055618
1.00476 0.000557037
1.00479 0.000557787
1.00481 0.000558443
1.00484 0.000559017
1.00486 0.000559519
1.00489 0.000559959
1.00491 0.000560344
1.00494 0.000560681
1.00496 0.000560975
1.00498 0.000561233
1.00501 0.000561458
1.00503 0.000564715
1.00506 0.000567565
1.00508 0.000570059
1.00511 0.000572241
1.00513 0.00057415
1.00516 0.000575821
1.00518 0.000577283
1.0052 0.000578562
1.00523 0.000579681
1.00525 0.00058066
1.00528 0.000581517
1.0053 0.000582267
1.00533 0.000582923
1.00535 0.000583497
1.00538 0.000583999
1.0054 0.000584439
1.00543 0.000584824
1.00545 0.000585161
1.00547 0.000585455
1.0055 0.000585713
1.00552 0.000585938
1.00555 0.000589195
1.00557 0.000592045
1.0056 0.000594539
1.00562 0.000596721
1.00565 0.00059863
1.00567 0.000600301
1.00569 0.000601763
1.00572 0.000603042
1.00574 0.000604161
1.00577 0.00060514
1.00579 0.000605997
1.00582 0.000606747
1.00584 0.000607403
1.00587 0.000607977
1.00589 0.000608479
1.00591 0.000608919
1.00594 0.000609304
1.00596 0.000609641
1.00599 0.000609935
1.00601 0.000610193
1.00604 0.000610418
1.00606 0.000613675
1.00609 0.000616525
1.00611 0.000619019
1.00613 0.000621201
1.00616 0.00062311
1.00618 0.000624781
1.00621 0.000626243
1.00623 0.000627522
1.00626 0.000628641
1.00628 0.00062962
1.00631 0.000630477
1.00633 0.000631227
1.00636 0.000631883
1.00638 0.000632457
1.0064 0.000632959
1.00643 0.000633399
1.00645 0.000633784
1.00648 0.000634121
1.0065 0.000634415
1.00653 0.000634673
1.00655 0.000634898
1.00658 0.000638155
1.0066 0.000641005
1.00662 0.000643499
1.00665 0.000645681
1.00667 0.00064759
1.0067 0.000649261
1.00672 0.000650723
1.00675 0.000652002
1.00677 0.000653121
1.0068 0.0006541
1.00682 0.000654957
1.00684 0.000655707
1.00687 0.000656363
1.00689 0.000656937
1.00692 0.000657439
1.00694 0.000657879
1.00697 0.000658264
1.00699 0.000658601
1.00702 0.000658895
1.00704 0.000659153
1.00707 0.000659378
1.00709 0.000662635
1.00711 0.000665485
1.00714 0.000667979
1.00716 0.000670161
1.00719 0.00067207
1.00721 0.000673741
1.00724 0.000675203
1.00726 0.000676482
1.00729 0.000677601
1.00731 0.00067858
1.00733 0.000679437
1.00736 0.000680187
1.00738 0.000680843
1.00741 0.000681417
1.00743 0.000681919
1.00746 0.000682359
1.00748 0.000682744
1.00751 0.000683081
1.00753 0.000683375
1.00755 0.000683633
1.00758 0.000683858
1.0076 0.000687115
1.00763 0.000689965
1.00765 0.000692459
1.00768 0.000694641
1.0077 0.00069655
1.00773 0.000698221
1.00775 0.000699683
1.00778 0.000700962
1.0078 0.000702081
1.00782 0.00070306
1.00785 0.000703917
1.00787 0.000704667
1.0079 0.000705323
1.00792 0.000705897
1.00795 0.000706399
1.00797 0.000706839
1.008 0.000707224
1.00802 0.000707561
1.00804 0.000707855
1.00807 0.000708113
1.00809 0.000708338
1.00812 0.000711595
1.00814 0.000714445
1.00817 0.000716939
1.00819 0.000719121
1.00822 0.00072103
1.00824 0.000722701
1.00826 0.000724163
1.00829 0.000725442
1.00831 0.000726561
1.00834 0.00072754
1.00836 0.000728397
1.00839 0.000729147
1.00841 0.000729803
1.00844 0.000730377
1.00846 0.000730879
1.00849 0.000731319
1.00851 0.000731704
1.00853 0.000732041
1.00856 0.000732335
1.00858 0.000732593
1.00861 0.000732818
1.00863 0.000736075
1.00866 0.000738925
1.00868 0.000741419
1.00871 0.000743601
1.00873 0.00074551
1.00875 0.000747181
1.00878 0.000748643
1.0088 0.000749922
1.00883 0.000751041
1.00885 0.00075202
1.00888 0.000752877
1.0089 0.000753627
1.00893 0.000754283
1.00895 0.000754857
1.00897 0.000755359
1.009 0.000755799
1.00902 0.000756184
1.00905 0.000756521
1.00907 0.000756815
1.0091 0.000757073
1.00912 0.000757298
1.00915 0.000760555
1.00917 0.000763405
1.00919 0.000765899
1.00922 0.000768081
1.00924 0.00076999
1.00927 0.000771661
1.00929 0.000773123
1.00932 0.000774402
1.00934 0.000775521
1.00937 0.0007765
1.00939 0.000777357
1.00942 0.000778107
1.00944 0.000778763
1.00946 0.000779337
1.00949 0.000779839
1.00951 0.000780279
1.00954 0.000780664
1.00956 0.000781001
1.00959 0.000781295
1.00961 0.000781553
1.00964 0.000781778
1.00966 0.000785035
1.00968 0.000787885
1.00971 0.000790379
1.00973 0.000792561
1.00976 0.00079447
1.00978 0.000796141
1.00981 0.000797603
1.00983 0.000798882
1.00986 0.000800001
1.00988 0.00080098
1.0099 0.000801837
1.00993 0.000802587
1.00995 0.000803243
1.00998 0.000803817
1.01 0.000804319
1.01003 0.000804759
1.01005 0.000805144
1.01008 0.000805481
1.0101 0.000805775
1.01013 0.000806033
1.01015 0.000806258
1.01017 0.000809515
1.0102 0.000812365
1.01022 0.000814859
1.01025 0.000817041
1.01027 0.00081895
1.0103 0.000820621
1.01032 0.000822083
1.01035 0.000823362
1.01037 0.000824481
1.01039 0.00082546
1.01042 0.000826317
1.01044 0.000827067
1.01047 0.000827723
1.01049 0.000828297
1.01052 0.000828799
1.01054 0.000829239
1.01057 0.000829624
1.01059 0.000829961
1.01061 0.000830255
1.01064 0.000830513
1.01066 0.000830738
1.01069 0.000833995
1.01071 0.000836845
1.01074 0.000839339
1.01076 0.000841521
1.01079 0.00084343
1.01081 0.000845101
1.01084 0.000846563
1.01086 0.000847842
1.01088 0.000848961
1.01091 0.00084994
1.01093 0.000850797
1.01096 0.000851547
1.01098 0.000852203
1.01101 0.000852777
1.01103 0.000853279
1.01106 0.000853719
1.01108 0.000854104
1.0111 0.000854441
1.01113 0.000854735
1.01115 0.000854993
1.01118 0.000855218
1.0112 0.000858475
1.01123 0.000861325
1.01125 0.000863819
1.01128 0.000866001
1.0113 0.00086791
1.01132 0.000869581
1.01135 0.000871043
1.01137 0.000872322
1.0114 0.000873441
1.01142 0.00087442
1.01145 0.000875277
1.01147 0.000876027
1.0115 0.000876683
1.01152 0.000877257
1.01155 0.000877759
1.01157 0.000878199
1.01159 0.000878584
1.01162 0.000878921
1.01164 0.000879215
1.01167 0.000879473
1.01169 0.000879698
1.01172 0.000882955
1.01174 0.000885805
1.01177 0.000888299
1.01179 0.000890481
1.01181 0.00089239
1.01184 0.000894061
1.01186 0.000895523
1.01189 0.000896802
1.01191 0.000897921
1.01194 0.0008989
1.01196 0.000899757
1.01199 0.000900507
1.01201 0.000901163
1.01203 0.000901737
1.01206 0.000902239
1.01208 0.000902679
1.01211 0.000903064
1.01213 0.000903401
1.01216 0.000903695
1.01218 0.000903953
1.01221 0.000904178
1.01223 0.000907435
1.01225 0.000910285
1.01228 0.000912779
1.0123 0.000914961
1.01233 0.00091687
1.01235 0.000918541
1.01238 0.000920003
1.0124 0.000921282
1.01243 0.000922401
1.01245 0.00092338
1.01248 0.000924237
1.0125 0.000924987
1.01252 0.000925643
1.01255 0.000926217
1.01257 0.000926719
1.0126 0.000927159
1.01262 0.000927544
1.01265 0.000927881
1.01267 0.000928175
1.0127 0.000928433
1.01272 0.000928658
1.01274 0.000931915
1.01277 0.000934765
1.01279 0.000937259
1.01282 0.000939441
1.01284 0.00094135
1.01287 0.000943021
1.01289 0.000944483
1.01292 0.000945762
1.01294 0.000946881
1.01296 0.00094786
1.01299 0.000948717
1.01301 0.000949467
1.01304 0.000950123
1.01306 0.000950697
1.01309 0.000951199
1.01311 0.000951639
1.01314 0.000952024
1.01316 0.000952361
1.01319 0.000952655
1.01321 0.000952913
1.01323 0.000953138
1.01326 0.000956395
1.01328 0.000959245
1.01331 0.000961739
1.01333 0.000963921
1.01336 0.00096583
1.01338 0.000967501
1.01341 0.000968963
1.01343 0.000970242
1.01345 0.000971361
1.01348 0.00097234
1.0135 0.000973197
1.01353 0.000973947
1.01355 0.000974603
1.01358 0.000975177
1.0136 0.000975679
1.01363 0.000976119
1.01365 0.000976504
1.01367 0.000976841
1.0137 0.000977135
1.01372 0.000977393
1.01375 0.000977618
1.01377 0.000980875
1.0138 0.000983725
1.01382 0.000986219
1.01385 0.000988401
1.01387 0.00099031
1.0139 0.000991981
1.01392 0.000993443
1.01394 0.000994722
1.01397 0.000995841
1.01399 0.00099682
1.01402 0.000997677
1.01404 0.000998427
1.01407 0.000999083
1.01409 0.000999657
1.01412 0.00100016
1.01414 0.0010006
1.01416 0.00100098
1.01419 0.00100132
1.01421 0.00100161
1.01424 0.00100187
1.01426 0.0010021
1.01429 0.00100535
1.01431 0.0010082
1.01434 0.0010107
1.01436 0.00101288
1.01438 0.00101479
1.01441 0.00101646
1.01443 0.00101792
1.01446 0.0010192
1.01448 0.00102032
1.01451 0.0010213
1.01453 0.00102216
1.01456 0.00102291
1.01458 0.00102356
1.01461 0.00102414
1.01463 0.00102464
1.01465 0.00102508
1.01468 0.00102546
1.0147 0.0010258
1.01473 0.00102609
1.01475 0.00102635
1.01478 0.00102658
1.0148 0.00102983
1.01483 0.00103268
1.01485 0.00103518
1.01487 0.00103736
1.0149 0.00103927
1.01492 0.00104094
1.01495 0.0010424
1.01497 0.00104368
1.015 0.0010448
1.01502 0.00104578
1.01505 0.00104664
1.01507 0.00104739
1.01509 0.00104804
1.01512 0.00104862
1.01514 0.00104912
1.01517 0.00104956
1.01519 0.00104994
1.01522 0.00105028
1.01524 0.00105057
1.01527 0.00105083
1.01529 0.00105106
1.01531 0.00105431
1.01534 0.00105717
1.01536 0.00105966
1.01539 0.00106184
1.01541 0.00106375
1.01544 0.00106542
1.01546 0.00106688
1.01549 0.00106816
1.01551 0.00106928
1.01554 0.00107026
1.01556 0.00107112
1.01558 0.00107187
1.01561 0.00107252
1.01563 0.0010731
1.01566 0.0010736
1.01568 0.00107404
1.01571 0.00107442
1.01573 0.00107476
1.01576 0.00107506
1.01578 0.00107531
1.0158 0.00107554
1.01583 0.0010788
1.01585 0.00108165
1.01588 0.00108414
1.0159 0.00108632
1.01593 0.00108823
1.01595 0.0010899
1.01598 0.00109136
1.016 0.00109264
1.01602 0.00109376
1.01605 0.00109474
1.01607 0.0010956
1.0161 0.00109635
1.01612 0.001097
1.01615 0.00109758
1.01617 0.00109808
1.0162 0.00109852
1.01622 0.0010989
1.01625 0.00109924
1.01627 0.00109954
1.01629 0.00109979
1.01632 0.00110002
1.01634 0.00110327
1.01637 0.00110612
1.01639 0.00110862
1.01642 0.0011108
1.01644 0.00111271
1.01647 0.00111438
1.01649 0.00111584
1.01651 0.00111712
1.01654 0.00111824
1.01656 0.00111922
1.01659 0.00112008
1.01661 0.00112083
1.01664 0.00112148
1.01666 0.00112206
1.01669 0.00112256
1.01671 0.001123
1.01673 0.00112338
1.01676 0.00112372
1.01678 0.00112401
1.01681 0.00112427
1.01683 0.0011245
1.01686 0.00112776
1.01688 0.00113061
1.01691 0.0011331
1.01693 0.00113528
1.01696 0.00113719
1.01698 0.00113886
1.017 0.00114032
1.01703 0.0011416
1.01705 0.00114272
1.01708 0.0011437
1.0171 0.00114456
1.01713 0.00114531
1.01715 0.00114596
1.01718 0.00114654
1.0172 0.00114704
1.01722 0.00114748
1.01725 0.00114786
1.01727 0.0011482
1.0173 0.0011485
1.01732 0.00114875
1.01735 0.00114898
1.01737 0.00115223
1.0174 0.00115508
1.01742 0.00115758
1.01744 0.00115976
1.01747 0.00116167
1.01749 0.00116334
1.01752 0.0011648
1.01754 0.00116608
1.01757 0.0011672
1.01759 0.00116818
1.01762 0.00116904
1.01764 0.00116979
1.01767 0.00117044
1.01769 0.00117102
1.01771 0.00117152
1.01774 0.00117196
1.01776 0.00117234
1.01779 0.00117268
1.01781 0.00117297
1.01784 0.00117323
1.01786 0.00117346
1.01789 0.00117672
1.01791 0.00117957
1.01793 0.00118206
1.01796 0.00118424
1.01798 0.00118615
1.01801 0.00118782
1.01803 0.00118928
1.01806 0.00119056
1.01808 0.00119168
1.01811 0.00119266
1.01813 0.00119352
1.01815 0.00119427
1.01818 0.00119492
1.0182 0.0011955
1.01823 0.001196
1.01825 0.00119644
1.01828 0.00119682
1.0183 0.00119716
1.01833 0.00119746
1.01835 0.00119771
1.01837 0.00119794
1.0184 0.00120119
1.01842 0.00120404
1.01845 0.00120654
1.01847 0.00120872
1.0185 0.00121063
1.01852 0.0012123
1.01855 0.00121376
1.01857 0.00121504
1.0186 0.00121616
1.01862 0.00121714
1.01864 0.001218
1.01867 0.00121875
1.01869 0.0012194
1.01872 0.00121998
1.01874 0.00122048
1.01877 0.00122092
1.01879 0.0012213
1.01882 0.00122164
1.01884 0.00122193
1.01886 0.00122219
1.01889 0.00122242
1.01891 0.00122567
1.01894 0.00122852
1.01896 0.00123102
1.01899 0.0012332
1.01901 0.00123511
1.01904 0.00123678
1.01906 0.00123824
1.01908 0.00123952
1.01911 0.00124064
1.01913 0.00124162
1.01916 0.00124248
1.01918 0.00124323
1.01921 0.00124388
1.01923 0.00124446
1.01926 0.00124496
1.01928 0.0012454
1.01931 0.00124578
1.01933 0.00124612
1.01935 0.00124641
1.01938 0.00124667
1.0194 0.0012469
1.01943 0.00125015
1.01945 0.001253
1.01948 0.0012555
1.0195 0.00125768
1.01953 0.00125959
1.01955 0.00126126
1.01957 0.00126272
1.0196 0.001264
1.01962 0.00126512
1.01965 0.0012661
1.01967 0.00126696
1.0197 0.00126771
1.01972 0.00126836
1.01975 0.00126894
1.01977 0.00126944
1.01979 0.00126988
1.01982 0.00127026
1.01984 0.0012706
1.01987 0.00127089
1.01989 0.00127115
1.01992 0.00127138
1.01994 0.00127464
1.01997 0.00127749
1.01999 0.00127998
1.02002 0.00128216
1.02004 0.00128407
1.02006 0.00128574
1.02009 0.0012872
1.02011 0.00128848
1.02014 0.0012896
1.02016 0.00129058
1.02019 0.00129144
1.02021 0.00129219
1.02024 0.00129284
1.02026 0.00129342
1.02028 0.00129392
1.02031 0.00129436
1.02033 0.00129474
1.02036 0.00129508
1.02038 0.00129538
1.02041 0.00129563
1.02043 0.00129586
1.02046 0.00129911
1.02048 0.00130196
1.0205 0.00130446
1.02053 0.00130664
1.02055 0.00130855
1.02058 0.00131022
1.0206 0.00131168
1.02063 0.00131296
1.02065 0.00131408
1.02068 0.00131506
1.0207 0.00131592
1.02073 0.00131667
1.02075 0.00131732
1.02077 0.0013179
1.0208 0.0013184
1.02082 0.00131884
1.02085 0.00131922
1.02087 0.00131956
1.0209 0.00131985
1.02092 0.00132011
1.02095 0.00132034
1.02097 0.00132359
1.02099 0.00132644
1.02102 0.00132894
1.02104 0.00133112
1.02107 0.00133303
1.02109 0.0013347
1.02112 0.00133616
1.02114 0.00133744
1.02117 0.00133856
1.02119 0.00133954
1.02121 0.0013404
1.02124 0.00134115
1.02126 0.0013418
1.02129 0.00134238
1.02131 0.00134288
1.02134 0.00134332
1.02136 0.0013437
1.02139 0.00134404
1.02141 0.00134433
1.02143 0.00134459
1.02146 0.00134482
1.02148 0.00134808
1.02151 0.00135092
1.02153 0.00135342
1.02156 0.0013556
1.02158 0.00135751
1.02161 0.00135918
1.02163 0.00136064
1.02166 0.00136192
1.02168 0.00136304
1.0217 0.00136402
1.02173 0.00136488
1.02175 0.00136563
1.02178 0.00136628
1.0218 0.00136686
1.02183 0.00136736
1.02185 0.0013678
1.02188 0.00136818
1.0219 0.00136852
1.02192 0.00136882
1.02195 0.00136907
1.02197 0.0013693
1.022 0.00137255
1.02202 0.0013754
1.02205 0.0013779
1.02207 0.00138008
1.0221 0.00138199
1.02212 0.00138366
1.02214 0.00138512
1.02217 0.0013864
1.02219 0.00138752
1.02222 0.0013885
1.02224 0.00138936
1.02227 0.00139011
1.02229 0.00139076
1.02232 0.00139134
1.02234 0.00139184
1.02237 0.00139228
1.02239 0.00139266
1.02241 0.001393
1.02244 0.00139329
1.02246 0.00139355
1.02249 0.00139378
1.02251 0.00139704
1.02254 0.00139989
1.02256 0.00140238
1.02259 0.00140456
1.02261 0.00140647
1.02263 0.00140814
1.02266 0.0014096
1.02268 0.00141088
1.02271 0.001412
1.02273 0.00141298
1.02276 0.00141384
1.02278 0.00141459
1.02281 0.00141524
1.02283 0.00141582
1.02285 0.00141632
1.02288 0.00141676
1.0229 0.00141714
1.02293 0.00141748
1.02295 0.00141778
1.02298 0.00141803
1.023 0.00141826
1.02303 0.00142151
1.02305 0.00142436
1.02308 0.00142686
1.0231 0.00142904
1.02312 0.00143095
1.02315 0.00143262
1.02317 0.00143408
1.0232 0.00143536
1.02322 0.00143648
1.02325 0.00143746
1.02327 0.00143832
1.0233 0.00143907
1.02332 0.00143972
1.02334 0.0014403
1.02337 0.0014408
1.02339 0.00144124
1.02342 0.00144162
1.02344 0.00144196
1.02347 0.00144225
1.02349 0.00144251
1.02352 0.00144274
1.02354 0.001446
1.02356 0.00144885
1.02359 0.00145134
1.02361 0.00145352
1.02364 0.00145543
1.02366 0.0014571
1.02369 0.00145856
1.02371 0.00145984
1.02374 0.00146096
1.02376 0.00146194
1.02379 0.0014628
1.02381 0.00146355
1.02383 0.0014642
1.02386 0.00146478
1.02388 0.00146528
1.02391 0.00146572
1.02393 0.0014661
1.02396 0.00146644
1.02398 0.00146674
1.02401 0.00146699
1.02403 0.00146722
1.02405 0.00147047
1.02408 0.00147332
1.0241 0.00147582
1.02413 0.001478
1.02415 0.00147991
1.02418 0.00148158
1.0242 0.00148304
1.02423 0.00148432
1.02425 0.00148544
1.02427 0.00148642
1.0243 0.00148728
1.02432 0.00148803
1.02435 0.00148868
1.02437 0.00148926
1.0244 0.00148976
1.02442 0.0014902
1.02445 0.00149058
1.02447 0.00149092
1.02449 0.00149121
1.02452 0.00149147
1.02454 0.0014917
1.02457 0.00149496
1.02459 0.00149781
1.02462 0.0015003
1.02464 0.00150248
1.02467 0.00150439
1.02469 0.00150606
1.02472 0.00150752
1.02474 0.0015088
1.02476 0.00150992
1.02479 0.0015109
1.02481 0.00151176
1.02484 0.00151251
1.02486 0.00151316
1.02489 0.00151374
1.02491 0.00151424
1.02494 0.00151468
1.02496 0.00151506
1.02498 0.0015154
1.02501 0.0015157
1.02503 0.00151595
1.02506 0.00151618
1.02508 0.00151943
1.02511 0.00152228
1.02513 0.00152478
1.02516 0.00152696
1.02518 0.00152887
1.0252 0.00153054
1.02523 0.001532
1.02525 0.00153328
1.02528 0.0015344
1.0253 0.00153538
1.02533 0.00153624
1.02535 0.00153699
1.02538 0.00153764
1.0254 0.00153822
1.02543 0.00153872
1.02545 0.00153916
1.02547 0.00153954
1.0255 0.00153988
1.02552 0.00154017
1.02555 0.00154043
1.02557 0.00154066
1.0256 0.00154391
1.02562 0.00154676
1.02565 0.00154926
1.02567 0.00155144
1.02569 0.00155335
1.02572 0.00155502
1.02574 0.00155648
1.02577 0.00155776
1.02579 0.00155888
1.02582 0.00155986
1.02584 0.00156072
1.02587 0.00156147
1.02589 0.00156212
1.02591 0.0015627
1.02594 0.0015632
1.02596 0.00156364
1.02599 0.00156402
1.02601 0.00156436
1.02604 0.00156465
1.02606 0.00156491
1.02609 0.00156514
1.02611 0.00156839
1.02614 0.00157124
1.02616 0.00157374
1.02618 0.00157592
1.02621 0.00157783
1.02623 0.0015795
1.02626 0.00158096
1.02628 0.00158224
1.02631 0.00158336
1.02633 0.00158434
1.02636 0.0015852
1.02638 0.00158595
1.0264 0.0015866
1.02643 0.00158718
1.02645 0.00158768
1.02648 0.00158812
1.0265 0.0015885
1.02653 0.00158884
1.02655 0.00158913
1.02658 0.00158939
1.0266 0.00158962
1.02662 0.00159288
1.02665 0.00159573
1.02667 0.00159822
1.0267 0.0016004
1.02672 0.00160231
1.02675 0.00160398
1.02677 0.00160544
1.0268 0.00160672
1.02682 0.00160784
1.02685 0.00160882
1.02687 0.00160968
1.02689 0.00161043
1.02692 0.00161108
1.02694 0.00161166
1.02697 0.00161216
1.02699 0.0016126
1.02702 0.00161298
1.02704 0.00161332
1.02707 0.00161362
1.02709 0.00161387
1.02711 0.0016141
1.02714 0.00161736
1.02716 0.0016202
1.02719 0.0016227
1.02721 0.00162488
1.02724 0.00162679
1.02726 0.00162846
1.02729 0.00162992
1.02731 0.0016312
1.02733 0.00163232
1.02736 0.0016333
1.02738 0.00163416
1.02741 0.00163491
1.02743 0.00163556
1.02746 0.00163614
1.02748 0.00163664
1.02751 0.00163708
1.02753 0.00163746
1.02755 0.0016378
1.02758 0.0016381
1.0276 0.00163835
1.02763 0.00163858
1.02765 0.00164183
1.02768 0.00164468
1.0277 0.00164718
1.02773 0.00164936
1.02775 0.00165127
1.02778 0.00165294
1.0278 0.0016544
1.02782 0.00165568
1.02785 0.0016568
1.02787 0.00165778
1.0279 0.00165864
1.02792 0.00165939
1.02795 0.00166004
1.02797 0.00166062
1.028 0.00166112
1.02802 0.00166156
1.02804 0.00166194
1.02807 0.00166228
1.02809 0.00166257
1.02812 0.00166283
1.02814 0.00166306
1.02817 0.00166632
1.02819 0.00166917
1.02822 0.00167166
1.02824 0.00167384
1.02826 0.00167575
1.02829 0.00167742
1.02831 0.00167888
1.02834 0.00168016
1.02836 0.00168128
1.02839 0.00168226
1.02841 0.00168312
1.02844 0.00168387
1.02846 0.00168452
1.02849 0.0016851
1.02851 0.0016856
1.02853 0.00168604
1.02856 0.00168642
1.02858 0.00168676
1.02861 0.00168706
1.02863 0.00168731
1.02866 0.00168754
1.02868 0.00169079
1.02871 0.00169364
1.02873 0.00169614
1.02875 0.00169832
1.02878 0.00170023
1.0288 0.0017019
1.02883 0.00170336
1.02885 0.00170464
1.02888 0.00170576
1.0289 0.00170674
1.02893 0.0017076
1.02895 0.00170835
1.02897 0.001709
1.029 0.00170958
1.02902 0.00171008
1.02905 0.00171052
1.02907 0.0017109
1.0291 0.00171124
1.02912 0.00171153
1.02915 0.00171179
1.02917 0.00171202
1.0292 0.00171528
1.02922 0.00171813
1.02924 0.00172062
1.02927 0.0017228
1.02929 0.00172471
1.02932 0.00172638
1.02934 0.00172784
1.02937 0.00172912
1.02939 0.00173024
1.02942 0.00173122
1.02944 0.00173208
1.02946 0.00173283
1.02949 0.00173348
1.02951 0.00173406
1.02954 0.00173456
1.02956 0.001735
1.02959 0.00173538
1.02961 0.00173572
1.02964 0.00173602
1.02966 0.00173627
1.02968 0.0017365
1.02971 0.00173975
1.02973 0.0017426
1.02976 0.0017451
1.02978 0.00174728
1.02981 0.00174919
1.02983 0.00175086
1.02986 0.00175232
1.02988 0.0017536
1.02991 0.00175472
1.02993 0.0017557
1.02995 0.00175656
1.02998 0.00175731
1.03 0.00175796
1.03003 0.00175854
1.03005 0.00175904
1.03008 0.00175948
1.0301 0.00175986
1.03013 0.0017602
1.03015 0.00176049
1.03017 0.00176075
1.0302 0.00176098
1.03022 0.00176423
1.03025 0.00176709
1.03027 0.00176958
1.0303 0.00177176
1.03032 0.00177367
1.03035 0.00177534
1.03037 0.0017768
1.03039 0.00177808
1.03042 0.0017792
1.03044 0.00178018
1.03047 0.00178104
1.03049 0.00178179
1.03052 0.00178244
1.03054 0.00178302
1.03057 0.00178352
1.03059 0.00178396
1.03061 0.00178434
1.03064 0.00178468
1.03066 0.00178497
1.03069 0.00178523
1.03071 0.00178546
1.03074 0.00178871
1.03076 0.00179156
1.03079 0.00179406
1.03081 0.00179624
1.03084 0.00179815
1.03086 0.00179982
1.03088 0.00180128
1.03091 0.00180256
1.03093 0.00180368
1.03096 0.00180466
1.03098 0.00180552
1.03101 0.00180627
1.03103 0.00180692
1.03106 0.0018075
1.03108 0.001808
1.0311 0.00180844
1.03113 0.00180882
1.03115 0.00180916
1.03118 0.00180945
1.0312 0.00180971
1.03123 0.00180994
1.03125 0.0018132
1.03128 0.00181605
1.0313 0.00181854
1.03132 0.00182072
1.03135 0.00182263
1.03137 0.0018243
1.0314 0.00182576
1.03142 0.00182704
1.03145 0.00182816
1.03147 0.00182914
1.0315 0.00183
1.03152 0.00183075
1.03155 0.0018314
1.03157 0.00183198
1.03159 0.00183248
1.03162 0.00183292
1.03164 0.0018333
1.03167 0.00183364
1.03169 0.00183394
1.03172 0.00183419
1.03174 0.00183442
1.03177 0.00183767
1.03179 0.00184052
1.03181 0.00184302
1.03184 0.0018452
1.03186 0.00184711
1.03189 0.00184878
1.03191 0.00185024
1.03194 0.00185152
1.03196 0.00185264
1.03199 0.00185362
1.03201 0.00185448
1.03203 0.00185523
1.03206 0.00185588
1.03208 0.00185646
1.03211 0.00185696
1.03213 0.0018574
1.03216 0.00185778
1.03218 0.00185812
1.03221 0.00185841
1.03223 0.00185867
1.03226 0.0018589
1.03228 0.00186215
1.0323 0.001865
1.03233 0.0018675
1.03235 0.00186968
1.03238 0.00187159
1.0324 0.00187326
1.03243 0.00187472
1.03245 0.001876
1.03248 0.00187712
1.0325 0.0018781
1.03252 0.00187896
1.03255 0.00187971
1.03257 0.00188036
1.0326 0.00188094
1.03262 0.00188144
1.03265 0.00188188
1.03267 0.00188226
1.0327 0.0018826
1.03272 0.00188289
1.03274 0.00188315
1.03277 0.00188338
1.03279 0.00188664
1.03282 0.00188948
1.03284 0.00189198
1.03287 0.00189416
1.03289 0.00189607
1.03292 0.00189774
1.03294 0.0018992
1.03297 0.00190048
1.03299 0.0019016
1.03301 0.00190258
1.03304 0.00190344
1.03306 0.00190419
1.03309 0.00190484
1.03311 0.00190542
1.03314 0.00190592
1.03316 0.00190636
1.03319 0.00190674
1.03321 0.00190708
1.03323 0.00190737
1.03326 0.00190763
1.03328 0.00190786
1.03331 0.00191111
1.03333 0.00191396
1.03336 0.00191646
1.03338 0.00191864
1.03341 0.00192055
1.03343 0.00192222
1.03345 0.00192368
1.03348 0.00192496
1.0335 0.00192608
1.03353 0.00192706
1.03355 0.00192792
1.03358 0.00192867
1.0336 0.00192932
1.03363 0.0019299
1.03365 0.0019304
1.03367 0.00193084
1.0337 0.00193122
1.03372 0.00193156
1.03375 0.00193185
1.03377 0.00193211
1.0338 0.00193234
1.03382 0.0019356
1.03385 0.00193845
1.03387 0.00194094
1.0339 0.00194312
1.03392 0.00194503
1.03394 0.0019467
1.03397 0.00194816
1.03399 0.00194944
1.03402 0.00195056
1.03404 0.00195154
1.03407 0.0019524
1.03409 0.00195315
1.03412 0.0019538
1.03414 0.00195438
1.03416 0.00195488
1.03419 0.00195532
1.03421 0.0019557
1.03424 0.00195604
1.03426 0.00195634
1.03429 0.00195659
1.03431 0.00195682
1.03434 0.00196007
1.03436 0.00196292
1.03438 0.00196542
1.03441 0.0019676
1.03443 0.00196951
1.03446 0.00197118
1.03448 0.00197264
1.03451 0.00197392
1.03453 0.00197504
1.03456 0.00197602
1.03458 0.00197688
1.03461 0.00197763
1.03463 0.00197828
1.03465 0.00197886
1.03468 0.00197936
1.0347 0.0019798
1.03473 0.00198018
1.03475 0.00198052
1.03478 0.00198081
1.0348 0.00198107
1.03483 0.0019813
1.03485 0.00198455
1.03487 0.0019874
1.0349 0.0019899
1.03492 0.00199208
1.03495 0.00199399
1.03497 0.00199566
1.035 0.00199712
1.03502 0.0019984
1.03505 0.00199952
1.03507 0.0020005
1.03509 0.00200136
1.03512 0.00200211
1.03514 0.00200276
1.03517 0.00200334
1.03519 0.00200384
1.03522 0.00200428
1.03524 0.00200466
1.03527 0.002005
1.03529 0.00200529
1.03532 0.00200555
1.03534 0.00200578
1.03536 0.00200904
1.03539 0.00201189
1.03541 0.00201438
1.03544 0.00201656
1.03546 0.00201847
1.03549 0.00202014
1.03551 0.0020216
1.03554 0.00202288
1.03556 0.002024
1.03558 0.00202498
1.03561 0.00202584
1.03563 0.00202659
1.03566 0.00202724
1.03568 0.00202782
1.03571 0.00202832
1.03573 0.00202876
1.03576 0.00202914
1.03578 0.00202948
1.0358 0.00202978
1.03583 0.00203003
1.03585 0.00203026
1.03588 0.00203352
1.0359 0.00203637
1.03593 0.00203886
1.03595 0.00204104
1.03598 0.00204295
1.036 0.00204462
1.03603 0.00204608
1.03605 0.00204736
1.03607 0.00204848
1.0361 0.00204946
1.03612 0.00205032
1.03615 0.00205107
1.03617 0.00205172
1.0362 0.0020523
1.03622 0.0020528
1.03625 0.00205324
1.03627 0.00205362
1.03629 0.00205396
1.03632 0.00205426
1.03634 0.00205451
1.03637 0.00205474
1.03639 0.00205799
1.03642 0.00206084
1.03644 0.00206334
1.03647 0.00206552
1.03649 0.00206743
1.03651 0.0020691
1.03654 0.00207056
1.03656 0.00207184
1.03659 0.00207296
1.03661 0.00207394
1.03664 0.0020748
1.03666 0.00207555
1.03669 0.0020762
1.03671 0.00207678
1.03673 0.00207728
1.03676 0.00207772
1.03678 0.0020781
1.03681 0.00207844
1.03683 0.00207873
1.03686 0.00207899
1.03688 0.00207922
1.03691 0.00208247
1.03693 0.00208532
1.03696 0.00208782
1.03698 0.00209
1.037 0.00209191
1.03703 0.00209358
1.03705 0.00209504
1.03708 0.00209632
1.0371 0.00209744
1.03713 0.00209842
1.03715 0.00209928
1.03718 0.00210003
1.0372 0.00210068
1.03722 0.00210126
1.03725 0.00210176
1.03727 0.0021022
1.0373 0.00210258
1.03732 0.00210292
1.03735 0.00210321
1.03737 0.00210347
1.0374 0.0021037
1.03742 0.00210695
1.03744 0.00210981
1.03747 0.0021123
1.03749 0.00211448
1.03752 0.00211639
1.03754 0.00211806
1.03757 0.00211952
1.03759 0.0021208
1.03762 0.00212192
1.03764 0.0021229
1.03767 0.00212376
1.03769 0.00212451
1.03771 0.00212516
1.03774 0.00212574
1.03776 0.00212624
1.03779 0.00212668
1.03781 0.00212706
1.03784 0.0021274
1.03786 0.00212769
1.03789 0.00212795
1.03791 0.00212818
1.03793 0.00213144
1.03796 0.00213429
1.03798 0.00213678
1.03801 0.00213896
1.03803 0.00214087
1.03806 0.00214254
1.03808 0.002144
1.03811 0.00214528
1.03813 0.0021464
1.03815 0.00214738
1.03818 0.00214824
1.0382 0.00214899
1.03823 0.00214964
1.03825 0.00215022
1.03828 0.00215072
1.0383 0.00215116
1.03833 0.00215154
1.03835 0.00215188
1.03838 0.00215218
1.0384 0.00215243
1.03842 0.00215266
1.03845 0.00215592
1.03847 0.00215876
1.0385 0.00216126
1.03852 0.00216344
1.03855 0.00216535
1.03857 0.00216702
1.0386 0.00216848
1.03862 0.00216976
1.03864 0.00217088
1.03867 0.00217186
1.03869 0.00217272
1.03872 0.00217347
1.03874 0.00217412
1.03877 0.0021747
1.03879 0.0021752
1.03882 0.00217564
1.03884 0.00217602
1.03886 0.00217636
1.03889 0.00217665
1.03891 0.00217691
1.03894 0.00217714
1.03896 0.00217733
1.03899 0.00217751
1.03901 0.00217766
1.03904 0.00217779
1.03906 0.00217791
1.03909 0.00217801
1.03911 0.0021781
1.03913 0.00217817
1.03916 0.00217824
1.03918 0.0021783
1.03921 0.00217835
1.03923 0.0021784
1.03926 0.00217844
1.03928 0.00217847
1.03931 0.0021785
1.03933 0.00217853
1.03935 0.00217855
1.03938 0.00217857
1.0394 0.00217859
1.03943 0.00217861
1.03945 0.00217862
1.03948 0.00217863
1.0395 0.00217864
1.03953 0.00217865
1.03955 0.00217866
1.03957 0.00217867
1.0396 0.00217867
1.03962 0.00217868
1.03965 0.00217868
1.03967 0.00217869
1.0397 0.00217869
1.03972 0.00217869
1.03975 0.0021787
1.03977 0.0021787
1.03979 0.0021787
1.03982 0.0021787
1.03984 0.0021787
1.03987 0.00217871
1.03989 0.00217871
1.03992 0.00217871
1.03994 0.00217871
1.03997 0.00217871
1.03999 0.00217871
1.04002 0.00217871
1.04004 0.00217871
1.10219 0.00218111
1.10221 0.00218332
1.10224 0.00218525
1.10226 0.00218694
1.10229 0.00218842
1.10231 0.00218972
1.10234 0.00219085
1.10236 0.00219184
1.10239 0.00219271
1.10241 0.00219347
1.10243 0.00219413
1.10246 0.00219471
1.10248 0.00219522
1.10251 0.00219567
1.10253 0.00219606
1.10256 0.0021964
1.10258 0.00219669
1.10261 0.00219696
1.10263 0.00219718
1.10266 0.00219738
1.10268 0.00219756
1.1027 0.00219771
1.10273 0.00219784
1.10275 0.00219796
1.10278 0.00219806
1.1028 0.00219815
1.10283 0.00219823
1.10285 0.0021983
1.10288 0.00219836
1.1029 0.00219841
1.10292 0.00219846
1.10295 0.0021985
1.10297 0.00219853
1.103 0.00219856
1.10302 0.00219859
1.10305 0.00219862
1.10307 0.00219864
1.1031 0.00219865
1.10312 0.00219867
1.10314 0.00219869
1.10317 0.0021987
1.10319 0.00219871
1.10322 0.00219872
1.10324 0.00219872
1.10327 0.00219873
1.10329 0.00219874
1.10332 0.00219874
1.10334 0.00219875
1.10337 0.00219875
1.10339 0.00219876
1.10341 0.00219876
1.10344 0.00219876
1.10346 0.00219876
1.10349 0.00219877
1.10351 0.00219877
1.10354 0.00219877
1.10356 0.00219877
1.10359 0.00219877
1.10361 0.00219877
1.10363 0.00219877
1.10366 0.00219877
1.10368 0.00219878
1.10371 0.00219878
1.10373 0.00219878
1.10437 0.00219638
1.10439 0.00219418
1.10442 0.00219224
1.10444 0.00219055
1.10447 0.00218907
1.10449 0.00218778
1.10452 0.00218665
1.10454 0.00218565
1.10456 0.00218479
1.10459 0.00218403
1.10461 0.00218336
1.10464 0.00218278
1.10466 0.00218228
1.10469 0.00218183
1.10471 0.00218144
1.10474 0.0021811
1.10476 0.0021808
1.10478 0.00218054
1.10481 0.00218031
1.10483 0.00218011
1.10486 0.00217994
1.10488 0.00217979
1.10491 0.00217965
1.10493 0.00217953
1.10496 0.00217943
1.10498 0.00217934
1.10501 0.00217927
1.10503 0.0021792
1.10505 0.00217914
1.10508 0.00217908
1.1051 0.00217904
1.10513 0.002179
1.10515 0.00217896
1.10518 0.00217893
1.1052 0.00217891
1.10523 0.00217888
1.10525 0.00217886
1.10527 0.00217884
1.1053 0.00217883
1.10532 0.00217881
1.10535 0.0021788
1.10537 0.00217879
1.1054 0.00217878
1.10542 0.00217877
1.10545 0.00217877
1.10547 0.00217876
1.10549 0.00217876
1.10552 0.00217875
1.10554 0.00217875
1.10557 0.00217874
1.10559 0.00217874
1.10562 0.00217874
1.10564 0.00217873
1.10567 0.00217873
1.10569 0.00217873
1.10572 0.00217873
1.10574 0.00217873
1.10576 0.00217873
1.10579 0.00217872
1.10581 0.00217872
1.10584 0.00217872
1.10586 0.00217872
1.10589 0.00217872
1.10591 0.00217872
1.30221 0.00218123
1.30224 0.00218342
1.30226 0.00218534
1.30229 0.00218702
1.30231 0.00218849
1.30233 0.00218978
1.30236 0.0021909
1.30238 0.00219189
1.30241 0.00219275
1.30243 0.0021935
1.30246 0.00219416
1.30248 0.00219474
1.30251 0.00219525
1.30253 0.00219569
1.30255 0.00219608
1.30258 0.00219641
1.3026 0.00219671
1.30263 0.00219697
1.30265 0.00219719
1.30268 0.00219739
1.3027 0.00219757
1.30273 0.00219772
1.30275 0.00219785
1.30277 0.00219797
1.3028 0.00219807
1.30282 0.00219816
1.30285 0.00219824
1.30287 0.0021983
1.3029 0.00219836
1.30292 0.00219842
1.30295 0.00219846
1.30297 0.0021985
1.303 0.00219854
1.30302 0.00219857
1.30304 0.00219859
1.30307 0.00219862
1.30309 0.00219864
1.30312 0.00219865
1.30314 0.00219867
1.30317 0.00219869
1.30319 0.0021987
1.30322 0.00219871
1.30324 0.00219872
1.30326 0.00219872
1.30329 0.00219873
1.30331 0.00219874
1.30334 0.00219874
1.30336 0.00219875
1.30339 0.00219875
1.30341 0.00219876
1.30344 0.00219876
1.30346 0.00219876
1.30348 0.00219876
1.30351 0.00219877
1.30353 0.00219877
1.30356 0.00219877
1.30358 0.00219877
1.30361 0.00219877
1.30363 0.00219877
1.30366 0.00219877
1.30368 0.00219877
1.30371 0.00219878
1.30373 0.00219878
1.30375 0.00219878
1.30439 0.00219627
1.30441 0.00219408
1.30444 0.00219215
1.30446 0.00219047
1.30449 0.002189
1.30451 0.00218772
1.30454 0.00218659
1.30456 0.00218561
1.30459 0.00218475
1.30461 0.00218399
1.30464 0.00218333
1.30466 0.00218276
1.30468 0.00218225
1.30471 0.00218181
1.30473 0.00218142
1.30476 0.00218108
1.30478 0.00218079
1.30481 0.00218053
1.30483 0.0021803
1.30486 0.0021801
1.30488 0.00217993
1.3049 0.00217978
1.30493 0.00217965
1.30495 0.00217953
1.30498 0.00217943
1.305 0.00217934
1.30503 0.00217926
1.30505 0.00217919
1.30508 0.00217913
1.3051 0.00217908
1.30512 0.00217904
1.30515 0.00217899
1.30517 0.00217896
1.3052 0.00217893
1.30522 0.0021789
1.30525 0.00217888
1.30527 0.00217886
1.3053 0.00217884
1.30532 0.00217883
1.30535 0.00217881
1.30537 0.0021788
1.30539 0.00217879
1.30542 0.00217878
1.30544 0.00217877
1.30547 0.00217877
1.30549 0.00217876
1.30552 0.00217876
1.30554 0.00217875
1.30557 0.00217875
1.30559 0.00217874
1.30561 0.00217874
1.30564 0.00217874
1.30566 0.00217873
1.30569 0.00217873
1.30571 0.00217873
1.30574 0.00217873
1.30576 0.00217873
1.30579 0.00217873
1.30581 0.00217872
1.30583 0.00217872
1.30586 0.00217872
1.30588 0.00217872
1.30591 0.00217872
1.30593 0.00217872
2.00218 0.00218028
2.00221 0.00218164
2.00223 0.00218284
2.00225 0.00218388
2.00228 0.0021848
2.0023 0.0021856
2.00233 0.0021863
2.00235 0.00218691
2.00238 0.00218745
2.0024 0.00218791
2.00243 0.00218833
2.00245 0.00218868
2.00247 0.002189
2.0025 0.00218927
2.00252 0.00218951
2.00255 0.00218972
2.00257 0.00218991
2.0026 0.00219007
2.00262 0.00219021
2.00265 0.00219033
2.00267 0.00219044
2.00269 0.00219053
2.00272 0.00219062
2.00274 0.00219069
2.00277 0.00219075
2.00279 0.00219081
2.00282 0.00219086
2.00284 0.0021909
2.00287 0.00219094
2.00289 0.00219097
2.00292 0.002191
2.00294 0.00219102
2.00296 0.00219104
2.00299 0.00219106
2.00301 0.00219108
2.00304 0.0021911
2.00306 0.00219111
2.00309 0.00219112
2.00311 0.00219113
2.00314 0.00219114
2.00316 0.00219114
2.00318 0.00219115
2.00321 0.00219116
2.00323 0.00219116
2.00326 0.00219117
2.00328 0.00219117
2.00331 0.00219117
2.00333 0.00219118
2.00336 0.00219118
2.00338 0.00219118
2.0034 0.00219118
2.00343 0.00219119
2.00345 0.00219119
2.00348 0.00219119
2.0035 0.00219119
2.00353 0.00219119
2.00355 0.00219119
2.00358 0.00219119
2.0036 0.00219119
2.00363 0.00219119
2.00435 0.00219249
2.00449 0.00220758
2.00452 0.0022208
2.00454 0.00223236
2.00457 0.00224247
2.00459 0.00225132
2.00462 0.00225907
2.00464 0.00226584
2.00467 0.00227177
2.00469 0.00227696
2.00471 0.0022815
2.00474 0.00228547
2.00476 0.00228895
2.00479 0.00229199
2.00481 0.00229465
2.00484 0.00229698
2.00486 0.00229901
2.00489 0.0023008
2.00491 0.00230236
2.00493 0.00230372
2.00496 0.00230492
2.00498 0.00230596
2.00501 0.00230687
2.00503 0.00230767
2.00506 0.00230838
2.00508 0.00230899
2.00511 0.00230952
2.00513 0.00230999
2.00516 0.0023104
2.00518 0.00231076
2.0052 0.00231108
2.00523 0.00231135
2.00525 0.00231159
2.00528 0.0023118
2.0053 0.00231199
2.00533 0.00231215
2.00535 0.00231229
2.00538 0.00231241
2.0054 0.00231252
2.00542 0.00231262
2.00545 0.0023127
2.00547 0.00231277
2.0055 0.00231283
2.00552 0.00231289
2.00555 0.00231294
2.00557 0.00231298
2.0056 0.00231302
2.00562 0.00231305
2.00564 0.00231308
2.00567 0.0023131
2.00569 0.00231312
2.00572 0.00231314
2.00574 0.00231316
2.00577 0.00231317
2.00579 0.00231319
2.00582 0.0023132
2.00584 0.00231321
2.00587 0.00231322
2.00589 0.00231322
2.00591 0.00231323
2.00594 0.00231324
2.00596 0.00231324
2.00599 0.00231325
2.00601 0.00231325
2.00604 0.00231325
2.00606 0.00231326
2.00609 0.00231326
2.00611 0.00231326
2.00613 0.00231326
2.00616 0.00231327
2.00618 0.00231327
2.00621 0.00231327
2.00623 0.00231327
2.00626 0.00231327
2.00628 0.00231327
2.00631 0.00231327
2.00633 0.00231327
2.00635 0.00231327
2.00665 0.00231198
2.00691 0.00232439
2.00693 0.00233525
2.00695 0.00234476
2.00698 0.00235307
2.007 0.00236035
2.00703 0.00236671
2.00705 0.00237228
2.00708 0.00237716
2.0071 0.00238142
2.00713 0.00238515
2.00715 0.00238842
2.00717 0.00239128
2.0072 0.00239378
2.00722 0.00239596
2.00725 0.00239788
2.00727 0.00239955
2.0073 0.00240102
2.00732 0.0024023
2.00735 0.00240342
2.00737 0.0024044
2.0074 0.00240526
2.00742 0.00240602
2.00744 0.00240667
2.00747 0.00240725
2.00749 0.00240775
2.00752 0.00240819
2.00754 0.00240858
2.00757 0.00240892
2.00759 0.00240921
2.00762 0.00240947
2.00764 0.00240969
2.00766 0.00240989
2.00769 0.00241006
2.00771 0.00241022
2.00774 0.00241035
2.00776 0.00241047
2.00779 0.00241057
2.00781 0.00241065
2.00784 0.00241073
2.00786 0.0024108
2.00788 0.00241086
2.00791 0.00241091
2.00793 0.00241096
2.00796 0.002411
2.00798 0.00241103
2.00801 0.00241106
2.00803 0.00241109
2.00806 0.00241111
2.00808 0.00241113
2.0081 0.00241115
2.00813 0.00241117
2.00815 0.00241118
2.00818 0.00241119
2.0082 0.0024112
2.00823 0.00241121
2.00825 0.00241122
2.00828 0.00241123
2.0083 0.00241123
2.00833 0.00241124
2.00835 0.00241124
2.00837 0.00241125
2.0084 0.00241125
2.00842 0.00241125
2.00845 0.00241126
2.00847 0.00241126
2.0085 0.00241126
2.00852 0.00241126
2.00855 0.00241127
2.00857 0.00241127
2.00859 0.00241127
2.00862 0.00241127
2.00864 0.00241127
2.00867 0.00241127
2.00869 0.00241127
2.00872 0.00241127
2.00874 0.00241127
2.01425 0.00242504
2.01429 0.00243862
2.01431 0.0024505
2.01434 0.0024609
2.01436 0.00247
2.01438 0.00247796
2.01441 0.00248492
2.01443 0.00249102
2.01446 0.00249635
2.01448 0.00250102
2.01451 0.0025051
2.01453 0.00250867
2.01456 0.0025118
2.01458 0.00251453
2.0146 0.00251692
2.01463 0.00251902
2.01465 0.00252085
2.01468 0.00252245
2.0147 0.00252386
2.01473 0.00252508
2.01475 0.00252616
2.01478 0.0025271
2.0148 0.00252792
2.01482 0.00252864
2.01485 0.00252927
2.01487 0.00252982
2.0149 0.0025303
2.01492 0.00253073
2.01495 0.00253109
2.01497 0.00253142
2.015 0.0025317
2.01502 0.00253195
2.01505 0.00253216
2.01507 0.00253235
2.01509 0.00253252
2.01512 0.00253266
2.01514 0.00253279
2.01517 0.0025329
2.01519 0.002533
2.01522 0.00253308
2.01524 0.00253316
2.01527 0.00253322
2.01529 0.00253328
2.01531 0.00253333
2.01534 0.00253337
2.01536 0.00253341
2.01539 0.00253344
2.01541 0.00253347
2.01544 0.0025335
2.01546 0.00253352
2.01549 0.00253354
2.01551 0.00253356
2.01553 0.00253357
2.01556 0.00253359
2.01558 0.0025336
2.01561 0.00253361
2.01563 0.00253361
2.01566 0.00253362
2.01568 0.00253363
2.01571 0.00253364
2.01573 0.00253364
2.01575 0.00253365
2.01578 0.00253365
2.0158 0.00253365
2.01583 0.00253366
2.01585 0.00253366
2.01588 0.00253366
2.0159 0.00253366
2.01593 0.00253366
2.01595 0.00253367
2.01598 0.00253367
2.016 0.00253367
2.01602 0.00253367
2.01605 0.00253367
2.01607 0.00253367
2.0161 0.00253367
2.01612 0.00253367
2.04453 0.00251843
2.04457 0.00250509
2.04459 0.00249342
2.04462 0.0024832
2.04464 0.00247426
2.04467 0.00246644
2.04469 0.0024596
2.04472 0.00245362
2.04474 0.00244838
2.04476 0.00244379
2.04479 0.00243978
2.04481 0.00243627
2.04484 0.0024332
2.04486 0.00243052
2.04489 0.00242816
2.04491 0.00242611
2.04494 0.00242431
2.04496 0.00242273
2.04498 0.00242136
2.04501 0.00242015
2.04503 0.00241909
2.04506 0.00241817
2.04508 0.00241736
2.04511 0.00241666
2.04513 0.00241604
2.04516 0.0024155
2.04518 0.00241502
2.0452 0.00241461
2.04523 0.00241425
2.04525 0.00241393
2.04528 0.00241365
2.0453 0.00241341
2.04533 0.0024132
2.04535 0.00241301
2.04538 0.00241285
2.0454 0.0024127
2.04543 0.00241258
2.04545 0.00241247
2.04547 0.00241238
2.0455 0.00241229
2.04552 0.00241222
2.04555 0.00241216
2.04557 0.0024121
2.0456 0.00241205
2.04562 0.00241201
2.04565 0.00241197
2.04567 0.00241194
2.04569 0.00241191
2.04572 0.00241188
2.04574 0.00241186
2.04577 0.00241184
2.04579 0.00241183
2.04582 0.00241181
2.04584 0.0024118
2.04587 0.00241179
2.04589 0.00241178
2.04591 0.00241177
2.04594 0.00241176
2.04596 0.00241175
2.04599 0.00241175
2.04601 0.00241174
2.04604 0.00241174
2.04606 0.00241173
2.04609 0.00241173
2.04611 0.00241173
2.04614 0.00241173
2.04616 0.00241172
2.04618 0.00241172
2.04621 0.00241172
2.04623 0.00241172
2.04626 0.00241172
2.04628 0.00241172
2.04631 0.00241172
2.04633 0.00241172
2.04636 0.00241171
2.04638 0.00241171
2.0464 0.00241171
2.04674 0.00238633
2.04678 0.00236412
2.0468 0.00234469
2.04683 0.00232769
2.04685 0.00231281
2.04687 0.00229979
2.0469 0.0022884
2.04692 0.00227844
2.04695 0.00226971
2.04697 0.00226208
2.047 0.00225541
2.04702 0.00224956
2.04705 0.00224445
2.04707 0.00223998
2.0471 0.00223606
2.04712 0.00223264
2.04714 0.00222964
2.04717 0.00222702
2.04719 0.00222473
2.04722 0.00222272
2.04724 0.00222096
2.04727 0.00221943
2.04729 0.00221808
2.04732 0.0022169
2.04734 0.00221587
2.04736 0.00221497
2.04739 0.00221419
2.04741 0.0022135
2.04744 0.00221289
2.04746 0.00221236
2.04749 0.0022119
2.04751 0.0022115
2.04754 0.00221114
2.04756 0.00221083
2.04758 0.00221056
2.04761 0.00221033
2.04763 0.00221012
2.04766 0.00220994
2.04768 0.00220978
2.04771 0.00220964
2.04773 0.00220952
2.04776 0.00220941
2.04778 0.00220932
2.04781 0.00220924
2.04783 0.00220917
2.04785 0.00220911
2.04788 0.00220905
2.0479 0.002209
2.04793 0.00220896
2.04795 0.00220892
2.04798 0.00220889
2.048 0.00220886
2.04803 0.00220884
2.04805 0.00220882
2.04807 0.0022088
2.0481 0.00220878
2.04812 0.00220877
2.04815 0.00220876
2.04817 0.00220875
2.0482 0.00220874
2.04822 0.00220873
2.04825 0.00220872
2.04827 0.00220871
2.04829 0.00220871
2.04832 0.0022087
2.04834 0.0022087
2.04837 0.0022087
2.04839 0.00220869
2.04842 0.00220869
2.04844 0.00220869
2.04847 0.00220868
2.04849 0.00220868
2.04852 0.00220868
2.04854 0.00220868
2.04856 0.00220868
2.04859 0.00220868
2.04861 0.00220868
2.04864 0.00220867
2.04866 0.00220867
2.04869 0.00220867
2.04871 0.00220867
2.04894 0.00220799
2.04898 0.00220739
2.049 0.00220687
2.04903 0.00220641
2.04905 0.00220601
2.04908 0.00220565
2.0491 0.00220535
2.04913 0.00220508
2.04915 0.00220484
2.04918 0.00220464
2.0492 0.00220446
2.04922 0.0022043
2.04925 0.00220416
2.04927 0.00220404
2.0493 0.00220393
2.04932 0.00220384
2.04935 0.00220376
2.04937 0.00220369
2.0494 0.00220363
2.04942 0.00220358
2.04945 0.00220353
2.04947 0.00220349
2.04949 0.00220345
2.04952 0.00220342
2.04954 0.00220339
2.04957 0.00220337
2.04959 0.00220335
2.04962 0.00220333
2.04964 0.00220331
2.04967 0.0022033
2.04969 0.00220328
2.04971 0.00220327
2.04974 0.00220326
2.04976 0.00220325
2.04979 0.00220325
2.04981 0.00220324
2.04984 0.00220324
2.04986 0.00220323
2.04989 0.00220323
2.04991 0.00220322
2.04993 0.00220322
2.04996 0.00220322
2.04998 0.00220321
2.05001 0.00220321
2.05003 0.00220321
2.05006 0.00220321
2.05008 0.00220321
2.05011 0.00220321
2.05013 0.0022032
2.05016 0.0022032
2.05018 0.0022032
2.0502 0.0022032
2.05023 0.0022032
2.05025 0.0022032
2.06216 0.00220304
2.06219 0.00220136
2.06221 0.0021999
2.06223 0.00219862
2.06226 0.00219749
2.06228 0.00219651
2.06231 0.00219565
2.06233 0.0021949
2.06236 0.00219425
2.06238 0.00219367
2.06241 0.00219317
2.06243 0.00219273
2.06246 0.00219234
2.06248 0.00219201
2.0625 0.00219171
2.06253 0.00219145
2.06255 0.00219123
2.06258 0.00219103
2.0626 0.00219086
2.06263 0.0021907
2.06265 0.00219057
2.06268 0.00219046
2.0627 0.00219035
2.06272 0.00219027
2.06275 0.00219019
2.06277 0.00219012
2.0628 0.00219006
2.06282 0.00219001
2.06285 0.00218996
2.06287 0.00218992
2.0629 0.00218989
2.06292 0.00218986
2.06294 0.00218983
2.06297 0.00218981
2.06299 0.00218979
2.06302 0.00218977
2.06304 0.00218975
2.06307 0.00218974
2.06309 0.00218973
2.06312 0.00218972
2.06314 0.00218971
2.06317 0.0021897
2.06319 0.00218969
2.06321 0.00218969
2.06324 0.00218968
2.06326 0.00218968
2.06329 0.00218967
2.06331 0.00218967
2.06334 0.00218967
2.06336 0.00218966
2.06339 0.00218966
2.06341 0.00218966
2.06343 0.00218966
2.06346 0.00218966
2.06348 0.00218965
2.06351 0.00218965
2.06353 0.00218965
2.06356 0.00218965
2.06358 0.00218965
2.06361 0.00218965
2.06363 0.00218965
2.06365 0.00218965
2.06434 0.00218836
2.06437 0.00218723
2.06439 0.00218624
2.06441 0.00218538
2.06444 0.00218462
2.06446 0.00218396
2.06449 0.00218338
2.06451 0.00218287
2.06454 0.00218243
2.06456 0.00218204
2.06459 0.0021817
2.06461 0.0021814
2.06463 0.00218114
2.06466 0.00218092
2.06468 0.00218072
2.06471 0.00218054
2.06473 0.00218039
2.06476 0.00218026
2.06478 0.00218014
2.06481 0.00218004
2.06483 0.00217995
2.06485 0.00217987
2.06488 0.0021798
2.0649 0.00217974
2.06493 0.00217969
2.06495 0.00217965
2.06498 0.00217961
2.065 0.00217957
2.06503 0.00217954
2.06505 0.00217951
2.06508 0.00217949
2.0651 0.00217947
2.06512 0.00217945
2.06515 0.00217943
2.06517 0.00217942
2.0652 0.00217941
2.06522 0.0021794
2.06525 0.00217939
2.06527 0.00217938
2.0653 0.00217937
2.06532 0.00217937
2.06534 0.00217936
2.06537 0.00217936
2.06539 0.00217935
2.06542 0.00217935
2.06544 0.00217935
2.06547 0.00217934
2.06549 0.00217934
2.06552 0.00217934
2.06554 0.00217934
2.06556 0.00217934
2.06559 0.00217934
2.06561 0.00217933
2.06564 0.00217933
2.06566 0.00217933
2.06569 0.00217933
2.06571 0.00217933
2.06574 0.00217933
2.06576 0.00217933
2.06652 0.00217925
2.06654 0.00217919
2.06657 0.00217913
2.06659 0.00217907
2.06662 0.00217903
2.06664 0.00217899
2.06667 0.00217896
2.06669 0.00217893
2.06672 0.0021789
2.06674 0.00217888
2.06676 0.00217886
2.06679 0.00217884
2.06681 0.00217883
2.06684 0.00217881
2.06686 0.0021788
2.06689 0.00217879
2.06691 0.00217878
2.06694 0.00217877
2.06696 0.00217877
2.06698 0.00217876
2.06701 0.00217875
2.06703 0.00217875
2.06706 0.00217875
2.06708 0.00217874
2.06711 0.00217874
2.06713 0.00217873
2.06716 0.00217873
2.06718 0.00217873
2.0672 0.00217873
2.06723 0.00217873
2.06725 0.00217873
2.06728 0.00217872
2.0673 0.00217872
2.06733 0.00217872
2.06735 0.00217872
2.06738 0.00217872
2.0674 0.00217872
2.10216 0.00217882
2.10221 0.00218132
2.10223 0.0021835
2.10226 0.00218541
2.10228 0.00218708
2.1023 0.00218855
2.10233 0.00218982
2.10235 0.00219094
2.10238 0.00219192
2.1024 0.00219278
2.10243 0.00219353
2.10245 0.00219419
2.10248 0.00219476
2.1025 0.00219526
2.10253 0.0021957
2.10255 0.00219609
2.10257 0.00219643
2.1026 0.00219672
2.10262 0.00219698
2.10265 0.0021972
2.10267 0.0021974
2.1027 0.00219757
2.10272 0.00219772
2.10275 0.00219785
2.10277 0.00219797
2.10279 0.00219807
2.10282 0.00219816
2.10284 0.00219824
2.10287 0.00219831
2.10289 0.00219836
2.10292 0.00219842
2.10294 0.00219846
2.10297 0.0021985
2.10299 0.00219854
2.10301 0.00219857
2.10304 0.00219859
2.10306 0.00219862
2.10309 0.00219864
2.10311 0.00219865
2.10314 0.00219867
2.10316 0.00219869
2.10319 0.0021987
2.10321 0.00219871
2.10323 0.00219872
2.10326 0.00219872
2.10328 0.00219873
2.10331 0.00219874
2.10333 0.00219874
2.10336 0.00219875
2.10338 0.00219875
2.10341 0.00219876
2.10343 0.00219876
2.10346 0.00219876
2.10348 0.00219876
2.1035 0.00219877
2.10353 0.00219877
2.10355 0.00219877
2.10358 0.00219877
2.1036 0.00219877
2.10363 0.00219877
2.10365 0.00219877
2.10368 0.00219877
2.1037 0.00219878
2.10372 0.00219878
2.10375 0.00219878
2.10436 0.00219867
2.10439 0.00219618
2.10441 0.00219399
2.10443 0.00219208
2.10446 0.00219041
2.10448 0.00218895
2.10451 0.00218767
2.10453 0.00218655
2.10456 0.00218557
2.10458 0.00218472
2.10461 0.00218397
2.10463 0.00218331
2.10465 0.00218274
2.10468 0.00218223
2.1047 0.00218179
2.10473 0.00218141
2.10475 0.00218107
2.10478 0.00218078
2.1048 0.00218052
2.10483 0.0021803
2.10485 0.0021801
2.10488 0.00217993
2.1049 0.00217977
2.10492 0.00217964
2.10495 0.00217953
2.10497 0.00217943
2.105 0.00217934
2.10502 0.00217926
2.10505 0.00217919
2.10507 0.00217913
2.1051 0.00217908
2.10512 0.00217904
2.10514 0.00217899
2.10517 0.00217896
2.10519 0.00217893
2.10522 0.0021789
2.10524 0.00217888
2.10527 0.00217886
2.10529 0.00217884
2.10532 0.00217883
2.10534 0.00217881
2.10536 0.0021788
2.10539 0.00217879
2.10541 0.00217878
2.10544 0.00217877
2.10546 0.00217877
2.10549 0.00217876
2.10551 0.00217876
2.10554 0.00217875
2.10556 0.00217875
2.10559 0.00217874
2.10561 0.00217874
2.10563 0.00217874
2.10566 0.00217873
2.10568 0.00217873
2.10571 0.00217873
2.10573 0.00217873
2.10576 0.00217873
2.10578 0.00217873
2.10581 0.00217872
2.10583 0.00217872
2.10585 0.00217872
2.10588 0.00217872
2.1059 0.00217872
2.10593 0.00217872
2.20446 0.00219402
2.20448 0.00220741
2.20451 0.00221912
2.20453 0.00222937
2.20456 0.00223834
2.20458 0.00224618
2.20461 0.00225305
2.20463 0.00225906
2.20466 0.00226432
2.20468 0.00226892
2.2047 0.00227294
2.20473 0.00227646
2.20475 0.00227955
2.20478 0.00228224
2.2048 0.0022846
2.20483 0.00228666
2.20485 0.00228847
2.20488 0.00229005
2.2049 0.00229144
2.20492 0.00229264
2.20495 0.0022937
2.20497 0.00229463
2.205 0.00229544
2.20502 0.00229615
2.20505 0.00229677
2.20507 0.00229731
2.2051 0.00229779
2.20512 0.00229821
2.20515 0.00229857
2.20517 0.00229889
2.20519 0.00229917
2.20522 0.00229941
2.20524 0.00229962
2.20527 0.00229981
2.20529 0.00229997
2.20532 0.00230012
2.20534 0.00230024
2.20537 0.00230035
2.20539 0.00230045
2.20541 0.00230053
2.20544 0.0023006
2.20546 0.00230067
2.20549 0.00230072
2.20551 0.00230077
2.20554 0.00230082
2.20556 0.00230085
2.20559 0.00230089
2.20561 0.00230092
2.20563 0.00230094
2.20566 0.00230096
2.20568 0.00230098
2.20571 0.002301
2.20573 0.00230101
2.20576 0.00230103
2.20578 0.00230104
2.20581 0.00230105
2.20583 0.00230106
2.20586 0.00230106
2.20588 0.00230107
2.2059 0.00230108
2.20593 0.00230108
2.20595 0.00230109
2.20598 0.00230109
2.206 0.00230109
2.20603 0.0023011
2.20605 0.0023011
2.20608 0.0023011
2.2061 0.0023011
2.20612 0.0023011
2.20615 0.00230111
2.20617 0.00230111
2.2062 0.00230111
2.20622 0.00230111
2.20625 0.00230111
2.20627 0.00230111
2.2063 0.00230111
2.20632 0.00230111
2.20687 0.00231488
2.20691 0.00232846
2.20693 0.00234034
2.20696 0.00235074
2.20698 0.00235984
2.20701 0.0023678
2.20703 0.00237476
2.20705 0.00238086
2.20708 0.00238619
2.2071 0.00239085
2.20713 0.00239494
2.20715 0.00239851
2.20718 0.00240164
2.2072 0.00240437
2.20723 0.00240676
2.20725 0.00240886
2.20727 0.00241069
2.2073 0.00241229
2.20732 0.0024137
2.20735 0.00241492
2.20737 0.002416
2.2074 0.00241694
2.20742 0.00241776
2.20745 0.00241848
2.20747 0.00241911
2.2075 0.00241966
2.20752 0.00242014
2.20754 0.00242056
2.20757 0.00242093
2.20759 0.00242126
2.20762 0.00242154
2.20764 0.00242179
2.20767 0.002422
2.20769 0.00242219
2.20772 0.00242236
2.20774 0.0024225
2.20776 0.00242263
2.20779 0.00242274
2.20781 0.00242284
2.20784 0.00242292
2.20786 0.002423
2.20789 0.00242306
2.20791 0.00242312
2.20794 0.00242317
2.20796 0.00242321
2.20798 0.00242325
2.20801 0.00242328
2.20803 0.00242331
2.20806 0.00242334
2.20808 0.00242336
2.20811 0.00242338
2.20813 0.0024234
2.20816 0.00242341
2.20818 0.00242342
2.20821 0.00242344
2.20823 0.00242345
2.20825 0.00242346
2.20828 0.00242346
2.2083 0.00242347
2.20833 0.00242348
2.20835 0.00242348
2.20838 0.00242348
2.2084 0.00242349
2.20843 0.00242349
2.20845 0.00242349
2.20847 0.0024235
2.2085 0.0024235
2.20852 0.0024235
2.20855 0.0024235
2.20857 0.00242351
2.2086 0.00242351
2.20862 0.00242351
2.20865 0.00242351
2.20867 0.00242351
2.20869 0.00242351
2.20872 0.00242351
2.20874 0.00242351
2.23365 0.00243881
2.23369 0.0024522
2.23371 0.00246392
2.23374 0.00247416
2.23376 0.00248313
2.23379 0.00249098
2.23381 0.00249785
2.23384 0.00250386
2.23386 0.00250911
2.23388 0.00251371
2.23391 0.00251774
2.23393 0.00252126
2.23396 0.00252434
2.23398 0.00252704
2.23401 0.0025294
2.23403 0.00253147
2.23406 0.00253327
2.23408 0.00253485
2.23411 0.00253623
2.23413 0.00253745
2.23415 0.0025385
2.23418 0.00253943
2.2342 0.00254024
2.23423 0.00254095
2.23425 0.00254157
2.23428 0.00254212
2.2343 0.00254259
2.23433 0.00254301
2.23435 0.00254337
2.23437 0.00254369
2.2344 0.00254397
2.23442 0.00254421
2.23445 0.00254442
2.23447 0.00254461
2.2345 0.00254477
2.23452 0.00254492
2.23455 0.00254504
2.23457 0.00254515
2.23459 0.00254525
2.23462 0.00254533
2.23464 0.0025454
2.23467 0.00254547
2.23469 0.00254552
2.23472 0.00254557
2.23474 0.00254562
2.23477 0.00254565
2.23479 0.00254569
2.23481 0.00254572
2.23484 0.00254574
2.23486 0.00254576
2.23489 0.00254578
2.23491 0.0025458
2.23494 0.00254581
2.23496 0.00254583
2.23499 0.00254584
2.23501 0.00254585
2.23504 0.00254586
2.23506 0.00254586
2.23508 0.00254587
2.23511 0.00254588
2.23513 0.00254588
2.23516 0.00254589
2.23518 0.00254589
2.23521 0.00254589
2.23523 0.0025459
2.23526 0.0025459
2.23528 0.0025459
2.2353 0.0025459
2.23533 0.00254591
2.23535 0.00254591
2.23538 0.00254591
2.2354 0.00254591
2.23543 0.00254591
2.23545 0.00254591
2.23548 0.00254591
2.2355 0.00254591
2.23552 0.00254591
2.25122 0.00251384
2.25124 0.00248424
2.25127 0.00245834
2.25129 0.00243568
2.25131 0.00241586
2.25134 0.00239851
2.25136 0.00238333
2.25139 0.00237005
2.25141 0.00235842
2.25144 0.00234826
2.25146 0.00233936
2.25149 0.00233157
2.25151 0.00232476
2.25154 0.0023188
2.25156 0.00231358
2.25158 0.00230902
2.25161 0.00230502
2.25163 0.00230153
2.25166 0.00229847
2.25168 0.0022958
2.25171 0.00229345
2.25173 0.00229141
2.25176 0.00228962
2.25178 0.00228805
2.2518 0.00228668
2.25183 0.00228547
2.25185 0.00228442
2.25188 0.0022835
2.2519 0.0022827
2.25193 0.002282
2.25195 0.00228138
2.25198 0.00228084
2.252 0.00228037
2.25202 0.00227996
2.25205 0.0022796
2.25207 0.00227928
2.2521 0.002279
2.25212 0.00227876
2.25215 0.00227855
2.25217 0.00227836
2.2522 0.0022782
2.25222 0.00227806
2.25225 0.00227794
2.25227 0.00227783
2.25229 0.00227773
2.25232 0.00227765
2.25234 0.00227758
2.25237 0.00227751
2.25239 0.00227746
2.25242 0.00227741
2.25244 0.00227737
2.25247 0.00227733
2.25249 0.0022773
2.25251 0.00227727
2.25254 0.00227724
2.25256 0.00227722
2.25259 0.0022772
2.25261 0.00227719
2.25264 0.00227717
2.25266 0.00227716
2.25269 0.00227715
2.25271 0.00227714
2.25273 0.00227713
2.25276 0.00227712
2.25278 0.00227711
2.25281 0.00227711
2.25283 0.0022771
2.25286 0.0022771
2.25288 0.00227709
2.25291 0.00227709
2.25293 0.00227709
2.25296 0.00227709
2.25298 0.00227708
2.253 0.00227708
2.25303 0.00227708
2.25305 0.00227708
2.25308 0.00227708
2.2531 0.00227708
2.25313 0.00227708
2.25315 0.00227707
2.25318 0.00227707
2.2532 0.00227707
2.25322 0.00227707
2.2534 0.00226546
2.25343 0.0022553
2.25345 0.00224641
2.25347 0.00223864
2.2535 0.00223183
2.25352 0.00222587
2.25355 0.00222066
2.25357 0.0022161
2.2536 0.00221211
2.25362 0.00220862
2.25365 0.00220557
2.25367 0.0022029
2.25369 0.00220056
2.25372 0.00219851
2.25374 0.00219672
2.25377 0.00219515
2.25379 0.00219378
2.25382 0.00219258
2.25384 0.00219154
2.25387 0.00219062
2.25389 0.00218981
2.25392 0.00218911
2.25394 0.00218849
2.25396 0.00218796
2.25399 0.00218749
2.25401 0.00218707
2.25404 0.00218671
2.25406 0.0021864
2.25409 0.00218612
2.25411 0.00218588
2.25414 0.00218567
2.25416 0.00218548
2.25418 0.00218532
2.25421 0.00218518
2.25423 0.00218505
2.25426 0.00218495
2.25428 0.00218485
2.25431 0.00218477
2.25433 0.0021847
2.25436 0.00218463
2.25438 0.00218458
2.2544 0.00218453
2.25443 0.00218449
2.25445 0.00218445
2.25448 0.00218442
2.2545 0.00218439
2.25453 0.00218436
2.25455 0.00218434
2.25458 0.00218432
2.2546 0.00218431
2.25463 0.00218429
2.25465 0.00218428
2.25467 0.00218427
2.2547 0.00218426
2.25472 0.00218425
2.25475 0.00218424
2.25477 0.00218423
2.2548 0.00218423
2.25482 0.00218422
2.25485 0.00218422
2.25487 0.00218421
2.25489 0.00218421
2.25492 0.00218421
2.25494 0.00218421
2.25497 0.0021842
2.25499 0.0021842
2.25502 0.0021842
2.25504 0.0021842
2.25507 0.0021842
2.25509 0.0021842
2.25511 0.0021842
2.25514 0.00218419
2.25516 0.00218419
2.25519 0.00218419
2.25521 0.00218419
2.25558 0.00218351
2.2556 0.00218291
2.25563 0.00218238
2.25565 0.00218193
2.25568 0.00218153
2.2557 0.00218117
2.25573 0.00218087
2.25575 0.0021806
2.25578 0.00218036
2.2558 0.00218016
2.25582 0.00217998
2.25585 0.00217982
2.25587 0.00217968
2.2559 0.00217956
2.25592 0.00217945
2.25595 0.00217936
2.25597 0.00217928
2.256 0.00217921
2.25602 0.00217915
2.25605 0.00217909
2.25607 0.00217905
2.25609 0.00217901
2.25612 0.00217897
2.25614 0.00217894
2.25617 0.00217891
2.25619 0.00217889
2.25622 0.00217887
2.25624 0.00217885
2.25627 0.00217883
2.25629 0.00217882
2.25631 0.0021788
2.25634 0.00217879
2.25636 0.00217878
2.25639 0.00217877
2.25641 0.00217877
2.25644 0.00217876
2.25646 0.00217876
2.25649 0.00217875
2.25651 0.00217875
2.25653 0.00217874
2.25656 0.00217874
2.25658 0.00217874
2.25661 0.00217873
2.25663 0.00217873
2.25666 0.00217873
2.25668 0.00217873
2.25671 0.00217873
2.25673 0.00217873
2.25675 0.00217872
2.25678 0.00217872
2.2568 0.00217872
2.25683 0.00217872
2.25685 0.00217872
2.25688 0.00217872
2.30221 0.00218123
2.30223 0.00218342
2.30226 0.00218534
2.30228 0.00218702
2.30231 0.00218849
2.30233 0.00218978
2.30236 0.0021909
2.30238 0.00219189
2.30241 0.00219275
2.30243 0.0021935
2.30245 0.00219416
2.30248 0.00219474
2.3025 0.00219525
2.30253 0.00219569
2.30255 0.00219608
2.30258 0.00219641
2.3026 0.00219671
2.30263 0.00219697
2.30265 0.00219719
2.30268 0.00219739
2.3027 0.00219757
2.30272 0.00219772
2.30275 0.00219785
2.30277 0.00219797
2.3028 0.00219807
2.30282 0.00219816
2.30285 0.00219824
2.30287 0.0021983
2.3029 0.00219836
2.30292 0.00219842
2.30294 0.00219846
2.30297 0.0021985
2.30299 0.00219854
2.30302 0.00219857
2.30304 0.00219859
2.30307 0.00219862
2.30309 0.00219864
2.30312 0.00219865
2.30314 0.00219867
2.30316 0.00219869
2.30319 0.0021987
2.30321 0.00219871
2.30324 0.00219872
2.30326 0.00219872
2.30329 0.00219873
2.30331 0.00219874
2.30334 0.00219874
2.30336 0.00219875
2.30338 0.00219875
2.30341 0.00219876
2.30343 0.00219876
2.30346 0.00219876
2.30348 0.00219876
2.30351 0.00219877
2.30353 0.00219877
2.30356 0.00219877
2.30358 0.00219877
2.30361 0.00219877
2.30363 0.00219877
2.30365 0.00219877
2.30368 0.00219877
2.3037 0.00219878
2.30373 0.00219878
2.30375 0.00219878
2.30439 0.00219627
2.30441 0.00219408
2.30444 0.00219215
2.30446 0.00219047
2.30449 0.002189
2.30451 0.00218772
2.30454 0.00218659
2.30456 0.00218561
2.30458 0.00218475
2.30461 0.00218399
2.30463 0.00218333
2.30466 0.00218276
2.30468 0.00218225
2.30471 0.00218181
2.30473 0.00218142
2.30476 0.00218108
2.30478 0.00218079
2.3048 0.00218053
2.30483 0.0021803
2.30485 0.0021801
2.30488 0.00217993
2.3049 0.00217978
2.30493 0.00217965
2.30495 0.00217953
2.30498 0.00217943
2.305 0.00217934
2.30503 0.00217926
2.30505 0.00217919
2.30507 0.00217913
2.3051 0.00217908
2.30512 0.00217904
2.30515 0.00217899
2.30517 0.00217896
2.3052 0.00217893
2.30522 0.0021789
2.30525 0.00217888
2.30527 0.00217886
2.30529 0.00217884
2.30532 0.00217883
2.30534 0.00217881
2.30537 0.0021788
2.30539 0.00217879
2.30542 0.00217878
2.30544 0.00217877
2.30547 0.00217877
2.30549 0.00217876
2.30551 0.00217876
2.30554 0.00217875
2.30556 0.00217875
2.30559 0.00217874
2.30561 0.00217874
2.30564 0.00217874
2.30566 0.00217873
2.30569 0.00217873
2.30571 0.00217873
2.30574 0.00217873
2.30576 0.00217873
2.30578 0.00217873
2.30581 0.00217872
2.30583 0.00217872
2.30586 0.00217872
2.30588 0.00217872
2.30591 0.00217872
2.30593 0.00217872
2.45081 0.00218009
2.45084 0.00218128
2.45086 0.00218233
2.45089 0.00218324
2.45091 0.00218404
2.45094 0.00218474
2.45096 0.00218535
2.45099 0.00218589
2.45101 0.00218636
2.45103 0.00218677
2.45106 0.00218713
2.45108 0.00218744
2.45111 0.00218772
2.45113 0.00218796
2.45116 0.00218817
2.45118 0.00218835
2.45121 0.00218851
2.45123 0.00218866
2.45126 0.00218878
2.45128 0.00218889
2.4513 0.00218898
2.45133 0.00218907
2.45135 0.00218914
2.45138 0.0021892
2.4514 0.00218926
2.45143 0.0021893
2.45145 0.00218935
2.45148 0.00218938
2.4515 0.00218942
2.45152 0.00218944
2.45155 0.00218947
2.45157 0.00218949
2.4516 0.00218951
2.45162 0.00218953
2.45165 0.00218954
2.45167 0.00218956
2.4517 0.00218957
2.45172 0.00218958
2.45174 0.00218958
2.45177 0.00218959
2.45179 0.0021896
2.45182 0.0021896
2.45184 0.00218961
2.45187 0.00218961
2.45189 0.00218962
2.45192 0.00218962
2.45194 0.00218962
2.45197 0.00218963
2.45199 0.00218963
2.45201 0.00218963
2.45204 0.00218963
2.45206 0.00218963
2.45209 0.00218964
2.45211 0.00218964
2.45214 0.00218964
2.45216 0.00218964
2.45219 0.00218964
2.45221 0.00218964
2.45223 0.00218964
2.45299 0.00218835
2.45302 0.00218722
2.45304 0.00218624
2.45307 0.00218537
2.45309 0.00218462
2.45312 0.00218396
2.45314 0.00218338
2.45317 0.00218287
2.45319 0.00218243
2.45321 0.00218204
2.45324 0.0021817
2.45326 0.0021814
2.45329 0.00218114
2.45331 0.00218092
2.45334 0.00218072
2.45336 0.00218054
2.45339 0.00218039
2.45341 0.00218026
2.45343 0.00218014
2.45346 0.00218004
2.45348 0.00217995
2.45351 0.00217987
2.45353 0.0021798
2.45356 0.00217974
2.45358 0.00217969
2.45361 0.00217965
2.45363 0.00217961
2.45365 0.00217957
2.45368 0.00217954
2.4537 0.00217951
2.45373 0.00217949
2.45375 0.00217947
2.45378 0.00217945
2.4538 0.00217943
2.45383 0.00217942
2.45385 0.00217941
2.45388 0.0021794
2.4539 0.00217939
2.45392 0.00217938
2.45395 0.00217937
2.45397 0.00217937
2.454 0.00217936
2.45402 0.00217936
2.45405 0.00217935
2.45407 0.00217935
2.4541 0.00217935
2.45412 0.00217934
2.45414 0.00217934
2.45417 0.00217934
2.45419 0.00217934
2.45422 0.00217934
2.45424 0.00217934
2.45427 0.00217933
2.45429 0.00217933
2.45432 0.00217933
2.45434 0.00217933
2.45436 0.00217933
2.45439 0.00217933
2.45441 0.00217933
2.45517 0.00217925
2.4552 0.00217919
2.45522 0.00217913
2.45525 0.00217907
2.45527 0.00217903
2.45529 0.00217899
2.45532 0.00217896
2.45534 0.00217893
2.45537 0.0021789
2.45539 0.00217888
2.45542 0.00217886
2.45544 0.00217884
2.45547 0.00217883
2.45549 0.00217881
2.45552 0.0021788
2.45554 0.00217879
2.45556 0.00217878
2.45559 0.00217877
2.45561 0.00217877
2.45564 0.00217876
2.45566 0.00217875
2.45569 0.00217875
2.45571 0.00217875
2.45574 0.00217874
2.45576 0.00217874
2.45578 0.00217873
2.45581 0.00217873
2.45583 0.00217873
2.45586 0.00217873
2.45588 0.00217873
2.45591 0.00217873
2.45593 0.00217872
2.45596 0.00217872
2.45598 0.00217872
2.456 0.00217872
2.45603 0.00217872
2.45605 0.00217872
