1.00006 2920
1.00016 4380
1.00019 5840
1.00026 7300
1.00028 8760
1.00031 10220
1.00033 11680
1.00036 13140
1.00038 14600
1.00041 16060
1.00043 17520
1.00046 18980
1.00048 20440
1.0005 21900
1.00053 23360
1.00102 24820
1.00151 26280
1.002 27740
1.00249 29200
1.00298 30660
1.00347 32120
1.00396 33580
1.00445 35040
1.00494 36500
1.00543 37960
1.00591 39420
1.0064 40880
1.00689 42340
1.00738 43800
1.00787 45260
1.00836 46720
1.00885 48180
1.00934 49640
1.00983 51100
1.01032 52560
1.01081 54020
1.0113 55480
1.01179 56940
1.01228 58400
1.01277 59860
1.01326 61320
1.01375 62780
1.01424 64240
1.01473 65700
1.01522 67160
1.01571 68620
1.0162 70080
1.01669 71540
1.01718 73000
1.01767 74460
1.01815 75920
1.01864 77380
1.01913 78840
1.01962 80300
1.02011 81760
1.0206 83220
1.02109 84680
1.02158 86140
1.02207 87600
1.02256 89060
1.02305 90520
1.02354 91980
1.02403 93440
1.02452 94900
1.02501 96360
1.0255 97820
1.02599 99280
1.02648 100740
1.02697 102200
1.02746 103660
1.02795 105120
1.02844 106580
1.02893 108040
1.02942 109500
1.02991 110960
1.03039 112420
1.03088 113880
1.03137 115340
1.03186 116800
1.03235 118260
1.03284 119720
1.03333 121180
1.03382 122640
1.03431 124100
1.0348 125560
1.03529 127020
1.03578 128480
1.03627 129940
1.03676 131400
1.03725 132860
1.03774 134320
1.03823 135780
1.03872 137240
1.03921 138700
1.0397 140160
1.04019 141620
1.04068 143080
1.04117 144540
1.04166 146000
1.04215 147460
1.04263 148920
1.04312 150380
1.04361 151840
1.0441 153300
1.04459 154760
1.04508 156220
1.04557 157680
1.04606 159140
1.04655 160600
1.04704 162060
1.04753 163520
1.04802 164980
1.04851 166440
1.049 167900
1.04949 169360
1.04998 170820
1.05047 172280
1.05096 173740
1.05145 175200
1.05194 176660
1.05243 178120
1.05292 179580
1.05341 181040
1.0539 182500
1.05439 183960
1.05487 185420
1.05536 186880
1.05585 188340
1.05634 189800
1.05683 191260
1.05732 192720
1.05781 194180
1.0583 195640
1.05879 197100
1.05928 198560
1.05977 200020
1.06026 201480
1.06075 202940
1.06124 204400
1.06173 205860
1.06222 207320
1.06271 208780
1.0632 210240
1.06369 211700
1.06418 213160
1.06467 214620
1.06516 216080
1.06565 217540
1.06614 219000
1.06663 220460
1.06711 221920
1.0676 223380
1.06809 224840
1.06858 226300
1.06907 227760
1.06956 229220
1.07005 230680
1.07054 232140
1.07103 233600
1.07152 235060
1.07201 236520
1.0725 237980
1.07299 239440
1.07348 240900
1.07397 242360
1.07446 243820
1.07495 245280
1.07544 246740
1.07593 248200
1.07642 249660
1.07691 251120
1.0774 252580
1.07789 254040
1.07838 255500
1.07887 256960
1.07935 258420
1.07984 259880
1.08033 261340
1.08082 262800
1.08131 264260
1.0818 265720
1.08229 267180
1.08278 268640
1.08327 270100
1.08376 271560
1.08425 273020
1.08474 274480
1.08523 275940
1.08572 277400
1.08621 278860
1.0867 280320
1.08719 281780
1.08768 283240
1.08817 284700
1.08866 286160
1.08915 287620
1.08964 289080
1.09013 290540
1.09062 292000
1.09111 293460
1.09159 294920
1.09208 296380
1.09257 297840
1.09306 299300
1.09355 300760
1.09404 302220
1.09453 303680
1.09502 305140
1.09551 306600
1.096 308060
1.09649 309520
1.09698 310980
1.09747 312440
1.09796 313900
1.09845 315360
1.09894 316820
1.09943 318280
1.09992 319740
1.10041 321200
1.1009 322660
1.10139 324120
1.10188 325580
1.10238 327040
1.10287 328500
1.10336 329960
1.10385 331420
1.10434 332880
1.10482 334340
1.10531 335800
1.1058 337260
1.10629 338720
1.10678 340180
1.10727 341640
1.10776 343100
1.10825 344560
1.10874 346020
1.10923 347480
1.10972 348940
1.11021 350400
1.1107 351860
1.11119 353320
1.11168 354780
1.11217 356240
1.11266 357700
1.11315 359160
1.11364 360620
1.11413 362080
1.11462 363540
1.11511 365000
1.1156 366460
1.11609 367920
1.11658 369380
1.11706 370840
1.11755 372300
1.11804 373760
1.11853 375220
1.11902 376680
1.11951 378140
1.12 379600
1.12049 381060
1.12098 382520
1.12147 383980
1.12196 385440
1.12245 386900
1.12294 388360
1.12343 389820
1.12392 391280
1.12441 392740
1.1249 394200
1.12539 395660
1.12588 397120
1.12637 398580
1.12686 400040
1.12735 401500
1.12784 402960
1.12833 404420
1.12882 405880
1.1293 407340
1.12979 408800
1.13028 410260
1.13077 411720
1.13126 413180
1.13175 414640
1.13224 416100
1.13273 417560
1.13322 419020
1.13371 420480
1.1342 421940
1.13469 423400
1.13518 424860
1.13567 426320
1.13616 427780
1.13665 429240
1.13714 430700
1.13763 432160
1.13812 433620
1.13861 435080
1.1391 436540
1.13959 438000
1.14008 439460
1.14057 440920
1.14106 442380
1.14154 443840
1.14203 445300
1.14252 446760
1.14301 448220
1.1435 449680
1.14399 451140
1.14448 452600
1.14497 454060
1.14546 455520
1.14595 456980
1.14644 458440
1.14693 459900
1.14742 461360
1.14791 462820
1.1484 464280
1.14889 465740
1.14938 467200
1.14987 468660
1.15036 470120
1.15085 471580
1.15134 473040
1.15183 474500
1.15232 475960
1.15281 477420
1.1533 478880
1.15378 480340
1.15427 481800
1.15476 483260
1.15525 484720
1.15574 486180
1.15623 487640
1.15672 489100
1.15721 490560
1.1577 492020
1.15819 493480
1.15868 494940
1.15917 496400
1.15966 497860
1.16015 499320
1.16064 500780
1.16113 502240
1.16162 503700
1.16211 505160
1.1626 506620
1.16309 508080
1.16358 509540
1.16407 511000
1.16456 512460
1.16505 513920
1.16554 515380
1.16602 516840
1.16651 518300
1.167 519760
1.16749 521220
1.16798 522680
1.16847 524140
1.16896 525600
1.16945 527060
1.16994 528520
1.17043 529980
1.17092 531440
1.17141 532900
1.1719 534360
1.17239 535820
1.17288 537280
1.17337 538740
1.17386 540200
1.17435 541660
1.17484 543120
1.17533 544580
1.17582 546040
1.17631 547500
1.1768 548960
1.17729 550420
1.17778 551880
1.17826 553340
1.17875 554800
1.17924 556260
1.17973 557720
1.18022 559180
1.18071 560640
1.1812 562100
1.18169 563560
1.18218 565020
1.18267 566480
1.18316 567940
1.18365 569400
1.18414 570860
1.18463 572320
1.18512 573780
1.18561 575240
1.1861 576700
1.18659 578160
1.18708 579620
1.18757 581080
1.18806 582540
1.18855 584000
1.18904 585460
1.18953 586920
1.19002 588380
1.1905 589840
1.19099 591300
1.19148 592760
1.19197 594220
1.19246 595680
1.19295 597140
1.19344 598600
1.19393 600060
1.19442 601520
1.19491 602980
1.1954 604440
1.19589 605900
1.19638 607360
1.19687 608820
1.19736 610280
1.19785 611740
1.19834 613200
1.19883 614660
1.19932 616120
1.19981 617580
1.2003 619040
1.20079 620500
1.20128 621960
1.20177 623420
1.20226 624880
1.20274 626340
1.20323 627800
1.20372 629260
1.20421 630720
1.2047 632180
1.20519 633640
1.20568 635100
1.20617 636560
1.20666 638020
1.20715 639480
1.20764 640940
1.20813 642400
1.20862 643860
1.20911 645320
1.2096 646780
1.21009 648240
1.21058 649700
1.21107 651160
1.21156 652620
1.21205 654080
1.21254 655540
1.21303 657000
1.21352 658460
1.21401 659920
1.2145 661380
1.21498 662840
1.21547 664300
1.21596 665760
1.21645 667220
1.21694 668680
1.21743 670140
1.21792 671600
1.21841 673060
1.2189 674520
1.21939 675980
1.21988 677440
1.22037 678900
1.22086 680360
1.22135 681820
1.22184 683280
1.22233 684740
1.22282 686200
1.22331 687660
1.2238 689120
1.22429 690580
1.22478 692040
1.22527 693500
1.22576 694960
1.22625 696420
1.22674 697880
1.22722 699340
1.22771 700800
1.2282 702260
1.22869 703720
1.22918 705180
1.22967 706640
1.23016 708100
1.23065 709560
1.23114 711020
1.23163 712480
1.23212 713940
1.23261 715400
1.2331 716860
1.23359 718320
1.23408 719780
1.23457 721240
1.23506 722700
1.23555 724160
1.23604 725620
1.23653 727080
1.23702 728540
1.23751 730000
1.238 731460
1.23849 732920
1.23898 734380
1.23946 735840
1.23995 737300
1.24044 738760
1.24093 740220
1.24142 741680
1.24191 743140
1.2424 744600
1.24289 746060
1.24338 747520
1.24387 748980
1.24436 750440
1.24485 751900
1.24534 753360
1.24583 754820
1.24632 756280
1.24681 757740
1.2473 759200
1.24779 760660
1.24828 762120
1.24877 763580
1.24926 765040
1.24975 766500
1.25024 767960
1.25073 769420
1.25122 770880
1.2517 772340
1.25219 773800
1.25268 775260
1.25317 776720
1.25366 778180
1.25415 779640
1.25464 781100
1.25513 782560
1.25562 784020
1.25611 785480
1.2566 786940
1.25709 788400
1.25758 789860
1.25807 791320
1.25856 792780
1.25905 794240
1.25954 795700
1.26003 797160
1.26052 798620
1.26101 800080
1.2615 801540
1.26199 803000
1.26248 804460
1.26297 805920
1.26346 807380
1.26394 808840
1.26443 810300
1.26492 811760
1.26541 813220
1.2659 814680
1.26639 816140
1.26688 817600
1.26737 819060
1.26786 820520
1.26835 821980
1.26884 823440
1.26933 824900
1.26982 826360
1.27031 827820
1.2708 829280
1.27129 830740
1.27178 832200
1.27227 833660
1.27276 835120
1.27325 836580
1.27374 838040
1.27423 839500
1.27472 840960
1.27521 842420
1.2757 843880
1.27618 845340
1.27667 846800
1.27716 848260
1.27765 849720
1.27814 851180
1.27863 852640
1.27912 854100
1.27961 855560
1.2801 857020
1.28059 858480
1.28108 859940
1.28157 861400
1.28206 862860
1.28255 864320
1.28304 865780
1.28353 867240
1.28402 868700
1.28451 870160
1.285 871620
1.28549 873080
1.28598 874540
1.28647 876000
1.28696 877460
1.28745 878920
1.28794 880380
1.28842 881840
1.28891 883300
1.2894 884760
1.28989 886220
1.29038 887680
1.29087 889140
1.29136 890600
1.29185 892060
1.29234 893520
1.29283 894980
1.29332 896440
1.29381 897900
1.2943 899360
1.29479 900820
1.29528 902280
1.29577 903740
1.29626 905200
1.29675 906660
1.29724 908120
1.29773 909580
1.29822 911040
1.29871 912500
1.2992 913960
1.29969 915420
1.30018 916880
1.30066 918340
1.30115 919800
1.30164 921260
1.30213 922720
1.30263 924180
1.30312 925640
1.30361 927100
1.3041 928560
1.30459 930020
1.30508 931480
1.30557 932940
1.30606 934400
1.30655 935860
1.30704 937320
1.30753 938780
1.30802 940240
1.30851 941700
1.309 943160
1.30949 944620
1.30998 946080
1.31047 947540
1.31096 949000
1.31145 950460
1.31194 951920
1.31243 953380
1.31292 954840
1.31341 956300
1.31389 957760
1.31438 959220
1.31487 960680
1.31536 962140
1.31585 963600
1.31634 965060
1.31683 966520
1.31732 967980
1.31781 969440
1.3183 970900
1.31879 972360
1.31928 973820
1.31977 975280
1.32026 976740
1.32075 978200
1.32124 979660
1.32173 981120
1.32222 982580
1.32271 984040
1.3232 985500
1.32369 986960
1.32418 988420
1.32467 989880
1.32516 991340
1.32565 992800
1.32613 994260
1.32662 995720
1.32711 997180
1.3276 998640
1.32809 1000100
1.32858 1001560
1.32907 1003020
1.32956 1004480
1.33005 1005940
1.33054 1007400
1.33103 1008860
1.33152 1010320
1.33201 1011780
1.3325 1013240
1.33299 1014700
1.33348 1016160
1.33397 1017620
1.33446 1019080
1.33495 1020540
1.33544 1022000
1.33593 1023460
1.33642 1024920
1.33691 1026380
1.3374 1027840
1.33789 1029300
1.33837 1030760
1.33886 1032220
1.33935 1033680
1.33984 1035140
1.34033 1036600
1.34082 1038060
1.34131 1039520
1.3418 1040980
1.34229 1042440
1.34278 1043900
1.34327 1045360
1.34376 1046820
1.34425 1048280
1.34474 1049740
1.34523 1051200
1.34572 1052660
1.34621 1054120
1.3467 1055580
1.34719 1057040
1.34768 1058500
1.34817 1059960
1.34866 1061420
1.34915 1062880
1.34964 1064340
1.35013 1065800
1.35061 1067260
1.3511 1068720
1.35159 1070180
1.35208 1071640
1.35257 1073100
1.35306 1074560
1.35355 1076020
1.35404 1077480
1.35453 1078940
1.35502 1080400
1.35551 1081860
1.356 1083320
1.35649 1084780
1.35698 1086240
1.35747 1087700
1.35796 1089160
1.35845 1090620
1.35894 1092080
1.35943 1093540
1.35992 1095000
1.36041 1096460
1.3609 1097920
1.36139 1099380
1.36188 1100840
1.36237 1102300
1.36285 1103760
1.36334 1105220
1.36383 1106680
1.36432 1108140
1.36481 1109600
1.3653 1111060
1.36579 1112520
1.36628 1113980
1.36677 1115440
1.36726 1116900
1.36775 1118360
1.36824 1119820
1.36873 1121280
1.36922 1122740
1.36971 1124200
1.3702 1125660
1.37069 1127120
1.37118 1128580
1.37167 1130040
1.37216 1131500
1.37265 1132960
1.37314 1134420
1.37363 1135880
1.37412 1137340
1.37461 1138800
1.37509 1140260
1.37558 1141720
1.37607 1143180
1.37656 1144640
1.37705 1146100
1.37754 1147560
1.37803 1149020
1.37852 1150480
1.37901 1151940
1.3795 1153400
1.37999 1154860
1.38048 1156320
1.38097 1157780
1.38146 1159240
1.38195 1160700
1.38244 1162160
1.38293 1163620
1.38342 1165080
1.38391 1166540
1.3844 1168000
1.38489 1169460
1.38538 1170920
1.38587 1172380
1.38636 1173840
1.38685 1175300
1.38733 1176760
1.38782 1178220
1.38831 1179680
1.3888 1181140
1.38929 1182600
1.38978 1184060
1.39027 1185520
1.39076 1186980
1.39125 1188440
1.39174 1189900
1.39223 1191360
1.39272 1192820
1.39321 1194280
1.3937 1195740
1.39419 1197200
1.39468 1198660
1.39517 1200120
1.39566 1201580
1.39615 1203040
1.39664 1204500
1.39713 1205960
1.39762 1207420
1.39811 1208880
1.3986 1210340
1.39909 1211800
1.39957 1213260
1.40006 1214720
1.40055 1216180
1.40104 1217640
1.40153 1219100
1.40202 1220560
1.40251 1222020
1.403 1223480
1.40349 1224940
1.40398 1226400
1.40447 1227860
1.40496 1229320
1.40545 1230780
1.40594 1232240
1.40643 1233700
1.40692 1235160
1.40741 1236620
1.4079 1238080
1.40839 1239540
1.40888 1241000
1.40937 1242460
1.40986 1243920
1.41035 1245380
1.41084 1246840
1.41133 1248300
1.41181 1249760
1.4123 1251220
1.41279 1252680
1.41328 1254140
1.41377 1255600
1.41426 1257060
1.41475 1258520
1.41524 1259980
1.41573 1261440
1.41622 1262900
1.41671 1264360
1.4172 1265820
1.41769 1267280
1.41818 1268740
1.41867 1270200
1.41916 1271660
1.41965 1273120
1.42014 1274580
1.42063 1276040
1.42112 1277500
1.42161 1278960
1.4221 1280420
1.42259 1281880
1.42308 1283340
1.42357 1284800
1.42405 1286260
1.42454 1287720
1.42503 1289180
1.42552 1290640
1.42601 1292100
1.4265 1293560
1.42699 1295020
1.42748 1296480
1.42797 1297940
1.42846 1299400
1.42895 1300860
1.42944 1302320
1.42993 1303780
1.43042 1305240
1.43091 1306700
1.4314 1308160
1.43189 1309620
1.43238 1311080
1.43287 1312540
1.43336 1314000
1.43385 1315460
1.43434 1316920
1.43483 1318380
1.43532 1319840
1.43581 1321300
1.43629 1322760
1.43678 1324220
1.43727 1325680
1.43776 1327140
1.43825 1328600
1.43874 1330060
1.43923 1331520
1.43972 1332980
1.44021 1334440
1.4407 1335900
1.44119 1337360
1.44168 1338820
1.44217 1340280
1.44266 1341740
1.44315 1343200
1.44364 1344660
1.44413 1346120
1.44462 1347580
1.44511 1349040
1.4456 1350500
1.44609 1351960
1.44658 1353420
1.44707 1354880
1.44756 1356340
1.44805 1357800
1.44853 1359260
1.44902 1360720
1.44951 1362180
1.45 1363640
1.45049 1365100
1.45098 1366560
1.45147 1368020
1.45196 1369480
1.45245 1370940
1.45294 1372400
1.45343 1373860
1.45392 1375320
1.45441 1376780
1.4549 1378240
1.45539 1379700
1.45588 1381160
1.45637 1382620
1.45686 1384080
1.45735 1385540
1.45784 1387000
1.45833 1388460
1.45882 1389920
1.45931 1391380
1.4598 1392840
1.46029 1394300
1.46077 1395760
1.46126 1397220
1.46175 1398680
1.46224 1400140
1.46273 1401600
1.46322 1403060
1.46371 1404520
1.4642 1405980
1.46469 1407440
1.46518 1408900
1.46567 1410360
1.46616 1411820
1.46665 1413280
1.46714 1414740
1.46763 1416200
1.46812 1417660
1.46861 1419120
1.4691 1420580
1.46959 1422040
1.47008 1423500
1.47057 1424960
1.47106 1426420
1.47155 1427880
1.47204 1429340
1.47253 1430800
1.47301 1432260
1.4735 1433720
1.47399 1435180
1.47448 1436640
1.47497 1438100
1.47546 1439560
1.47595 1441020
1.47644 1442480
1.47693 1443940
1.47742 1445400
1.47791 1446860
1.4784 1448320
1.47889 1449780
1.47938 1451240
1.47987 1452700
1.48036 1454160
1.48085 1455620
1.48134 1457080
1.48183 1458540
1.48232 1460000
1.48281 1461460
1.4833 1462920
1.48379 1464380
1.48428 1465840
1.48477 1467300
1.48525 1468760
1.48574 1470220
1.48623 1471680
1.48672 1473140
1.48721 1474600
1.4877 1476060
1.48819 1477520
1.48868 1478980
1.48917 1480440
1.48966 1481900
1.49015 1483360
1.49064 1484820
1.49113 1486280
1.49162 1487740
1.49211 1489200
1.4926 1490660
1.49309 1492120
1.49358 1493580
1.49407 1495040
1.49456 1496500
1.49505 1497960
1.49554 1499420
1.49603 1500880
1.49652 1502340
1.49701 1503800
1.49749 1505260
1.49798 1506720
1.49847 1508180
1.49896 1509640
1.49945 1511100
1.49994 1512560
1.50043 1514020
1.50092 1515480
1.50141 1516940
1.5019 1518400
1.50239 1519860
1.50288 1521320
1.50337 1522780
1.50386 1524240
1.50435 1525700
1.50484 1527160
1.50533 1528620
1.50582 1530080
1.50631 1531540
1.5068 1533000
1.50729 1534460
1.50778 1535920
1.50827 1537380
1.50876 1538840
1.50925 1540300
1.50973 1541760
1.51022 1543220
1.51071 1544680
1.5112 1546140
1.51169 1547600
1.51218 1549060
1.51267 1550520
1.51316 1551980
1.51365 1553440
1.51414 1554900
1.51463 1556360
1.51512 1557820
1.51561 1559280
1.5161 1560740
1.51659 1562200
1.51708 1563660
1.51757 1565120
1.51806 1566580
1.51855 1568040
1.51904 1569500
1.51953 1570960
1.52002 1572420
1.52051 1573880
1.521 1575340
1.52149 1576800
1.52197 1578260
1.52246 1579720
1.52295 1581180
1.52344 1582640
1.52393 1584100
1.52442 1585560
1.52491 1587020
1.5254 1588480
1.52589 1589940
1.52638 1591400
1.52687 1592860
1.52736 1594320
1.52785 1595780
1.52834 1597240
1.52883 1598700
1.52932 1600160
1.52981 1601620
1.5303 1603080
1.53079 1604540
1.53128 1606000
1.53177 1607460
1.53226 1608920
1.53275 1610380
1.53324 1611840
1.53373 1613300
1.53421 1614760
1.5347 1616220
1.53519 1617680
1.53568 1619140
1.53617 1620600
1.53666 1622060
1.53715 1623520
1.53764 1624980
1.53813 1626440
1.53862 1627900
1.53911 1629360
1.5396 1630820
1.54009 1632280
1.54058 1633740
1.54107 1635200
1.54156 1636660
1.54205 1638120
1.54254 1639580
1.54303 1641040
1.54352 1642500
1.54401 1643960
1.5445 1645420
1.54499 1646880
1.54548 1648340
1.54597 1649800
1.54645 1651260
1.54694 1652720
1.54743 1654180
1.54792 1655640
1.54841 1657100
1.5489 1658560
1.54939 1660020
1.54988 1661480
1.55037 1662940
1.55086 1664400
1.55135 1665860
1.55184 1667320
1.55233 1668780
1.55282 1670240
1.55331 1671700
1.5538 1673160
1.55429 1674620
1.55478 1676080
1.55527 1677540
1.55576 1679000
1.55625 1680460
1.55674 1681920
1.55723 1683380
1.55772 1684840
1.55821 1686300
1.55869 1687760
1.55918 1689220
1.55967 1690680
1.56016 1692140
1.56065 1693600
1.56114 1695060
1.56163 1696520
1.56212 1697980
1.56261 1699440
1.5631 1700900
1.56359 1702360
1.56408 1703820
1.56457 1705280
1.56506 1706740
1.56555 1708200
1.56604 1709660
1.56653 1711120
1.56702 1712580
1.56751 1714040
1.568 1715500
1.56849 1716960
1.56898 1718420
1.56947 1719880
1.56996 1721340
1.57045 1722800
1.57093 1724260
1.57142 1725720
1.57191 1727180
1.5724 1728640
1.57289 1730100
1.57338 1731560
1.57387 1733020
1.57436 1734480
1.57485 1735940
1.57534 1737400
1.57583 1738860
1.57632 1740320
1.57681 1741780
1.5773 1743240
1.57779 1744700
1.57828 1746160
1.57877 1747620
1.57926 1749080
1.57975 1750540
1.58024 1752000
1.58073 1753460
1.58122 1754920
1.58171 1756380
1.5822 1757840
1.58269 1759300
1.58317 1760760
1.58366 1762220
1.58415 1763680
1.58464 1765140
1.58513 1766600
1.58562 1768060
1.58611 1769520
1.5866 1770980
1.58709 1772440
1.58758 1773900
1.58807 1775360
1.58856 1776820
1.58905 1778280
1.58954 1779740
1.59003 1781200
1.59052 1782660
1.59101 1784120
1.5915 1785580
1.59199 1787040
1.59248 1788500
1.59297 1789960
1.59346 1791420
1.59395 1792880
1.59444 1794340
1.59493 1795800
1.59541 1797260
1.5959 1798720
1.59639 1800180
1.59688 1801640
1.59737 1803100
1.59786 1804560
1.59835 1806020
1.59884 1807480
1.59933 1808940
1.59982 1810400
1.60031 1811860
1.6008 1813320
1.60129 1814780
1.60178 1816240
1.60227 1817700
1.60276 1819160
1.60325 1820620
1.60374 1822080
1.60423 1823540
1.60472 1825000
1.60521 1826460
1.6057 1827920
1.60619 1829380
1.60668 1830840
1.60717 1832300
1.60765 1833760
1.60814 1835220
1.60863 1836680
1.60912 1838140
1.60961 1839600
1.6101 1841060
1.61059 1842520
1.61108 1843980
1.61157 1845440
1.61206 1846900
1.61255 1848360
1.61304 1849820
1.61353 1851280
1.61402 1852740
1.61451 1854200
1.615 1855660
1.61549 1857120
1.61598 1858580
1.61647 1860040
1.61696 1861500
1.61745 1862960
1.61794 1864420
1.61843 1865880
1.61892 1867340
1.61941 1868800
1.61989 1870260
1.62038 1871720
1.62087 1873180
1.62136 1874640
1.62185 1876100
1.62234 1877560
1.62283 1879020
1.62332 1880480
1.62381 1881940
1.6243 1883400
1.62479 1884860
1.62528 1886320
1.62577 1887780
1.62626 1889240
1.62675 1890700
1.62724 1892160
1.62773 1893620
1.62822 1895080
1.62871 1896540
1.6292 1898000
1.62969 1899460
1.63018 1900920
1.63067 1902380
1.63116 1903840
1.63165 1905300
1.63213 1906760
1.63262 1908220
1.63311 1909680
1.6336 1911140
1.63409 1912600
1.63458 1914060
1.63507 1915520
1.63556 1916980
1.63605 1918440
1.63654 1919900
1.63703 1921360
1.63752 1922820
1.63801 1924280
1.6385 1925740
1.63899 1927200
1.63948 1928660
1.63997 1930120
1.64046 1931580
1.64095 1933040
1.64144 1934500
1.64193 1935960
1.64242 1937420
1.64291 1938880
1.6434 1940340
1.64389 1941800
1.64437 1943260
1.64486 1944720
1.64535 1946180
1.64584 1947640
1.64633 1949100
1.64682 1950560
1.64731 1952020
1.6478 1953480
1.64829 1954940
1.64878 1956400
1.64927 1957860
1.64976 1959320
1.65025 1960780
1.65074 1962240
1.65123 1963700
1.65172 1965160
1.65221 1966620
1.6527 1968080
1.65319 1969540
1.65368 1971000
1.65417 1972460
1.65466 1973920
1.65515 1975380
1.65564 1976840
1.65613 1978300
1.65661 1979760
1.6571 1981220
1.65759 1982680
1.65808 1984140
1.65857 1985600
1.65906 1987060
1.65955 1988520
1.66004 1989980
1.66053 1991440
1.66102 1992900
1.66151 1994360
1.662 1995820
1.66249 1997280
1.66298 1998740
1.66347 2000200
1.66396 2001660
1.66445 2003120
1.66494 2004580
1.66543 2006040
1.66592 2007500
1.66641 2008960
1.6669 2010420
1.66739 2011880
1.66788 2013340
1.66837 2014800
1.66885 2016260
1.66934 2017720
1.66983 2019180
1.67032 2020640
1.67081 2022100
1.6713 2023560
1.67179 2025020
1.67228 2026480
1.67277 2027940
1.67326 2029400
1.67375 2030860
1.67424 2032320
1.67473 2033780
1.67522 2035240
1.67571 2036700
1.6762 2038160
1.67669 2039620
1.67718 2041080
1.67767 2042540
1.67816 2044000
1.67865 2045460
1.67914 2046920
1.67963 2048380
1.68012 2049840
1.68061 2051300
1.68109 2052760
1.68158 2054220
1.68207 2055680
1.68256 2057140
1.68305 2058600
1.68354 2060060
1.68403 2061520
1.68452 2062980
1.68501 2064440
1.6855 2065900
1.68599 2067360
1.68648 2068820
1.68697 2070280
1.68746 2071740
1.68795 2073200
1.68844 2074660
1.68893 2076120
1.68942 2077580
1.68991 2079040
1.6904 2080500
1.69089 2081960
1.69138 2083420
1.69187 2084880
1.69236 2086340
1.69285 2087800
1.69333 2089260
1.69382 2090720
1.69431 2092180
1.6948 2093640
1.69529 2095100
1.69578 2096560
1.69627 2098020
1.69676 2099480
1.69725 2100940
1.69774 2102400
1.69823 2103860
1.69872 2105320
1.69921 2106780
1.6997 2108240
1.70019 2109700
1.70068 2111160
1.70117 2112620
1.70166 2114080
1.70215 2115540
1.70264 2117000
1.70313 2118460
1.70362 2119920
1.70411 2121380
1.7046 2122840
1.70509 2124300
1.70557 2125760
1.70606 2127220
1.70655 2128680
1.70704 2130140
1.70753 2131600
1.70802 2133060
1.70851 2134520
1.709 2135980
1.70949 2137440
1.70998 2138900
1.71047 2140360
1.71096 2141820
1.71145 2143280
1.71194 2144740
1.71243 2146200
1.71292 2147660
1.71341 2149120
1.7139 2150580
1.71439 2152040
1.71488 2153500
1.71537 2154960
1.71586 2156420
1.71635 2157880
1.71684 2159340
1.71733 2160800
1.71781 2162260
1.7183 2163720
1.71879 2165180
1.71928 2166640
1.71977 2168100
1.72026 2169560
1.72075 2171020
1.72124 2172480
1.72173 2173940
1.72222 2175400
1.72271 2176860
1.7232 2178320
1.72369 2179780
1.72418 2181240
1.72467 2182700
1.72516 2184160
1.72565 2185620
1.72614 2187080
1.72663 2188540
1.72712 2190000
1.72761 2191460
1.7281 2192920
1.72859 2194380
1.72908 2195840
1.72957 2197300
1.73005 2198760
1.73054 2200220
1.73103 2201680
1.73152 2203140
1.73201 2204600
1.7325 2206060
1.73299 2207520
1.73348 2208980
1.73397 2210440
1.73446 2211900
1.73495 2213360
1.73544 2214820
1.73593 2216280
1.73642 2217740
1.73691 2219200
1.7374 2220660
1.73789 2222120
1.73838 2223580
1.73887 2225040
1.73936 2226500
1.73985 2227960
1.74034 2229420
1.74083 2230880
1.74132 2232340
1.74181 2233800
1.74229 2235260
1.74278 2236720
1.74327 2238180
1.74376 2239640
1.74425 2241100
1.74474 2242560
1.74523 2244020
1.74572 2245480
1.74621 2246940
1.7467 2248400
1.74719 2249860
1.74768 2251320
1.74817 2252780
1.74866 2254240
1.74915 2255700
1.74964 2257160
1.75013 2258620
1.75062 2260080
1.75111 2261540
1.7516 2263000
1.75209 2264460
1.75258 2265920
1.75307 2267380
1.75356 2268840
1.75405 2270300
1.75453 2271760
1.75502 2273220
1.75551 2274680
1.756 2276140
1.75649 2277600
1.75698 2279060
1.75747 2280520
1.75796 2281980
1.75845 2283440
1.75894 2284900
1.75943 2286360
1.75992 2287820
1.76041 2289280
1.7609 2290740
1.76139 2292200
1.76188 2293660
1.76237 2295120
1.76286 2296580
1.76335 2298040
1.76384 2299500
1.76433 2300960
1.76482 2302420
1.76531 2303880
1.7658 2305340
1.76629 2306800
1.76677 2308260
1.76726 2309720
1.76775 2311180
1.76824 2312640
1.76873 2314100
1.76922 2315560
1.76971 2317020
1.7702 2318480
1.77069 2319940
1.77118 2321400
1.77167 2322860
1.77216 2324320
1.77265 2325780
1.77314 2327240
1.77363 2328700
1.77412 2330160
1.77461 2331620
1.7751 2333080
1.77559 2334540
1.77608 2336000
1.77657 2337460
1.77706 2338920
1.77755 2340380
1.77804 2341840
1.77853 2343300
1.77901 2344760
1.7795 2346220
1.77999 2347680
1.78048 2349140
1.78097 2350600
1.78146 2352060
1.78195 2353520
1.78244 2354980
1.78293 2356440
1.78342 2357900
1.78391 2359360
1.7844 2360820
1.78489 2362280
1.78538 2363740
1.78587 2365200
1.78636 2366660
1.78685 2368120
1.78734 2369580
1.78783 2371040
1.78832 2372500
1.78881 2373960
1.7893 2375420
1.78979 2376880
1.79028 2378340
1.79077 2379800
1.79125 2381260
1.79174 2382720
1.79223 2384180
1.79272 2385640
1.79321 2387100
1.7937 2388560
1.79419 2390020
1.79468 2391480
1.79517 2392940
1.79566 2394400
1.79615 2395860
1.79664 2397320
1.79713 2398780
1.79762 2400240
1.79811 2401700
1.7986 2403160
1.79909 2404620
1.79958 2406080
1.80007 2407540
1.80056 2409000
1.80105 2410460
1.80154 2411920
1.80203 2413380
1.80252 2414840
1.80301 2416300
1.80349 2417760
1.80398 2419220
1.80447 2420680
1.80496 2422140
1.80545 2423600
1.80594 2425060
1.80643 2426520
1.80692 2427980
1.80741 2429440
1.8079 2430900
1.80839 2432360
1.80888 2433820
1.80937 2435280
1.80986 2436740
1.81035 2438200
1.81084 2439660
1.81133 2441120
1.81182 2442580
1.81231 2444040
1.8128 2445500
1.81329 2446960
1.81378 2448420
1.81427 2449880
1.81476 2451340
1.81525 2452800
1.81573 2454260
1.81622 2455720
1.81671 2457180
1.8172 2458640
1.81769 2460100
1.81818 2461560
1.81867 2463020
1.81916 2464480
1.81965 2465940
1.82014 2467400
1.82063 2468860
1.82112 2470320
1.82161 2471780
1.8221 2473240
1.82259 2474700
1.82308 2476160
1.82357 2477620
1.82406 2479080
1.82455 2480540
1.82504 2482000
1.82553 2483460
1.82602 2484920
1.82651 2486380
1.827 2487840
1.82749 2489300
1.82797 2490760
1.82846 2492220
1.82895 2493680
1.82944 2495140
1.82993 2496600
1.83042 2498060
1.83091 2499520
1.8314 2500980
1.83189 2502440
1.83238 2503900
1.83287 2505360
1.83336 2506820
1.83385 2508280
1.83434 2509740
1.83483 2511200
1.83532 2512660
1.83581 2514120
1.8363 2515580
1.83679 2517040
1.83728 2518500
1.83777 2519960
1.83826 2521420
1.83875 2522880
1.83924 2524340
1.83973 2525800
1.84021 2527260
1.8407 2528720
1.84119 2530180
1.84168 2531640
1.84217 2533100
1.84266 2534560
1.84315 2536020
1.84364 2537480
1.84413 2538940
1.84462 2540400
1.84511 2541860
1.8456 2543320
1.84609 2544780
1.84658 2546240
1.84707 2547700
1.84756 2549160
1.84805 2550620
1.84854 2552080
1.84903 2553540
1.84952 2555000
1.85001 2556460
1.8505 2557920
1.85099 2559380
1.85148 2560840
1.85197 2562300
1.85245 2563760
1.85294 2565220
1.85343 2566680
1.85392 2568140
1.85441 2569600
1.8549 2571060
1.85539 2572520
1.85588 2573980
1.85637 2575440
1.85686 2576900
1.85735 2578360
1.85784 2579820
1.85833 2581280
1.85882 2582740
1.85931 2584200
1.8598 2585660
1.86029 2587120
1.86078 2588580
1.86127 2590040
1.86176 2591500
1.86225 2592960
1.86274 2594420
1.86323 2595880
1.86372 2597340
1.86421 2598800
1.86469 2600260
1.86518 2601720
1.86567 2603180
1.86616 2604640
1.86665 2606100
1.86714 2607560
1.86763 2609020
1.86812 2610480
1.86861 2611940
1.8691 2613400
1.86959 2614860
1.87008 2616320
1.87057 2617780
1.87106 2619240
1.87155 2620700
1.87204 2622160
1.87253 2623620
1.87302 2625080
1.87351 2626540
1.874 2628000
1.87449 2629460
1.87498 2630920
1.87547 2632380
1.87596 2633840
1.87645 2635300
1.87693 2636760
1.87742 2638220
1.87791 2639680
1.8784 2641140
1.87889 2642600
1.87938 2644060
1.87987 2645520
1.88036 2646980
1.88085 2648440
1.88134 2649900
1.88183 2651360
1.88232 2652820
1.88281 2654280
1.8833 2655740
1.88379 2657200
1.88428 2658660
1.88477 2660120
1.88526 2661580
1.88575 2663040
1.88624 2664500
1.88673 2665960
1.88722 2667420
1.88771 2668880
1.8882 2670340
1.88869 2671800
1.88917 2673260
1.88966 2674720
1.89015 2676180
1.89064 2677640
1.89113 2679100
1.89162 2680560
1.89211 2682020
1.8926 2683480
1.89309 2684940
1.89358 2686400
1.89407 2687860
1.89456 2689320
1.89505 2690780
1.89554 2692240
1.89603 2693700
1.89652 2695160
1.89701 2696620
1.8975 2698080
1.89799 2699540
1.89848 2701000
1.89897 2702460
1.89946 2703920
1.89995 2705380
1.90044 2706840
1.90093 2708300
1.90141 2709760
1.9019 2711220
1.90239 2712680
1.90288 2714140
1.90337 2715600
1.90386 2717060
1.90435 2718520
1.90484 2719980
1.90533 2721440
1.90582 2722900
1.90631 2724360
1.9068 2725820
1.90729 2727280
1.90778 2728740
1.90827 2730200
1.90876 2731660
1.90925 2733120
1.90974 2734580
1.91023 2736040
1.91072 2737500
1.91121 2738960
1.9117 2740420
1.91219 2741880
1.91268 2743340
1.91317 2744800
1.91365 2746260
1.91414 2747720
1.91463 2749180
1.91512 2750640
1.91561 2752100
1.9161 2753560
1.91659 2755020
1.91708 2756480
1.91757 2757940
1.91806 2759400
1.91855 2760860
1.91904 2762320
1.91953 2763780
1.92002 2765240
1.92051 2766700
1.921 2768160
1.92149 2769620
1.92198 2771080
1.92247 2772540
1.92296 2774000
1.92345 2775460
1.92394 2776920
1.92443 2778380
1.92492 2779840
1.92541 2781300
1.92589 2782760
1.92638 2784220
1.92687 2785680
1.92736 2787140
1.92785 2788600
1.92834 2790060
1.92883 2791520
1.92932 2792980
1.92981 2794440
1.9303 2795900
1.93079 2797360
1.93128 2798820
1.93177 2800280
1.93226 2801740
1.93275 2803200
1.93324 2804660
1.93373 2806120
1.93422 2807580
1.93471 2809040
1.9352 2810500
1.93569 2811960
1.93618 2813420
1.93667 2814880
1.93716 2816340
1.93765 2817800
1.93813 2819260
1.93862 2820720
1.93911 2822180
1.9396 2823640
1.94009 2825100
1.94058 2826560
1.94107 2828020
1.94156 2829480
1.94205 2830940
1.94254 2832400
1.94303 2833860
1.94352 2835320
1.94401 2836780
1.9445 2838240
1.94499 2839700
1.94548 2841160
1.94597 2842620
1.94646 2844080
1.94695 2845540
1.94744 2847000
1.94793 2848460
1.94842 2849920
1.94891 2851380
1.9494 2852840
1.94989 2854300
1.95037 2855760
1.95086 2857220
1.95135 2858680
1.95184 2860140
1.95233 2861600
1.95282 2863060
1.95331 2864520
1.9538 2865980
1.95429 2867440
1.95478 2868900
1.95527 2870360
1.95576 2871820
1.95625 2873280
1.95674 2874740
1.95723 2876200
1.95772 2877660
1.95821 2879120
1.9587 2880580
1.95919 2882040
1.95968 2883500
1.96017 2884960
1.96066 2886420
1.96115 2887880
1.96164 2889340
1.96213 2890800
1.96261 2892260
1.9631 2893720
1.96359 2895180
1.96408 2896640
1.96457 2898100
1.96506 2899560
1.96555 2901020
1.96604 2902480
1.96653 2903940
1.96702 2905400
1.96751 2906860
1.968 2908320
1.96849 2909780
1.96898 2911240
1.96947 2912700
1.96996 2914160
1.97045 2915620
1.97094 2917080
1.97143 2918540
1.97192 2920000
1.97241 2921460
1.9729 2922920
1.97339 2924380
1.97388 2925840
1.97437 2927300
1.97485 2928760
1.97534 2930220
1.97583 2931680
1.97632 2933140
1.97681 2934600
1.9773 2936060
1.97779 2937520
1.97828 2938980
1.97877 2940440
1.97926 2941900
1.97975 2943360
1.98024 2944820
1.98073 2946280
1.98122 2947740
1.98171 2949200
1.9822 2950660
1.98269 2952120
1.98318 2953580
1.98367 2955040
1.98416 2956500
1.98465 2957960
1.98514 2959420
1.98563 2960880
1.98612 2962340
1.98661 2963800
1.98709 2965260
1.98758 2966720
1.98807 2968180
1.98856 2969640
1.98905 2971100
1.98954 2972560
1.99003 2974020
1.99052 2975480
1.99101 2976940
1.9915 2978400
1.99199 2979860
1.99248 2981320
1.99297 2982780
1.99346 2984240
1.99395 2985700
1.99444 2987160
1.99493 2988620
1.99542 2990080
1.99591 2991540
1.9964 2993000
1.99689 2994460
1.99738 2995920
1.99787 2997380
1.99836 2998840
1.99885 3000300
1.99933 3001760
1.99982 3003220
2.00031 3004680
2.0008 3006140
2.00129 3007600
2.00178 3009060
2.00228 3010520
2.00277 3011980
2.00326 3013440
2.00375 3014900
2.00424 3016360
2.00498 3017820
2.00547 3019280
2.00596 3020740
2.00645 3022200
2.0073 3023660
2.00779 3025120
2.00828 3026580
2.00877 3028040
2.00926 3029500
2.01012 3030960
2.01061 3032420
2.0111 3033880
2.01159 3035340
2.01243 3036800
2.01292 3038260
2.01341 3039720
2.0139 3041180
2.01439 3042640
2.01512 3044100
2.01561 3045560
2.0161 3047020
2.01659 3048480
2.01733 3049940
2.01782 3051400
2.01831 3052860
2.0188 3054320
2.01956 3055780
2.02005 3057240
2.02053 3058700
2.02102 3060160
2.02151 3061620
2.02237 3063080
2.02286 3064540
2.02335 3066000
2.02384 3067460
2.0247 3068920
2.02519 3070380
2.02568 3071840
2.02617 3073300
2.02665 3074760
2.02747 3076220
2.02796 3077680
2.02845 3079140
2.02894 3080600
2.0298 3082060
2.03029 3083520
2.03078 3084980
2.03127 3086440
2.03176 3087900
2.03262 3089360
2.03311 3090820
2.03359 3092280
2.03408 3093740
2.03494 3095200
2.03543 3096660
2.03592 3098120
2.03641 3099580
2.0369 3101040
2.03776 3102500
2.03825 3103960
2.03874 3105420
2.03923 3106880
2.04008 3108340
2.04057 3109800
2.04106 3111260
2.04155 3112720
2.04241 3114180
2.0429 3115640
2.04339 3117100
2.04388 3118560
2.04437 3120020
2.04522 3121480
2.04571 3122940
2.0462 3124400
2.04669 3125860
2.04755 3127320
2.04804 3128780
2.04853 3130240
2.04902 3131700
2.04951 3133160
2.05036 3134620
2.05085 3136080
2.05134 3137540
2.05183 3139000
2.05269 3140460
2.05318 3141920
2.05367 3143380
2.05416 3144840
2.05465 3146300
2.0555 3147760
2.05599 3149220
2.05648 3150680
2.05697 3152140
2.05783 3153600
2.05832 3155060
2.05881 3156520
2.0593 3157980
2.05979 3159440
2.06065 3160900
2.06113 3162360
2.06162 3163820
2.06211 3165280
2.06297 3166740
2.06346 3168200
2.06395 3169660
2.06444 3171120
2.06493 3172580
2.06579 3174040
2.06628 3175500
2.06677 3176960
2.06725 3178420
2.06811 3179880
2.0686 3181340
2.06909 3182800
2.06958 3184260
2.07044 3185720
2.07093 3187180
2.07142 3188640
2.07191 3190100
2.0724 3191560
2.07325 3193020
2.07374 3194480
2.07423 3195940
2.07472 3197400
2.07558 3198860
2.07607 3200320
2.07656 3201780
2.07705 3203240
2.07754 3204700
2.07839 3206160
2.07888 3207620
2.07937 3209080
2.07986 3210540
2.08072 3212000
2.08121 3213460
2.0817 3214920
2.08219 3216380
2.08268 3217840
2.08352 3219300
2.08401 3220760
2.0845 3222220
2.08499 3223680
2.08578 3225140
2.08627 3226600
2.08675 3228060
2.08724 3229520
2.08773 3230980
2.08845 3232440
2.08894 3233900
2.08942 3235360
2.08991 3236820
2.09062 3238280
2.09111 3239740
2.0916 3241200
2.09209 3242660
2.0928 3244120
2.09329 3245580
2.09378 3247040
2.09427 3248500
2.09476 3249960
2.09547 3251420
2.09596 3252880
2.09645 3254340
2.09694 3255800
2.09765 3257260
2.09814 3258720
2.09863 3260180
2.09912 3261640
2.09961 3263100
2.10032 3264560
2.10081 3266020
2.1013 3267480
2.10179 3268940
2.10251 3270400
2.103 3271860
2.10349 3273320
2.10398 3274780
2.10447 3276240
2.10518 3277700
2.10567 3279160
2.10616 3280620
2.10665 3282080
2.10731 3283540
2.1078 3285000
2.10829 3286460
2.10878 3287920
2.10927 3289380
2.10987 3290840
2.11036 3292300
2.11085 3293760
2.11134 3295220
2.11194 3296680
2.11243 3298140
2.11292 3299600
2.11341 3301060
2.11389 3302520
2.11449 3303980
2.11498 3305440
2.11547 3306900
2.11596 3308360
2.11656 3309820
2.11705 3311280
2.11754 3312740
2.11803 3314200
2.11863 3315660
2.11912 3317120
2.11961 3318580
2.1201 3320040
2.12059 3321500
2.12119 3322960
2.12168 3324420
2.12217 3325880
2.12266 3327340
2.12326 3328800
2.12375 3330260
2.12424 3331720
2.12473 3333180
2.12522 3334640
2.12579 3336100
2.12627 3337560
2.12676 3339020
2.12725 3340480
2.12778 3341940
2.12827 3343400
2.12876 3344860
2.12925 3346320
2.12974 3347780
2.13027 3349240
2.13076 3350700
2.13125 3352160
2.13174 3353620
2.13226 3355080
2.13275 3356540
2.13324 3358000
2.13373 3359460
2.13422 3360920
2.13475 3362380
2.13524 3363840
2.13573 3365300
2.13621 3366760
2.13674 3368220
2.13723 3369680
2.13772 3371140
2.13821 3372600
2.13874 3374060
2.13923 3375520
2.13972 3376980
2.14021 3378440
2.14069 3379900
2.14122 3381360
2.14171 3382820
2.1422 3384280
2.14269 3385740
2.14322 3387200
2.14371 3388660
2.1442 3390120
2.14469 3391580
2.14517 3393040
2.1457 3394500
2.14619 3395960
2.14668 3397420
2.14717 3398880
2.14767 3400340
2.14816 3401800
2.14865 3403260
2.14914 3404720
2.14963 3406180
2.15012 3407640
2.15061 3409100
2.1511 3410560
2.15159 3412020
2.15208 3413480
2.15256 3414940
2.15305 3416400
2.15354 3417860
2.15403 3419320
2.15452 3420780
2.15501 3422240
2.1555 3423700
2.15599 3425160
2.15648 3426620
2.15697 3428080
2.15746 3429540
2.15795 3431000
2.15844 3432460
2.15893 3433920
2.15942 3435380
2.15991 3436840
2.1604 3438300
2.16089 3439760
2.16138 3441220
2.16187 3442680
2.16236 3444140
2.16285 3445600
2.16334 3447060
2.16383 3448520
2.16432 3449980
2.1648 3451440
2.16529 3452900
2.16578 3454360
2.16627 3455820
2.16676 3457280
2.16725 3458740
2.16774 3460200
2.16823 3461660
2.16872 3463120
2.16921 3464580
2.1697 3466040
2.17019 3467500
2.17068 3468960
2.17117 3470420
2.17166 3471880
2.17215 3473340
2.17264 3474800
2.17313 3476260
2.17362 3477720
2.17411 3479180
2.1746 3480640
2.17509 3482100
2.17558 3483560
2.17607 3485020
2.17656 3486480
2.17704 3487940
2.17753 3489400
2.17802 3490860
2.17851 3492320
2.179 3493780
2.17949 3495240
2.17998 3496700
2.18047 3498160
2.18096 3499620
2.18145 3501080
2.18194 3502540
2.18243 3504000
2.18292 3505460
2.18341 3506920
2.1839 3508380
2.18439 3509840
2.18488 3511300
2.18537 3512760
2.18586 3514220
2.18635 3515680
2.18684 3517140
2.18733 3518600
2.18782 3520060
2.18831 3521520
2.1888 3522980
2.18928 3524440
2.18977 3525900
2.19026 3527360
2.19075 3528820
2.19124 3530280
2.19173 3531740
2.19222 3533200
2.19271 3534660
2.1932 3536120
2.19369 3537580
2.19418 3539040
2.19467 3540500
2.19516 3541960
2.19565 3543420
2.19614 3544880
2.19663 3546340
2.19712 3547800
2.19761 3549260
2.1981 3550720
2.19859 3552180
2.19908 3553640
2.19957 3555100
2.20006 3556560
2.20055 3558020
2.20104 3559480
2.20152 3560940
2.20201 3562400
2.2025 3563860
2.20299 3565320
2.20348 3566780
2.20397 3568240
2.20446 3569700
2.20495 3571160
2.20544 3572620
2.20593 3574080
2.20642 3575540
2.20691 3577000
2.2074 3578460
2.20789 3579920
2.20838 3581380
2.20887 3582840
2.20936 3584300
2.20985 3585760
2.21034 3587220
2.21083 3588680
2.21132 3590140
2.21181 3591600
2.2123 3593060
2.21279 3594520
2.21328 3595980
2.21376 3597440
2.21425 3598900
2.21474 3600360
2.21523 3601820
2.21572 3603280
2.21621 3604740
2.2167 3606200
2.21719 3607660
2.21768 3609120
2.21817 3610580
2.21866 3612040
2.21915 3613500
2.21964 3614960
2.22013 3616420
2.22062 3617880
2.22111 3619340
2.2216 3620800
2.22209 3622260
2.22258 3623720
2.22307 3625180
2.22356 3626640
2.22405 3628100
2.22454 3629560
2.22503 3631020
2.22552 3632480
2.226 3633940
2.22649 3635400
2.22698 3636860
2.22747 3638320
2.22796 3639780
2.22845 3641240
2.22894 3642700
2.22943 3644160
2.22992 3645620
2.23041 3647080
2.2309 3648540
2.23139 3650000
2.23188 3651460
2.23237 3652920
2.23286 3654380
2.23335 3655840
2.23384 3657300
2.23433 3658760
2.23482 3660220
2.23531 3661680
2.2358 3663140
2.23629 3664600
2.23678 3666060
2.23727 3667520
2.23776 3668980
2.23824 3670440
2.23873 3671900
2.23922 3673360
2.23971 3674820
2.2402 3676280
2.24069 3677740
2.24118 3679200
2.24167 3680660
2.24216 3682120
2.24265 3683580
2.24314 3685040
2.24363 3686500
2.24412 3687960
2.24461 3689420
2.2451 3690880
2.24559 3692340
2.24608 3693800
2.24657 3695260
2.24706 3696720
2.24755 3698180
2.24804 3699640
2.24853 3701100
2.24902 3702560
2.24951 3704020
2.25 3705480
2.25048 3706940
2.25097 3708400
2.25146 3709860
2.25195 3711320
2.25244 3712780
2.25293 3714240
2.25342 3715700
2.25391 3717160
2.2544 3718620
2.25489 3720080
2.25538 3721540
2.25587 3723000
2.25636 3724460
2.25685 3725920
2.25734 3727380
2.25783 3728840
2.25832 3730300
2.25881 3731760
2.2593 3733220
2.25979 3734680
2.26028 3736140
2.26077 3737600
2.26126 3739060
2.26175 3740520
2.26224 3741980
2.26272 3743440
2.26321 3744900
2.2637 3746360
2.26419 3747820
2.26468 3749280
2.26517 3750740
2.26566 3752200
2.26615 3753660
2.26664 3755120
2.26713 3756580
2.26762 3758040
2.26811 3759500
2.2686 3760960
2.26909 3762420
2.26958 3763880
2.27007 3765340
2.27056 3766800
2.27105 3768260
2.27154 3769720
2.27203 3771180
2.27252 3772640
2.27301 3774100
2.2735 3775560
2.27399 3777020
2.27448 3778480
2.27496 3779940
2.27545 3781400
2.27594 3782860
2.27643 3784320
2.27692 3785780
2.27741 3787240
2.2779 3788700
2.27839 3790160
2.27888 3791620
2.27937 3793080
2.27986 3794540
2.28035 3796000
2.28084 3797460
2.28133 3798920
2.28182 3800380
2.28231 3801840
2.2828 3803300
2.28329 3804760
2.28378 3806220
2.28427 3807680
2.28476 3809140
2.28526 3810600
2.28574 3812060
2.28623 3813520
2.28672 3814980
2.28721 3816440
2.2877 3817900
2.28819 3819360
2.28868 3820820
2.28917 3822280
2.28966 3823740
2.29015 3825200
2.29064 3826660
2.29113 3828120
2.29162 3829580
2.29211 3831040
2.2926 3832500
2.29309 3833960
2.29358 3835420
2.29407 3836880
2.29456 3838340
2.29505 3839800
2.29554 3841260
2.29603 3842720
2.29652 3844180
2.29701 3845640
2.2975 3847100
2.29799 3848560
2.29847 3850020
2.29896 3851480
2.29945 3852940
2.29994 3854400
2.30043 3855860
2.30092 3857320
2.30141 3858780
2.3019 3860240
2.3024 3861700
2.30289 3863160
2.30338 3864620
2.30387 3866080
2.30436 3867540
2.30485 3869000
2.30534 3870460
2.30583 3871920
2.30632 3873380
2.30681 3874840
2.3073 3876300
2.30779 3877760
2.30828 3879220
2.30877 3880680
2.30926 3882140
2.30975 3883600
2.31024 3885060
2.31073 3886520
2.31122 3887980
2.3117 3889440
2.31219 3890900
2.31268 3892360
2.31317 3893820
2.31366 3895280
2.31415 3896740
2.31464 3898200
2.31513 3899660
2.31562 3901120
2.31611 3902580
2.3166 3904040
2.31709 3905500
2.31758 3906960
2.31807 3908420
2.31856 3909880
2.31905 3911340
2.31954 3912800
2.32003 3914260
2.32052 3915720
2.32101 3917180
2.3215 3918640
2.32199 3920100
2.32248 3921560
2.32297 3923020
2.32346 3924480
2.32394 3925940
2.32443 3927400
2.32492 3928860
2.32541 3930320
2.3259 3931780
2.32639 3933240
2.32688 3934700
2.32737 3936160
2.32786 3937620
2.32835 3939080
2.32884 3940540
2.32933 3942000
2.32982 3943460
2.33031 3944920
2.3308 3946380
2.33129 3947840
2.33178 3949300
2.33227 3950760
2.33276 3952220
2.33325 3953680
2.33374 3955140
2.33423 3956600
2.33472 3958060
2.33521 3959520
2.3357 3960980
2.33618 3962440
2.33667 3963900
2.33716 3965360
2.33765 3966820
2.33814 3968280
2.33863 3969740
2.33912 3971200
2.33961 3972660
2.3401 3974120
2.34059 3975580
2.34108 3977040
2.34157 3978500
2.34206 3979960
2.34255 3981420
2.34304 3982880
2.34353 3984340
2.34402 3985800
2.34451 3987260
2.345 3988720
2.34549 3990180
2.34598 3991640
2.34647 3993100
2.34696 3994560
2.34745 3996020
2.34794 3997480
2.34842 3998940
2.34891 4000400
2.3494 4001860
2.34989 4003320
2.35038 4004780
2.35087 4006240
2.35136 4007700
2.35185 4009160
2.35234 4010620
2.35283 4012080
2.35332 4013540
2.35381 4015000
2.3543 4016460
2.35479 4017920
2.35528 4019380
2.35577 4020840
2.35626 4022300
2.35675 4023760
2.35724 4025220
2.35773 4026680
2.35822 4028140
2.35871 4029600
2.3592 4031060
2.35969 4032520
2.36018 4033980
2.36066 4035440
2.36115 4036900
2.36164 4038360
2.36213 4039820
2.36262 4041280
2.36311 4042740
2.3636 4044200
2.36409 4045660
2.36458 4047120
2.36507 4048580
2.36556 4050040
2.36605 4051500
2.36654 4052960
2.36703 4054420
2.36752 4055880
2.36801 4057340
2.3685 4058800
2.36899 4060260
2.36948 4061720
2.36997 4063180
2.37046 4064640
2.37095 4066100
2.37144 4067560
2.37193 4069020
2.37242 4070480
2.3729 4071940
2.37339 4073400
2.37388 4074860
2.37437 4076320
2.37486 4077780
2.37535 4079240
2.37584 4080700
2.37633 4082160
2.37682 4083620
2.37731 4085080
2.3778 4086540
2.37829 4088000
2.37878 4089460
2.37927 4090920
2.37976 4092380
2.38025 4093840
2.38074 4095300
2.38123 4096760
2.38172 4098220
2.38221 4099680
2.3827 4101140
2.38319 4102600
2.38368 4104060
2.38417 4105520
2.38466 4106980
2.38514 4108440
2.38563 4109900
2.38612 4111360
2.38661 4112820
2.3871 4114280
2.38759 4115740
2.38808 4117200
2.38857 4118660
2.38906 4120120
2.38955 4121580
2.39004 4123040
2.39053 4124500
2.39102 4125960
2.39151 4127420
2.392 4128880
2.39249 4130340
2.39298 4131800
2.39347 4133260
2.39396 4134720
2.39445 4136180
2.39494 4137640
2.39543 4139100
2.39592 4140560
2.39641 4142020
2.3969 4143480
2.39738 4144940
2.39787 4146400
2.39836 4147860
2.39885 4149320
2.39934 4150780
2.39983 4152240
2.40032 4153700
2.40081 4155160
2.4013 4156620
2.40179 4158080
2.40228 4159540
2.40277 4161000
2.40326 4162460
2.40375 4163920
2.40424 4165380
2.40473 4166840
2.40522 4168300
2.40571 4169760
2.4062 4171220
2.40669 4172680
2.40718 4174140
2.40767 4175600
2.40816 4177060
2.40865 4178520
2.40914 4179980
2.40962 4181440
2.41011 4182900
2.4106 4184360
2.41109 4185820
2.41158 4187280
2.41207 4188740
2.41256 4190200
2.41305 4191660
2.41354 4193120
2.41403 4194580
2.41452 4196040
2.41501 4197500
2.4155 4198960
2.41599 4200420
2.41648 4201880
2.41697 4203340
2.41746 4204800
2.41795 4206260
2.41844 4207720
2.41893 4209180
2.41942 4210640
2.41991 4212100
2.4204 4213560
2.42089 4215020
2.42138 4216480
2.42186 4217940
2.42235 4219400
2.42284 4220860
2.42333 4222320
2.42382 4223780
2.42431 4225240
2.4248 4226700
2.42529 4228160
2.42578 4229620
2.42627 4231080
2.42676 4232540
2.42725 4234000
2.42774 4235460
2.42823 4236920
2.42872 4238380
2.42921 4239840
2.4297 4241300
2.43019 4242760
2.43068 4244220
2.43117 4245680
2.43166 4247140
2.43215 4248600
2.43264 4250060
2.43313 4251520
2.43362 4252980
2.4341 4254440
2.43459 4255900
2.43508 4257360
2.43557 4258820
2.43606 4260280
2.43655 4261740
2.43704 4263200
2.43753 4264660
2.43802 4266120
2.43851 4267580
2.439 4269040
2.43949 4270500
2.43998 4271960
2.44047 4273420
2.44096 4274880
2.44145 4276340
2.44194 4277800
2.44243 4279260
2.44292 4280720
2.44341 4282180
2.4439 4283640
2.44439 4285100
2.44488 4286560
2.44537 4288020
2.44586 4289480
2.44634 4290940
2.44683 4292400
2.44732 4293860
2.44781 4295320
2.4483 4296780
2.44879 4298240
2.44928 4299700
2.44977 4301160
2.45026 4302620
2.45075 4304080
2.45124 4305540
2.45173 4307000
2.45222 4308460
2.45271 4309920
2.4532 4311380
2.45369 4312840
2.45418 4314300
2.45467 4315760
2.45516 4317220
2.45565 4318680
2.45614 4320140
2.45663 4321600
2.45712 4323060
2.45761 4324520
2.4581 4325980
2.45858 4327440
2.45907 4328900
2.45956 4330360
2.46005 4331820
2.46054 4333280
2.46103 4334740
2.46152 4336200
2.46201 4337660
2.4625 4339120
2.46299 4340580
2.46348 4342040
2.46397 4343500
2.46446 4344960
2.46495 4346420
2.46544 4347880
2.46593 4349340
2.46642 4350800
2.46691 4352260
2.4674 4353720
2.46789 4355180
2.46838 4356640
2.46887 4358100
2.46936 4359560
2.46985 4361020
2.47034 4362480
2.47082 4363940
2.47131 4365400
2.4718 4366860
2.47229 4368320
2.47278 4369780
2.47327 4371240
2.47376 4372700
2.47425 4374160
2.47474 4375620
2.47523 4377080
2.47572 4378540
2.47621 4380000
2.4767 4381460
2.47719 4382920
2.47768 4384380
2.47817 4385840
2.47866 4387300
2.47915 4388760
2.47964 4390220
2.48013 4391680
2.48062 4393140
2.48111 4394600
2.4816 4396060
2.48209 4397520
2.48258 4398980
2.48306 4400440
2.48355 4401900
2.48404 4403360
2.48453 4404820
2.48502 4406280
2.48551 4407740
2.486 4409200
2.48649 4410660
2.48698 4412120
2.48747 4413580
2.48796 4415040
2.48845 4416500
2.48894 4417960
2.48943 4419420
2.48992 4420880
2.49041 4422340
2.4909 4423800
2.49139 4425260
2.49188 4426720
2.49237 4428180
2.49286 4429640
2.49335 4431100
2.49384 4432560
2.49433 4434020
2.49482 4435480
2.4953 4436940
2.49579 4438400
2.49628 4439860
2.49677 4441320
2.49726 4442780
2.49775 4444240
2.49824 4445700
2.49873 4447160
2.49922 4448620
2.49971 4450080
