1.00055 2920
1.00113 4380
1.00115 5840
1.0017 7300
1.00173 8760
1.00175 10220
1.00178 11680
1.00228 13140
1.00231 14600
1.00233 16060
1.00236 17520
1.00238 18980
1.0024 20440
1.00243 21900
1.00245 23360
1.00351 24820
1.00419 26280
1.00484 27740
1.00547 29200
1.00607 30660
1.00665 32120
1.0072 33580
1.00773 35040
1.00823 36500
1.00872 37960
1.00921 39420
1.0097 40880
1.01019 42340
1.01068 43800
1.01117 45260
1.01166 46720
1.01215 48180
1.01264 49640
1.01313 51100
1.01362 52560
1.01411 54020
1.0146 55480
1.01509 56940
1.01558 58400
1.01607 59860
1.01656 61320
1.01705 62780
1.01754 64240
1.01802 65700
1.01851 67160
1.019 68620
1.01949 70080
1.01998 71540
1.02047 73000
1.02096 74460
1.02145 75920
1.02194 77380
1.02243 78840
1.02292 80300
1.02341 81760
1.0239 83220
1.02439 84680
1.02488 86140
1.02537 87600
1.02586 89060
1.02635 90520
1.02684 91980
1.02733 93440
1.02752 60924
1.02755 60172
1.02782 61632
1.02782 60172
1.02831 61632
1.02831 60172
1.0288 61632
1.0288 60172
1.02929 61632
1.02929 60172
1.02978 61632
1.02978 60172
1.03026 61632
1.03026 60172
1.03075 61632
1.03075 60172
1.03124 61632
1.03124 60172
1.03173 61632
1.03173 60172
1.03222 61632
1.03222 60172
1.03271 61632
1.03271 60172
1.0332 61632
1.0332 60172
1.03369 61632
1.03369 60172
1.03418 61632
1.03418 60172
1.03467 61632
1.03467 60172
1.03516 61632
1.03516 60172
1.03565 61632
1.03565 60172
1.03614 61632
1.03614 60172
1.03663 61632
1.03663 60172
1.03712 61632
1.03712 60172
1.03761 61632
1.03761 60172
1.0381 61632
1.0381 60172
1.03859 61632
1.03859 60172
1.03908 61632
1.03908 60172
1.03957 61632
1.03957 60172
1.04006 61632
1.04006 60172
1.04055 61632
1.04055 60172
1.04104 61632
1.04104 60172
1.04153 61632
1.04153 60172
1.04202 61632
1.04202 60172
1.0425 61632
1.0425 60172
1.04299 61632
1.04299 60172
1.04348 61632
1.04348 60172
1.04397 61632
1.04397 60172
1.04446 61632
1.04446 60172
1.04495 61632
1.04495 60172
1.04544 61632
1.04544 60172
1.04593 61632
1.04593 60172
1.04642 61632
1.04642 60172
1.04691 61632
1.04691 60172
1.0474 61632
1.0474 60172
1.04789 61632
1.04789 60172
1.04838 61632
1.04838 60172
1.04887 61632
1.04887 60172
1.04936 61632
1.04936 60172
1.04985 61632
1.04985 60172
1.05034 61632
1.05034 60172
1.05083 61632
1.05083 60172
1.05132 61632
1.05132 60172
1.05181 61632
1.05181 60172
1.0523 61632
1.0523 60172
1.05279 61632
1.05279 60172
1.05328 61632
1.05328 60172
1.05377 61632
1.05377 60172
1.05426 61632
1.05426 60172
1.05474 61632
1.05474 60172
1.05523 61632
1.05523 60172
1.05572 61632
1.05572 60172
1.05621 61632
1.05621 60172
1.0567 61632
1.0567 60172
1.05719 61632
1.05719 60172
1.05768 61632
1.05768 60172
1.05817 61632
1.05817 60172
1.05866 61632
1.05866 60172
1.05915 61632
1.05915 60172
1.05964 61632
1.05964 60172
1.06013 61632
1.06013 60172
1.06062 61632
1.06062 60172
1.06111 61632
1.06111 60172
1.0616 61632
1.0616 60172
1.06209 61632
1.06209 60172
1.06258 61632
1.06258 60172
1.06307 61632
1.06307 60172
1.06356 61632
1.06356 60172
1.06405 61632
1.06405 60172
1.06454 61632
1.06454 60172
1.06503 61632
1.06503 60172
1.06552 61632
1.06552 60172
1.06601 61632
1.06601 60172
1.0665 61632
1.0665 60172
1.06698 61632
1.06698 60172
1.06747 61632
1.06747 60172
1.06796 61632
1.06796 60172
1.06845 61632
1.06845 60172
1.06894 61632
1.06894 60172
1.06943 61632
1.06943 60172
1.06992 61632
1.06992 60172
1.07041 61632
1.07041 60172
1.0709 61632
1.0709 60172
1.07139 61632
1.07139 60172
1.07188 61632
1.07188 60172
1.07237 61632
1.07237 60172
1.07286 61632
1.07286 60172
1.07335 61632
1.07335 60172
1.07384 61632
1.07384 60172
1.07433 61632
1.07433 60172
1.07482 61632
1.07482 60172
1.07531 61632
1.07531 60172
1.0758 61632
1.0758 60172
1.07629 61632
1.07629 60172
1.07678 61632
1.07678 60172
1.07727 61632
1.07727 60172
1.07776 61632
1.07776 60172
1.07825 61632
1.07825 60172
1.07874 61632
1.07874 60172
1.07922 61632
1.07922 60172
1.07971 61632
1.07971 60172
1.0802 61632
1.0802 60172
1.08069 61632
1.08069 60172
1.08118 61632
1.08118 60172
1.08167 61632
1.08167 60172
1.08216 61632
1.08216 60172
1.08265 61632
1.08265 60172
1.08314 61632
1.08314 60172
1.08363 61632
1.08363 60172
1.08412 61632
1.08412 60172
1.08461 61632
1.08461 60172
1.0851 61632
1.0851 60172
1.08559 61632
1.08559 60172
1.08608 61632
1.08608 60172
1.08657 61632
1.08657 60172
1.08706 61632
1.08706 60172
1.08755 61632
1.08755 60172
1.08804 61632
1.08804 60172
1.08853 61632
1.08853 60172
1.08902 61632
1.08902 60172
1.08951 61632
1.08951 60172
1.09 61632
1.09 60172
1.09049 61632
1.09049 60172
1.09098 61632
1.09098 60172
1.09146 61632
1.09146 60172
1.09195 61632
1.09195 60172
1.09244 61632
1.09244 60172
1.09293 61632
1.09293 60172
1.09342 61632
1.09342 60172
1.09391 61632
1.09391 60172
1.0944 61632
1.0944 60172
1.09489 61632
1.09489 60172
1.09538 61632
1.09538 60172
1.09587 61632
1.09587 60172
1.09636 61632
1.09636 60172
1.09685 61632
1.09685 60172
1.09734 61632
1.09734 60172
1.09783 61632
1.09783 60172
1.09832 61632
1.09832 60172
1.09881 61632
1.09881 60172
1.0993 61632
1.0993 60172
1.09979 61632
1.09979 60172
1.10028 61632
1.10028 60172
1.10077 61632
1.10077 60172
1.10129 61632
1.10129 60172
1.10178 61632
1.10178 60172
1.10227 61632
1.10227 60172
1.10275 61632
1.10275 60172
1.10324 61632
1.10324 60172
1.10373 61632
1.10373 60172
1.10422 61632
1.10422 60172
1.10471 61632
1.10471 60172
1.1052 61632
1.1052 60172
1.10569 61632
1.10569 60172
1.10618 61632
1.10618 60172
1.10667 61632
1.10667 60172
1.10716 61632
1.10716 60172
1.10765 61632
1.10765 60172
1.10814 61632
1.10814 60172
1.10863 61632
1.10863 60172
1.10912 61632
1.10912 60172
1.10961 61632
1.10961 60172
1.1101 61632
1.1101 60172
1.11059 61632
1.11059 60172
1.11108 61632
1.11108 60172
1.11157 61632
1.11157 60172
1.11206 61632
1.11206 60172
1.11255 61632
1.11255 60172
1.11304 61632
1.11304 60172
1.11353 61632
1.11353 60172
1.11402 61632
1.11402 60172
1.11451 61632
1.11451 60172
1.11499 61632
1.11499 60172
1.11548 61632
1.11548 60172
1.11597 61632
1.11597 60172
1.11646 61632
1.11646 60172
1.11695 61632
1.11695 60172
1.11744 61632
1.11744 60172
1.11793 61632
1.11793 60172
1.11842 61632
1.11842 60172
1.11891 61632
1.11891 60172
1.1194 61632
1.1194 60172
1.11989 61632
1.11989 60172
1.12038 61632
1.12038 60172
1.12087 61632
1.12087 60172
1.12136 61632
1.12136 60172
1.12185 61632
1.12185 60172
1.12234 61632
1.12234 60172
1.12283 61632
1.12283 60172
1.12332 61632
1.12332 60172
1.12381 61632
1.12381 60172
1.1243 61632
1.1243 60172
1.12479 61632
1.12479 60172
1.12528 61632
1.12528 60172
1.12577 61632
1.12577 60172
1.12626 61632
1.12626 60172
1.12675 61632
1.12675 60172
1.12723 61632
1.12723 60172
1.12772 61632
1.12772 60172
1.12821 61632
1.12821 60172
1.1287 61632
1.1287 60172
1.12919 61632
1.12919 60172
1.12968 61632
1.12968 60172
1.13017 61632
1.13017 60172
1.13066 61632
1.13066 60172
1.13115 61632
1.13115 60172
1.13164 61632
1.13164 60172
1.13213 61632
1.13213 60172
1.13262 61632
1.13262 60172
1.13311 61632
1.13311 60172
1.1336 61632
1.1336 60172
1.13409 61632
1.13409 60172
1.13458 61632
1.13458 60172
1.13507 61632
1.13507 60172
1.13556 61632
1.13556 60172
1.13605 61632
1.13605 60172
1.13654 61632
1.13654 60172
1.13703 61632
1.13703 60172
1.13752 61632
1.13752 60172
1.13801 61632
1.13801 60172
1.1385 61632
1.1385 60172
1.13899 61632
1.13899 60172
1.13947 61632
1.13947 60172
1.13996 61632
1.13996 60172
1.14045 61632
1.14045 60172
1.14094 61632
1.14094 60172
1.14143 61632
1.14143 60172
1.14192 61632
1.14192 60172
1.14241 61632
1.14241 60172
1.1429 61632
1.1429 60172
1.14339 61632
1.14339 60172
1.14388 61632
1.14388 60172
1.14437 61632
1.14437 60172
1.14486 61632
1.14486 60172
1.14535 61632
1.14535 60172
1.14584 61632
1.14584 60172
1.14633 61632
1.14633 60172
1.14682 61632
1.14682 60172
1.14731 61632
1.14731 60172
1.1478 61632
1.1478 60172
1.14829 61632
1.14829 60172
1.14878 61632
1.14878 60172
1.14927 61632
1.14927 60172
1.14976 61632
1.14976 60172
1.15025 61632
1.15025 60172
1.15074 61632
1.15074 60172
1.15123 61632
1.15123 60172
1.15171 61632
1.15171 60172
1.1522 61632
1.1522 60172
1.15269 61632
1.15269 60172
1.15318 61632
1.15318 60172
1.15366 61632
1.15366 60172
1.15416 61632
1.15416 60172
1.15464 61632
1.15464 60172
1.15514 61632
1.15514 60172
1.15563 61632
1.15563 60172
1.15612 61632
1.15612 60172
1.15661 61632
1.15661 60172
1.1571 61632
1.1571 60172
1.15759 61632
1.15759 60172
1.15808 61632
1.15808 60172
1.15857 61632
1.15857 60172
1.15906 61632
1.15906 60172
1.15955 61632
1.15955 60172
1.16004 61632
1.16004 60172
1.16053 61632
1.16053 60172
1.16102 61632
1.16102 60172
1.16151 61632
1.16151 60172
1.162 61632
1.162 60172
1.16249 61632
1.16249 60172
1.16298 61632
1.16298 60172
1.16347 61632
1.16347 60172
1.16395 61632
1.16395 60172
1.16444 61632
1.16444 60172
1.16493 61632
1.16493 60172
1.16542 61632
1.16542 60172
1.16591 61632
1.16591 60172
1.1664 61632
1.1664 60172
1.16689 61632
1.16689 60172
1.16738 61632
1.16738 60172
1.16787 61632
1.16787 60172
1.16836 61632
1.16836 60172
1.16885 61632
1.16885 60172
1.16934 61632
1.16934 60172
1.16983 61632
1.16983 60172
1.17032 61632
1.17032 60172
1.17081 61632
1.17081 60172
1.1713 61632
1.1713 60172
1.17179 61632
1.17179 60172
1.17228 61632
1.17228 60172
1.17277 61632
1.17277 60172
1.17326 61632
1.17326 60172
1.17373 61632
1.17373 60172
1.17424 61632
1.17424 60172
1.17471 61632
1.17471 60172
1.17522 61632
1.17522 60172
1.17571 61632
1.17571 60172
1.17619 61632
1.17619 60172
1.17668 61632
1.17668 60172
1.17717 61632
1.17717 60172
1.17766 61632
1.17766 60172
1.17815 61632
1.17815 60172
1.17864 61632
1.17864 60172
1.17913 61632
1.17913 60172
1.17962 61632
1.17962 60172
1.18011 61632
1.18011 60172
1.1806 61632
1.1806 60172
1.18109 61632
1.18109 60172
1.18158 61632
1.18158 60172
1.18207 61632
1.18207 60172
1.18256 61632
1.18256 60172
1.18305 61632
1.18305 60172
1.18354 61632
1.18354 60172
1.18403 61632
1.18403 60172
1.18452 61632
1.18452 60172
1.18501 61632
1.18501 60172
1.1855 61632
1.1855 60172
1.18599 61632
1.18599 60172
1.18648 61632
1.18648 60172
1.18697 61632
1.18697 60172
1.18746 61632
1.18746 60172
1.18795 61632
1.18795 60172
1.18843 61632
1.18843 60172
1.18892 61632
1.18892 60172
1.18941 61632
1.18941 60172
1.1899 61632
1.1899 60172
1.19039 61632
1.19039 60172
1.19088 61632
1.19088 60172
1.19137 61632
1.19137 60172
1.19186 61632
1.19186 60172
1.19235 61632
1.19235 60172
1.19284 61632
1.19284 60172
1.19333 61632
1.19333 60172
1.19381 61632
1.19381 60172
1.19431 61632
1.19431 60172
1.19479 61632
1.19479 60172
1.19529 61632
1.19529 60172
1.19578 61632
1.19578 60172
1.19627 61632
1.19627 60172
1.19676 61632
1.19676 60172
1.19725 61632
1.19725 60172
1.19774 61632
1.19774 60172
1.19823 61632
1.19823 60172
1.19872 61632
1.19872 60172
1.19921 61632
1.19921 60172
1.1997 61632
1.1997 60172
1.20019 61632
1.20019 60172
1.20067 61632
1.20067 60172
1.20116 61632
1.20116 60172
1.20165 61632
1.20165 60172
1.20214 61632
1.20214 60172
1.20263 61632
1.20263 60172
1.20312 61632
1.20312 60172
1.20361 61632
1.20361 60172
1.2041 61632
1.2041 60172
1.20459 61632
1.20459 60172
1.20508 61632
1.20508 60172
1.20557 61632
1.20557 60172
1.20606 61632
1.20606 60172
1.20655 61632
1.20655 60172
1.20704 61632
1.20704 60172
1.20753 61632
1.20753 60172
1.20802 61632
1.20802 60172
1.20851 61632
1.20851 60172
1.209 61632
1.209 60172
1.20949 61632
1.20949 60172
1.20998 61632
1.20998 60172
1.21047 61632
1.21047 60172
1.21096 61632
1.21096 60172
1.21145 61632
1.21145 60172
1.21194 61632
1.21194 60172
1.21243 61632
1.21243 60172
1.21291 61632
1.21291 60172
1.2134 61632
1.2134 60172
1.21388 61632
1.21388 60172
1.21438 61632
1.21438 60172
1.21486 61632
1.21486 60172
1.21536 61632
1.21536 60172
1.21585 61632
1.21585 60172
1.21634 61632
1.21634 60172
1.21683 61632
1.21683 60172
1.21732 61632
1.21732 60172
1.21781 61632
1.21781 60172
1.2183 61632
1.2183 60172
1.21879 61632
1.21879 60172
1.21928 61632
1.21928 60172
1.21977 61632
1.21977 60172
1.22026 61632
1.22026 60172
1.22075 61632
1.22075 60172
1.22124 61632
1.22124 60172
1.22173 61632
1.22173 60172
1.22222 61632
1.22222 60172
1.22271 61632
1.22271 60172
1.2232 61632
1.2232 60172
1.22369 61632
1.22369 60172
1.22418 61632
1.22418 60172
1.22467 61632
1.22467 60172
1.22515 61632
1.22515 60172
1.22564 61632
1.22564 60172
1.22613 61632
1.22613 60172
1.22662 61632
1.22662 60172
1.22711 61632
1.22711 60172
1.2276 61632
1.2276 60172
1.22809 61632
1.22809 60172
1.22858 61632
1.22858 60172
1.22907 61632
1.22907 60172
1.22956 61632
1.22956 60172
1.23005 61632
1.23005 60172
1.23054 61632
1.23054 60172
1.23103 61632
1.23103 60172
1.23152 61632
1.23152 60172
1.23201 61632
1.23201 60172
1.2325 61632
1.2325 60172
1.23299 61632
1.23299 60172
1.23348 61632
1.23348 60172
1.23396 61632
1.23396 60172
1.23446 61632
1.23446 60172
1.23493 61632
1.23493 60172
1.23544 61632
1.23544 60172
1.23593 61632
1.23593 60172
1.23642 61632
1.23642 60172
1.23691 61632
1.23691 60172
1.23739 61632
1.23739 60172
1.23788 61632
1.23788 60172
1.23837 61632
1.23837 60172
1.23886 61632
1.23886 60172
1.23935 61632
1.23935 60172
1.23984 61632
1.23984 60172
1.24033 61632
1.24033 60172
1.24082 61632
1.24082 60172
1.24131 61632
1.24131 60172
1.2418 61632
1.2418 60172
1.24229 61632
1.24229 60172
1.24278 61632
1.24278 60172
1.24327 61632
1.24327 60172
1.24376 61632
1.24376 60172
1.24425 61632
1.24425 60172
1.24474 61632
1.24474 60172
1.24523 61632
1.24523 60172
1.24572 61632
1.24572 60172
1.24621 61632
1.24621 60172
1.2467 61632
1.2467 60172
1.24719 61632
1.24719 60172
1.24768 61632
1.24768 60172
1.24817 61632
1.24817 60172
1.24866 61632
1.24866 60172
1.24915 61632
1.24915 60172
1.24963 61632
1.24963 60172
1.25012 61632
1.25012 60172
1.25061 61632
1.25061 60172
1.2511 61632
1.2511 60172
1.25159 61632
1.25159 60172
1.25208 61632
1.25208 60172
1.25257 61632
1.25257 60172
1.25306 61632
1.25306 60172
1.25355 61632
1.25355 60172
1.25403 61632
1.25403 60172
1.25453 61632
1.25453 60172
1.25501 61632
1.25501 60172
1.25551 61632
1.25551 60172
1.256 61632
1.256 60172
1.25649 61632
1.25649 60172
1.25698 61632
1.25698 60172
1.25747 61632
1.25747 60172
1.25796 61632
1.25796 60172
1.25845 61632
1.25845 60172
1.25894 61632
1.25894 60172
1.25943 61632
1.25943 60172
1.25992 61632
1.25992 60172
1.26041 61632
1.26041 60172
1.2609 61632
1.2609 60172
1.26139 61632
1.26139 60172
1.26187 61632
1.26187 60172
1.26236 61632
1.26236 60172
1.26285 61632
1.26285 60172
1.26334 61632
1.26334 60172
1.26383 61632
1.26383 60172
1.26432 61632
1.26432 60172
1.26481 61632
1.26481 60172
1.2653 61632
1.2653 60172
1.26579 61632
1.26579 60172
1.26628 61632
1.26628 60172
1.26677 61632
1.26677 60172
1.26726 61632
1.26726 60172
1.26775 61632
1.26775 60172
1.26824 61632
1.26824 60172
1.26873 61632
1.26873 60172
1.26922 61632
1.26922 60172
1.26971 61632
1.26971 60172
1.2702 61632
1.2702 60172
1.27069 61632
1.27069 60172
1.27118 61632
1.27118 60172
1.27167 61632
1.27167 60172
1.27216 61632
1.27216 60172
1.27265 61632
1.27265 60172
1.27314 61632
1.27314 60172
1.27363 61632
1.27363 60172
1.2741 61632
1.2741 60172
1.2746 61632
1.2746 60172
1.27508 61632
1.27508 60172
1.27558 61632
1.27558 60172
1.27607 61632
1.27607 60172
1.27656 61632
1.27656 60172
1.27705 61632
1.27705 60172
1.27754 61632
1.27754 60172
1.27803 61632
1.27803 60172
1.27852 61632
1.27852 60172
1.27901 61632
1.27901 60172
1.2795 61632
1.2795 60172
1.27999 61632
1.27999 60172
1.28048 61632
1.28048 60172
1.28097 61632
1.28097 60172
1.28146 61632
1.28146 60172
1.28195 61632
1.28195 60172
1.28244 61632
1.28244 60172
1.28293 61632
1.28293 60172
1.28342 61632
1.28342 60172
1.28391 61632
1.28391 60172
1.2844 61632
1.2844 60172
1.28489 61632
1.28489 60172
1.28538 61632
1.28538 60172
1.28587 61632
1.28587 60172
1.28635 61632
1.28635 60172
1.28684 61632
1.28684 60172
1.28733 61632
1.28733 60172
1.28782 61632
1.28782 60172
1.28831 61632
1.28831 60172
1.2888 61632
1.2888 60172
1.28929 61632
1.28929 60172
1.28978 61632
1.28978 60172
1.29027 61632
1.29027 60172
1.29076 61632
1.29076 60172
1.29125 61632
1.29125 60172
1.29174 61632
1.29174 60172
1.29223 61632
1.29223 60172
1.29272 61632
1.29272 60172
1.29321 61632
1.29321 60172
1.2937 61632
1.2937 60172
1.29418 61632
1.29418 60172
1.29468 61632
1.29468 60172
1.29516 61632
1.29516 60172
1.29566 61632
1.29566 60172
1.29615 61632
1.29615 60172
1.29664 61632
1.29664 60172
1.29713 61632
1.29713 60172
1.29762 61632
1.29762 60172
1.29811 61632
1.29811 60172
1.29859 61632
1.29859 60172
1.29908 61632
1.29908 60172
1.29957 61632
1.29957 60172
1.30006 61632
1.30006 60172
1.30055 61632
1.30055 60172
1.30107 61632
1.30107 60172
1.30156 61632
1.30156 60172
1.30205 61632
1.30205 60172
1.30254 61632
1.30254 60172
1.30303 61632
1.30303 60172
1.30352 61632
1.30352 60172
1.30401 61632
1.30401 60172
1.3045 61632
1.3045 60172
1.30499 61632
1.30499 60172
1.30548 61632
1.30548 60172
1.30597 61632
1.30597 60172
1.30646 61632
1.30646 60172
1.30695 61632
1.30695 60172
1.30744 61632
1.30744 60172
1.30793 61632
1.30793 60172
1.30842 61632
1.30842 60172
1.30891 61632
1.30891 60172
1.3094 61632
1.3094 60172
1.30988 61632
1.30988 60172
1.31037 61632
1.31037 60172
1.31086 61632
1.31086 60172
1.31135 61632
1.31135 60172
1.31184 61632
1.31184 60172
1.31233 61632
1.31233 60172
1.31282 61632
1.31282 60172
1.31331 61632
1.31331 60172
1.3138 61632
1.3138 60172
1.31428 61632
1.31428 60172
1.31478 61632
1.31478 60172
1.31526 61632
1.31526 60172
1.31576 61632
1.31576 60172
1.31625 61632
1.31625 60172
1.31674 61632
1.31674 60172
1.31723 61632
1.31723 60172
1.31772 61632
1.31772 60172
1.31821 61632
1.31821 60172
1.3187 61632
1.3187 60172
1.31919 61632
1.31919 60172
1.31968 61632
1.31968 60172
1.32017 61632
1.32017 60172
1.32066 61632
1.32066 60172
1.32115 61632
1.32115 60172
1.32164 61632
1.32164 60172
1.32212 61632
1.32212 60172
1.32261 61632
1.32261 60172
1.3231 61632
1.3231 60172
1.32359 61632
1.32359 60172
1.32408 61632
1.32408 60172
1.32457 61632
1.32457 60172
1.32506 61632
1.32506 60172
1.32555 61632
1.32555 60172
1.32604 61632
1.32604 60172
1.32653 61632
1.32653 60172
1.32702 61632
1.32702 60172
1.32751 61632
1.32751 60172
1.328 61632
1.328 60172
1.32849 61632
1.32849 60172
1.32898 61632
1.32898 60172
1.32947 61632
1.32947 60172
1.32996 61632
1.32996 60172
1.33045 61632
1.33045 60172
1.33094 61632
1.33094 60172
1.33143 61632
1.33143 60172
1.33192 61632
1.33192 60172
1.33241 61632
1.33241 60172
1.3329 61632
1.3329 60172
1.33339 61632
1.33339 60172
1.33388 61632
1.33388 60172
1.33435 61632
1.33435 60172
1.33485 61632
1.33485 60172
1.33533 61632
1.33533 60172
1.33583 61632
1.33583 60172
1.33632 61632
1.33632 60172
1.33681 61632
1.33681 60172
1.3373 61632
1.3373 60172
1.33779 61632
1.33779 60172
1.33828 61632
1.33828 60172
1.33877 61632
1.33877 60172
1.33926 61632
1.33926 60172
1.33975 61632
1.33975 60172
1.34024 61632
1.34024 60172
1.34073 61632
1.34073 60172
1.34122 61632
1.34122 60172
1.34171 61632
1.34171 60172
1.3422 61632
1.3422 60172
1.34269 61632
1.34269 60172
1.34318 61632
1.34318 60172
1.34367 61632
1.34367 60172
1.34416 61632
1.34416 60172
1.34465 61632
1.34465 60172
1.34514 61632
1.34514 60172
1.34563 61632
1.34563 60172
1.34612 61632
1.34612 60172
1.3466 61632
1.3466 60172
1.34709 61632
1.34709 60172
1.34758 61632
1.34758 60172
1.34807 61632
1.34807 60172
1.34856 61632
1.34856 60172
1.34905 61632
1.34905 60172
1.34954 61632
1.34954 60172
1.35003 61632
1.35003 60172
1.35052 61632
1.35052 60172
1.35101 61632
1.35101 60172
1.3515 61632
1.3515 60172
1.35199 61632
1.35199 60172
1.35248 61632
1.35248 60172
1.35297 61632
1.35297 60172
1.35346 61632
1.35346 60172
1.35395 61632
1.35395 60172
1.35443 61632
1.35443 60172
1.35493 61632
1.35493 60172
1.35541 61632
1.35541 60172
1.35591 61632
1.35591 60172
1.3564 61632
1.3564 60172
1.35689 61632
1.35689 60172
1.35738 61632
1.35738 60172
1.35787 61632
1.35787 60172
1.35836 61632
1.35836 60172
1.35884 61632
1.35884 60172
1.35933 61632
1.35933 60172
1.35982 61632
1.35982 60172
1.36031 61632
1.36031 60172
1.3608 61632
1.3608 60172
1.36129 61632
1.36129 60172
1.36178 61632
1.36178 60172
1.36227 61632
1.36227 60172
1.36276 61632
1.36276 60172
1.36325 61632
1.36325 60172
1.36374 61632
1.36374 60172
1.36423 61632
1.36423 60172
1.36472 61632
1.36472 60172
1.36521 61632
1.36521 60172
1.3657 61632
1.3657 60172
1.36619 61632
1.36619 60172
1.36668 61632
1.36668 60172
1.36717 61632
1.36717 60172
1.36766 61632
1.36766 60172
1.36815 61632
1.36815 60172
1.36864 61632
1.36864 60172
1.36913 61632
1.36913 60172
1.36962 61632
1.36962 60172
1.37011 61632
1.37011 60172
1.3706 61632
1.3706 60172
1.37108 61632
1.37108 60172
1.37157 61632
1.37157 60172
1.37206 61632
1.37206 60172
1.37255 61632
1.37255 60172
1.37304 61632
1.37304 60172
1.37353 61632
1.37353 60172
1.37402 61632
1.37402 60172
1.3745 61632
1.3745 60172
1.375 61632
1.375 60172
1.37548 61632
1.37548 60172
1.37598 61632
1.37598 60172
1.37647 61632
1.37647 60172
1.37696 61632
1.37696 60172
1.37745 61632
1.37745 60172
1.37794 61632
1.37794 60172
1.37843 61632
1.37843 60172
1.37892 61632
1.37892 60172
1.37941 61632
1.37941 60172
1.3799 61632
1.3799 60172
1.38039 61632
1.38039 60172
1.38088 61632
1.38088 60172
1.38137 61632
1.38137 60172
1.38186 61632
1.38186 60172
1.38235 61632
1.38235 60172
1.38284 61632
1.38284 60172
1.38332 61632
1.38332 60172
1.38381 61632
1.38381 60172
1.3843 61632
1.3843 60172
1.38479 61632
1.38479 60172
1.38528 61632
1.38528 60172
1.38577 61632
1.38577 60172
1.38626 61632
1.38626 60172
1.38675 61632
1.38675 60172
1.38724 61632
1.38724 60172
1.38773 61632
1.38773 60172
1.38822 61632
1.38822 60172
1.38871 61632
1.38871 60172
1.3892 61632
1.3892 60172
1.38969 61632
1.38969 60172
1.39018 61632
1.39018 60172
1.39067 61632
1.39067 60172
1.39116 61632
1.39116 60172
1.39165 61632
1.39165 60172
1.39214 61632
1.39214 60172
1.39263 61632
1.39263 60172
1.39312 61632
1.39312 60172
1.39361 61632
1.39361 60172
1.3941 61632
1.3941 60172
1.39457 61632
1.39457 60172
1.39508 61632
1.39508 60172
1.39555 61632
1.39555 60172
1.39605 61632
1.39605 60172
1.39654 61632
1.39654 60172
1.39703 61632
1.39703 60172
1.39752 61632
1.39752 60172
1.39801 61632
1.39801 60172
1.3985 61632
1.3985 60172
1.39899 61632
1.39899 60172
1.39948 61632
1.39948 60172
1.39997 61632
1.39997 60172
1.40046 61632
1.40046 60172
1.40095 61632
1.40095 60172
1.40144 61632
1.40144 60172
1.40193 61632
1.40193 60172
1.40242 61632
1.40242 60172
1.40291 61632
1.40291 60172
1.4034 61632
1.4034 60172
1.40389 61632
1.40389 60172
1.40438 61632
1.40438 60172
1.40487 61632
1.40487 60172
1.40536 61632
1.40536 60172
1.40585 61632
1.40585 60172
1.40634 61632
1.40634 60172
1.40683 61632
1.40683 60172
1.40732 61632
1.40732 60172
1.4078 61632
1.4078 60172
1.40829 61632
1.40829 60172
1.40878 61632
1.40878 60172
1.40927 61632
1.40927 60172
1.40976 61632
1.40976 60172
1.41025 61632
1.41025 60172
1.41074 61632
1.41074 60172
1.41123 61632
1.41123 60172
1.41172 61632
1.41172 60172
1.41221 61632
1.41221 60172
1.4127 61632
1.4127 60172
1.41319 61632
1.41319 60172
1.41368 61632
1.41368 60172
1.41417 61632
1.41417 60172
1.41465 61632
1.41465 60172
1.41515 61632
1.41515 60172
1.41563 61632
1.41563 60172
1.41613 61632
1.41613 60172
1.41662 61632
1.41662 60172
1.41711 61632
1.41711 60172
1.4176 61632
1.4176 60172
1.41809 61632
1.41809 60172
1.41858 61632
1.41858 60172
1.41907 61632
1.41907 60172
1.41956 61632
1.41956 60172
1.42004 61632
1.42004 60172
1.42053 61632
1.42053 60172
1.42102 61632
1.42102 60172
1.42151 61632
1.42151 60172
1.422 61632
1.422 60172
1.42249 61632
1.42249 60172
1.42298 61632
1.42298 60172
1.42347 61632
1.42347 60172
1.42396 61632
1.42396 60172
1.42445 61632
1.42445 60172
1.42494 61632
1.42494 60172
1.42543 61632
1.42543 60172
1.42592 61632
1.42592 60172
1.42641 61632
1.42641 60172
1.4269 61632
1.4269 60172
1.42739 61632
1.42739 60172
1.42788 61632
1.42788 60172
1.42837 61632
1.42837 60172
1.42886 61632
1.42886 60172
1.42935 61632
1.42935 60172
1.42984 61632
1.42984 60172
1.43033 61632
1.43033 60172
1.43082 61632
1.43082 60172
1.43131 61632
1.43131 60172
1.4318 61632
1.4318 60172
1.43228 61632
1.43228 60172
1.43277 61632
1.43277 60172
1.43326 61632
1.43326 60172
1.43375 61632
1.43375 60172
1.43424 61632
1.43424 60172
1.43472 61632
1.43472 60172
1.43522 61632
1.43522 60172
1.4357 61632
1.4357 60172
1.4362 61632
1.4362 60172
1.43669 61632
1.43669 60172
1.43718 61632
1.43718 60172
1.43767 61632
1.43767 60172
1.43816 61632
1.43816 60172
1.43865 61632
1.43865 60172
1.43914 61632
1.43914 60172
1.43963 61632
1.43963 60172
1.44012 61632
1.44012 60172
1.44061 61632
1.44061 60172
1.4411 61632
1.4411 60172
1.44159 61632
1.44159 60172
1.44208 61632
1.44208 60172
1.44257 61632
1.44257 60172
1.44306 61632
1.44306 60172
1.44355 61632
1.44355 60172
1.44404 61632
1.44404 60172
1.44452 61632
1.44452 60172
1.44501 61632
1.44501 60172
1.4455 61632
1.4455 60172
1.44599 61632
1.44599 60172
1.44648 61632
1.44648 60172
1.44697 61632
1.44697 60172
1.44746 61632
1.44746 60172
1.44795 61632
1.44795 60172
1.44844 61632
1.44844 60172
1.44893 61632
1.44893 60172
1.44942 61632
1.44942 60172
1.44991 61632
1.44991 60172
1.4504 61632
1.4504 60172
1.45089 61632
1.45089 60172
1.45138 61632
1.45138 60172
1.45187 61632
1.45187 60172
1.45236 61632
1.45236 60172
1.45285 61632
1.45285 60172
1.45334 61632
1.45334 60172
1.45383 61632
1.45383 60172
1.45432 61632
1.45432 60172
1.45479 61632
1.45479 60172
1.4553 61632
1.4553 60172
1.45577 61632
1.45577 60172
1.45628 61632
1.45628 60172
1.45676 61632
1.45676 60172
1.45725 61632
1.45725 60172
1.45774 61632
1.45774 60172
1.45823 61632
1.45823 60172
1.45872 61632
1.45872 60172
1.45921 61632
1.45921 60172
1.4597 61632
1.4597 60172
1.46019 61632
1.46019 60172
1.46068 61632
1.46068 60172
1.46117 61632
1.46117 60172
1.46166 61632
1.46166 60172
1.46215 61632
1.46215 60172
1.46264 61632
1.46264 60172
1.46313 61632
1.46313 60172
1.46362 61632
1.46362 60172
1.46411 61632
1.46411 60172
1.4646 61632
1.4646 60172
1.46509 61632
1.46509 60172
1.46558 61632
1.46558 60172
1.46607 61632
1.46607 60172
1.46656 61632
1.46656 60172
1.46705 61632
1.46705 60172
1.46754 61632
1.46754 60172
1.46803 61632
1.46803 60172
1.46852 61632
1.46852 60172
1.469 61632
1.469 60172
1.46949 61632
1.46949 60172
1.46998 61632
1.46998 60172
1.47047 61632
1.47047 60172
1.47096 61632
1.47096 60172
1.47145 61632
1.47145 60172
1.47194 61632
1.47194 60172
1.47243 61632
1.47243 60172
1.47292 61632
1.47292 60172
1.47341 61632
1.47341 60172
1.4739 61632
1.4739 60172
1.47439 61632
1.47439 60172
1.47487 61632
1.47487 60172
1.47537 61632
1.47537 60172
1.47585 61632
1.47585 60172
1.47635 61632
1.47635 60172
1.47684 61632
1.47684 60172
1.47733 61632
1.47733 60172
1.47782 61632
1.47782 60172
1.47831 61632
1.47831 60172
1.4788 61632
1.4788 60172
1.47929 61632
1.47929 60172
1.47978 61632
1.47978 60172
1.48027 61632
1.48027 60172
1.48076 61632
1.48076 60172
1.48124 61632
1.48124 60172
1.48173 61632
1.48173 60172
1.48222 61632
1.48222 60172
1.48271 61632
1.48271 60172
1.4832 61632
1.4832 60172
1.48369 61632
1.48369 60172
1.48418 61632
1.48418 60172
1.48467 61632
1.48467 60172
1.48516 61632
1.48516 60172
1.48565 61632
1.48565 60172
1.48614 61632
1.48614 60172
1.48663 61632
1.48663 60172
1.48712 61632
1.48712 60172
1.4876 61632
1.4876 60172
1.4881 61632
1.4881 60172
1.48858 61632
1.48858 60172
1.48908 61632
1.48908 60172
1.48957 61632
1.48957 60172
1.49006 61632
1.49006 60172
1.49055 61632
1.49055 60172
1.49104 61632
1.49104 60172
1.49153 61632
1.49153 60172
1.49202 61632
1.49202 60172
1.49251 61632
1.49251 60172
1.493 61632
1.493 60172
1.49348 61632
1.49348 60172
1.49397 61632
1.49397 60172
1.49446 61632
1.49446 60172
1.49494 61632
1.49494 60172
1.49544 61632
1.49544 60172
1.49592 61632
1.49592 60172
1.49642 61632
1.49642 60172
1.49691 61632
1.49691 60172
1.4974 61632
1.4974 60172
1.49789 61632
1.49789 60172
1.49838 61632
1.49838 60172
1.49887 61632
1.49887 60172
1.49936 61632
1.49936 60172
1.49985 61632
1.49985 60172
1.50017 17116
1.50019 18576
1.50019 17616
1.50022 19076
1.50022 17616
1.50024 19076
1.50024 17616
1.50027 19076
1.50027 17616
1.50029 19076
1.50029 17616
1.50031 19076
1.50031 17116
1.50034 18576
1.50034 16116
1.50036 17576
1.50036 15116
1.50039 16576
1.50039 14116
1.50041 15576
1.50041 13116
1.50044 14576
1.50044 12116
1.50046 13576
1.50046 11116
1.50049 12576
1.50049 10616
1.50051 12076
1.50054 13536
1.50056 14996
1.50058 16456
1.50061 17916
1.50062 19376
1.50065 20836
1.50068 22296
1.50071 23756
1.50088 25216
1.50154 26676
1.50219 28136
1.50282 29596
1.50342 31056
1.504 32516
1.50455 33976
1.50508 35436
1.50559 36896
1.50609 38356
1.50658 39816
1.50703 41276
1.50752 42736
1.50805 44196
1.50848 45656
1.50899 47116
1.50952 48576
1.50996 50036
1.51028 10616
1.5103 12076
1.5103 10616
1.51032 12076
1.51032 10616
1.51034 12076
1.51034 10616
1.51035 12076
1.51035 10616
1.51036 12076
1.51036 10616
1.51037 12076
1.51037 10616
1.5104 12076
1.5104 10616
1.51046 12076
1.51048 13536
1.5105 14996
1.51051 16456
1.51053 17916
1.51056 19376
1.51058 20836
1.51061 22296
1.51062 23756
1.51081 25216
1.51153 26676
1.51221 28136
1.51283 29596
1.51343 31056
1.51401 32516
1.51456 33976
1.5151 35436
1.51557 36896
1.51602 38356
1.51656 39816
1.51704 41276
1.51754 42736
1.51797 44196
1.5185 45656
1.51902 47116
1.51944 48576
1.51997 50036
1.52026 10616
1.52027 12076
1.52027 10616
1.52028 12076
1.52028 10616
1.5203 12076
1.5203 10616
1.52033 12076
1.52033 10616
1.52041 12076
1.52041 10616
1.52047 12076
1.52048 13536
1.52053 14996
1.52055 16456
1.52059 17916
1.52061 19376
1.52063 20836
1.52065 22296
1.52069 23756
1.5208 25216
1.52145 26676
1.52213 28136
1.52274 29596
1.52334 31056
1.52392 32516
1.52447 33976
1.52502 35436
1.52551 36896
1.52602 38356
1.52639 39816
1.52694 41276
1.52746 42736
1.52797 44196
1.52836 45656
1.52891 47116
1.52943 48576
1.52983 50036
1.53033 10616
1.53036 12076
1.53036 10616
1.53038 12076
1.53038 10616
1.53042 12076
1.53042 10616
1.53044 12076
1.53044 10616
1.53047 12076
1.53047 10616
1.53049 12076
1.53049 10616
1.53052 12076
1.53055 13536
1.53057 14996
1.53059 16456
1.5306 17916
1.53061 19376
1.53063 20836
1.53064 22296
1.53066 23756
1.53068 25216
1.53129 26676
1.53191 28136
1.53251 29596
1.5331 31056
1.53368 32516
1.53424 33976
1.5348 35436
1.53534 36896
1.53584 38356
1.53634 39816
1.53666 41276
1.53722 42736
1.53776 44196
1.53806 45656
1.53863 47116
1.53921 48576
1.53951 50036
1.54011 51496
1.54042 10616
1.54057 12076
1.54057 10616
1.54065 12076
1.5407 13536
1.54074 14996
1.54075 16456
1.54077 17916
1.54079 19376
1.5408 20836
1.54081 22296
1.54083 23756
1.54086 25216
1.54115 26676
1.54179 28136
1.54269 29596
1.54328 31056
1.54386 32516
1.54443 33976
1.54473 35436
1.54525 36896
1.54576 38356
1.5463 39816
1.54685 41276
1.54716 42736
1.54769 44196
1.54826 45656
1.54859 47116
1.54913 48576
1.54974 50036
1.55002 51496
1.5502 10616
1.55042 12076
1.55048 13536
1.55051 14996
1.55053 16456
1.55054 17916
1.55055 19376
1.55056 20836
1.55057 22296
1.55059 23756
1.55077 25216
1.5514 26676
1.55202 28136
1.55264 29596
1.55323 31056
1.55381 32516
1.55437 33976
1.55491 35436
1.55544 36896
1.55598 38356
1.55631 39816
1.55681 41276
1.55737 42736
1.55794 44196
1.55823 45656
1.55881 47116
1.55941 48576
1.55969 50036
1.56024 10616
1.56027 12076
1.56027 10616
1.56028 12076
1.56028 10616
1.56029 12076
1.56029 10616
1.5603 12076
1.5603 10616
1.56032 12076
1.56032 10616
1.56033 12076
1.56033 10616
1.56034 12076
1.56034 10616
1.56036 12076
1.56036 10616
1.56038 12076
1.56038 10616
1.56039 12076
1.56039 10616
1.5604 12076
1.5604 10616
1.56041 12076
1.56041 10616
1.56044 12076
1.56045 13536
1.56046 14996
1.56047 16456
1.56049 17916
1.5605 19376
1.56052 20836
1.56055 22296
1.56057 23756
1.56068 25216
1.56159 26676
1.56222 28136
1.56283 29596
1.56343 31056
1.56402 32516
1.5646 33976
1.56517 35436
1.56565 36896
1.56597 38356
1.56652 39816
1.56709 41276
1.56768 42736
1.56793 44196
1.56853 45656
1.56915 47116
1.56941 48576
1.57003 50036
1.57036 10616
1.57053 12076
1.57059 13536
1.57068 14996
1.57072 16456
1.57073 17916
1.57074 19376
1.57075 20836
1.57076 22296
1.57078 23756
1.5708 25216
1.57106 26676
1.57169 28136
1.57261 29596
1.5732 31056
1.57378 32516
1.57434 33976
1.57461 35436
1.57515 36896
1.57568 38356
1.57622 39816
1.57677 41276
1.57704 42736
1.5776 44196
1.57818 45656
1.57846 47116
1.57905 48576
1.57966 50036
1.57993 51496
1.58031 10616
1.58039 12076
1.58043 13536
1.58044 14996
1.58046 16456
1.58047 17916
1.58048 19376
1.58049 20836
1.58052 22296
1.58053 23756
1.58068 25216
1.58133 26676
1.58194 28136
1.58254 29596
1.58315 31056
1.58373 32516
1.58428 33976
1.58483 35436
1.58537 36896
1.58589 38356
1.58618 39816
1.58672 41276
1.58728 42736
1.58783 44196
1.58813 45656
1.58872 47116
1.5893 48576
1.5896 50036
1.59022 51496
1.59023 10616
1.59025 12076
1.59025 10616
1.59026 12076
1.59026 10616
1.59027 12076
1.59027 10616
1.59029 12076
1.59029 10616
1.59031 12076
1.59031 10616
1.59032 12076
1.59032 10616
1.59033 12076
1.59033 10616
1.59034 12076
1.59034 10616
1.59036 12076
1.59036 10616
1.59037 12076
1.59037 10616
1.59038 12076
1.59038 10616
1.59039 12076
1.59039 10616
1.5904 12076
1.5904 10616
1.59042 12076
1.59042 10616
1.59044 12076
1.59045 13536
1.59047 14996
1.59048 16456
1.59049 17916
1.5905 19376
1.59051 20836
1.59054 22296
1.59078 23756
1.59155 25216
1.5922 26676
1.59284 28136
1.59345 29596
1.59405 31056
1.59464 32516
1.59522 33976
1.59579 35436
1.59633 36896
1.59688 38356
1.59716 39816
1.59775 41276
1.59835 42736
1.59892 44196
1.59922 45656
1.59985 47116
1.60047 48576
1.60064 10616
1.60065 12076
1.60065 10616
1.60066 12076
1.60066 11116
1.60067 12576
1.60067 11116
1.60069 12576
1.60069 11116
1.6007 12576
1.6007 10616
1.60071 12076
1.60071 11116
1.60072 12576
1.60072 11116
1.60073 12576
1.60073 11116
1.60075 12576
1.60075 11116
1.60076 12576
1.60076 10616
1.60077 12076
1.60077 11116
1.60078 12576
1.60078 11116
1.60081 12576
1.60081 10616
1.60082 12076
1.60082 10616
1.60083 12076
1.60084 13536
1.60086 14996
1.60091 16456
1.60097 17916
1.60106 19376
1.60121 20836
1.60129 22296
1.60131 23756
1.60164 25216
1.60247 26676
1.60312 28136
1.60374 29596
1.60435 31056
1.60494 32516
1.60551 33976
1.60602 35436
1.60651 36896
1.60692 38356
1.60747 39816
1.60804 41276
1.60854 42736
1.60891 44196
1.60951 45656
1.61005 47116
1.61042 48576
1.61086 10616
1.61087 12076
1.61087 10616
1.61089 12076
1.61089 10616
1.61094 12076
1.61094 10616
1.61098 12076
1.61098 10616
1.611 12076
1.611 10616
1.61103 12076
1.61104 13536
1.61105 14996
1.61106 16456
1.61108 17916
1.61109 19376
1.61111 20836
1.61113 22296
1.61114 23756
1.61126 25216
1.61194 26676
1.61266 28136
1.61329 29596
1.61389 31056
1.61447 32516
1.61502 33976
1.61555 35436
1.61598 36896
1.61653 38356
1.61707 39816
1.61749 41276
1.6179 42736
1.61848 44196
1.61894 45656
1.61942 47116
1.61994 48576
1.62039 50036
1.62083 51496
1.62084 10616
1.62085 12076
1.62085 10616
1.62088 12076
1.62088 10616
1.62098 12076
1.62098 10616
1.621 12076
1.621 10616
1.62103 12076
1.62103 10616
1.62104 12076
1.62106 13536
1.62112 14996
1.62114 16456
1.62116 17916
1.62117 19376
1.6212 20836
1.62121 22296
1.62123 23756
1.62166 25216
1.62263 26676
1.62326 28136
1.62388 29596
1.62448 31056
1.62507 32516
1.62565 33976
1.62621 35436
1.62675 36896
1.62702 38356
1.62757 39816
1.62814 41276
1.62872 42736
1.62898 44196
1.62958 45656
1.63019 47116
1.63045 48576
1.63109 50036
1.63148 10616
1.63166 12076
1.63173 13536
1.63175 14996
1.63176 16456
1.63177 17916
1.63178 19376
1.6318 20836
1.63181 22296
1.63182 23756
1.63185 25216
1.63211 26676
1.63274 28136
1.63366 29596
1.63425 31056
1.63483 32516
1.6354 33976
1.63567 35436
1.63621 36896
1.63674 38356
1.63726 39816
1.63783 41276
1.63811 42736
1.63866 44196
1.63924 45656
1.63953 47116
1.6401 48576
1.64072 50036
1.64099 51496
1.64162 52956
1.6419 54416
1.64231 55876
1.64266 57336
1.643 58796
1.6434 60256
1.64371 61716
1.64411 63176
1.64444 64636
1.64479 66096
1.64517 67556
1.64545 69016
1.64565 10616
1.64567 12076
1.64567 10616
1.64569 12076
1.64569 10616
1.64572 12076
1.64572 10616
1.64577 12076
1.64577 10616
1.6458 12076
1.6458 10616
1.64581 12076
1.64581 10616
1.64582 12076
1.64583 13536
1.64584 14996
1.64586 16456
1.64587 17916
1.64589 19376
1.64592 20836
1.64593 22296
1.64594 23756
1.64611 25216
1.64673 26676
1.64734 28136
1.64796 29596
1.64855 31056
1.64913 32516
1.64969 33976
1.65023 35436
1.65077 36896
1.65123 38356
1.65161 39816
1.65212 41276
1.65265 42736
1.65313 44196
1.65352 45656
1.65407 47116
1.65456 48576
1.65495 50036
1.65554 51496
1.65573 10616
1.65575 12076
1.65575 10616
1.65577 12076
1.65577 10616
1.65578 12076
1.65578 10616
1.6558 12076
1.6558 10616
1.65582 12076
1.65582 10616
1.65584 12076
1.65584 10616
1.65587 12076
1.65587 10616
1.65591 12076
1.65591 10616
1.65593 12076
1.65595 13536
1.656 14996
1.65605 16456
1.65613 17916
1.65615 19376
1.65617 20836
1.6562 22296
1.65622 23756
1.65641 25216
1.65705 26676
1.65769 28136
1.6583 29596
1.65889 31056
1.65947 32516
1.66003 33976
1.66058 35436
1.6611 36896
1.66166 38356
1.66212 39816
1.66252 41276
1.66305 42736
1.66363 44196
1.66396 45656
1.66452 47116
1.66511 48576
1.66544 50036
1.66572 10616
1.66582 12076
1.66582 10616
1.66585 12076
1.66585 10616
1.66587 12076
1.66587 10616
1.66588 12076
1.66588 10616
1.6659 12076
1.66593 13536
1.66594 14996
1.66595 16456
1.66596 17916
1.66598 19376
1.66599 20836
1.666 22296
1.66601 23756
1.66625 25216
1.66688 26676
1.66752 28136
1.66814 29596
1.66874 31056
1.66932 32516
1.66987 33976
1.67041 35436
1.67093 36896
1.67146 38356
1.67201 39816
1.67233 41276
1.67284 42736
1.67342 44196
1.67397 45656
1.67428 47116
1.67487 48576
1.67521 50036
1.6757 10616
1.67572 12076
1.67572 10616
1.67573 12076
1.67573 10616
1.67574 12076
1.67574 10616
1.67577 12076
1.67577 10616
1.67578 12076
1.67578 10616
1.67579 12076
1.67579 10616
1.6758 12076
1.6758 10616
1.67583 12076
1.67583 10616
1.67584 12076
1.67584 10616
1.67586 12076
1.67586 10616
1.67588 12076
1.67588 10616
1.6759 12076
1.67591 13536
1.67594 14996
1.67595 16456
1.67597 17916
1.67599 19376
1.67601 20836
1.67603 22296
1.67613 23756
1.6764 25216
1.67704 26676
1.67768 28136
1.67831 29596
1.67891 31056
1.67949 32516
1.68004 33976
1.68058 35436
1.6811 36896
1.68165 38356
1.68199 39816
1.68254 41276
1.68305 42736
1.68363 44196
1.68399 45656
1.68453 47116
1.68511 48576
1.68548 50036
1.68575 10616
1.68584 12076
1.68584 10616
1.68588 12076
1.68588 10616
1.68591 12076
1.68592 13536
1.68593 14996
1.68595 16456
1.68596 17916
1.68597 19376
1.68599 20836
1.68601 22296
1.68603 23756
1.68624 25216
1.68692 26676
1.68753 28136
1.68814 29596
1.68875 31056
1.68934 32516
1.68992 33976
1.69047 35436
1.69102 36896
1.69147 38356
1.69192 39816
1.69237 41276
1.69292 42736
1.6934 44196
1.69379 45656
1.69437 47116
1.69486 48576
1.69526 50036
1.69586 51496
1.69596 10616
1.69597 12076
1.69597 10616
1.69598 12076
1.69598 10616
1.69599 12076
1.69599 10616
1.69601 12076
1.69601 10616
1.69602 12076
1.69602 10616
1.69603 12076
1.69603 10616
1.69606 12076
1.69606 10616
1.69607 12076
1.69607 10616
1.69608 12076
1.69608 11116
1.69609 12576
1.69609 11116
1.6961 12576
1.6961 10616
1.69613 12076
1.69613 10616
1.69614 12076
1.69623 13536
1.69628 14996
1.69633 16456
1.69635 17916
1.69637 19376
1.6964 20836
1.69646 22296
1.69648 23756
1.69704 25216
1.69768 26676
1.69832 28136
1.69898 29596
1.69958 31056
1.70016 32516
1.70071 33976
1.70121 35436
1.70172 36896
1.70226 38356
1.70276 39816
1.70323 41276
1.70369 42736
1.70426 44196
1.70477 45656
1.70519 47116
1.70576 48576
1.70623 50036
1.70626 10616
1.70632 12076
1.70632 10616
1.70635 12076
1.70635 10616
1.7064 12076
1.7064 10616
1.70642 12076
1.70642 10616
1.70644 12076
1.70644 10616
1.70645 12076
1.70645 10616
1.70647 12076
1.70648 13536
1.7065 14996
1.70651 16456
1.70657 17916
1.70659 19376
1.70661 20836
1.70662 22296
1.70664 23756
1.70726 25216
1.70788 26676
1.70852 28136
1.70914 29596
1.70974 31056
1.71032 32516
1.71087 33976
1.71141 35436
1.71194 36896
1.71249 38356
1.7129 39816
1.71334 41276
1.7139 42736
1.71448 44196
1.71478 45656
1.71537 47116
1.71597 48576
1.71629 50036
1.71651 10616
1.71653 12076
1.71653 10616
1.71655 12076
1.71655 10616
1.71658 12076
1.71658 10616
1.71662 12076
1.71662 10616
1.71666 12076
1.71666 10616
1.71677 12076
1.71679 13536
1.71681 14996
1.71683 16456
1.71684 17916
1.71685 19376
1.71686 20836
1.71688 22296
1.71689 23756
1.71712 25216
1.71777 26676
1.71847 28136
1.71927 29596
1.71988 31056
1.72045 32516
1.72101 33976
1.72141 35436
1.72188 36896
1.72239 38356
1.72294 39816
1.72349 41276
1.72384 42736
1.72436 44196
1.72495 45656
1.72537 47116
1.72584 48576
1.72647 50036
1.7267 10616
1.72671 12076
1.72671 10616
1.72675 12076
1.72675 10616
1.72676 12076
1.72676 10616
1.72679 12076
1.72679 10616
1.72681 12076
1.72681 10616
1.72684 12076
1.72684 10616
1.72687 12076
1.72687 10616
1.72695 12076
1.72697 13536
1.727 14996
1.72707 16456
1.72715 17916
1.72719 19376
1.72724 20836
1.72725 22296
1.72728 23756
1.72733 25216
1.72796 26676
1.72858 28136
1.72919 29596
1.72978 31056
1.73036 32516
1.73093 33976
1.73147 35436
1.73202 36896
1.73255 38356
1.73283 39816
1.73337 41276
1.73393 42736
1.73451 44196
1.73479 45656
1.73538 47116
1.73598 48576
1.73626 50036
1.73687 51496
1.73688 10616
1.7369 12076
1.7369 10616
1.73691 12076
1.73691 10616
1.73693 12076
1.73693 10616
1.73695 12076
1.73695 10616
1.73696 12076
1.73696 10616
1.73697 12076
1.73697 10616
1.73698 12076
1.73698 10616
1.73699 12076
1.73699 10616
1.73701 12076
1.73701 10616
1.73702 12076
1.73702 10616
1.73703 12076
1.73703 10616
1.73706 12076
1.73706 10616
1.73707 12076
1.73707 10616
1.73708 12076
1.73709 13536
1.7371 14996
1.73712 16456
1.73713 17916
1.73714 19376
1.73717 20836
1.73718 22296
1.73719 23756
1.73818 25216
1.73884 26676
1.73946 28136
1.74008 29596
1.74068 31056
1.74127 32516
1.74185 33976
1.74241 35436
1.74297 36896
1.74347 38356
1.74379 39816
1.74438 41276
1.74497 42736
1.7455 44196
1.74584 45656
1.74648 47116
1.74702 48576
1.7472 10616
1.74721 12076
1.74721 10616
1.74723 12076
1.74723 10616
1.74724 12076
1.74724 10616
1.74725 12076
1.74725 10616
1.74726 12076
1.74726 10616
1.74728 12076
1.74728 10616
1.74729 12076
1.74729 10616
1.7473 12076
1.7473 10616
1.74731 12076
1.74731 10616
1.74733 12076
1.74733 10616
1.74734 12076
1.74734 10616
1.74735 12076
1.74735 10616
1.74736 12076
1.74736 10616
1.74737 12076
1.74737 10616
1.74739 12076
1.74739 10616
1.7474 12076
1.74741 13536
1.74742 14996
1.74745 16456
1.74746 17916
1.74747 19376
1.74748 20836
1.7475 22296
1.74751 23756
1.74816 25216
1.74898 26676
1.74992 28136
1.7507 29596
1.75151 31056
1.75169 10616
1.75171 12076
1.75171 10616
1.75173 12076
1.75173 10616
1.75178 12076
1.75178 10616
1.75179 12076
1.75179 11116
1.75182 12576
1.75182 10616
1.75185 12076
1.75185 10616
1.75189 12076
1.75199 13536
1.75201 14996
1.75217 16456
1.75227 17916
1.75228 19376
1.75231 20836
1.75233 22296
1.75234 23756
1.75298 25216
1.75365 26676
1.75432 28136
1.75497 29596
1.75558 31056
1.75617 32516
1.75674 33976
1.75727 35436
1.75778 36896
1.75827 38356
1.75879 39816
1.75927 41276
1.75979 42736
1.7603 44196
1.76075 45656
1.76133 47116
1.76183 48576
1.76204 10616
1.76205 12076
1.76205 10616
1.76206 12076
1.76206 10616
1.76209 12076
1.76209 10616
1.76212 12076
1.76212 10616
1.76215 12076
1.76215 10616
1.76217 12076
1.76217 10616
1.76218 12076
1.76218 10616
1.76222 12076
1.76223 13536
1.76225 14996
1.76226 16456
1.76227 17916
1.76228 19376
1.76229 20836
1.76232 22296
1.76234 23756
1.76272 25216
1.76342 26676
1.76418 28136
1.7648 29596
1.7654 31056
1.76598 32516
1.76654 33976
1.76706 35436
1.7676 36896
1.76808 38356
1.76861 39816
1.76904 41276
1.76958 42736
1.77008 44196
1.77052 45656
1.77106 47116
1.77158 48576
1.77201 50036
1.77218 10616
1.77225 12076
1.77225 11116
1.77228 12576
1.77228 11116
1.77231 12576
1.77231 11116
1.77234 12576
1.77234 10616
1.77236 12076
1.77236 10616
1.77237 12076
1.77239 13536
1.77242 14996
1.77243 16456
1.77244 17916
1.77247 19376
1.7725 20836
1.77254 22296
1.77256 23756
1.77286 25216
1.77352 26676
1.77438 28136
1.775 29596
1.77559 31056
1.77617 32516
1.77673 33976
1.77727 35436
1.77764 36896
1.77814 38356
1.77866 39816
1.7792 41276
1.77959 42736
1.7801 44196
1.78064 45656
1.78119 47116
1.78157 48576
1.78215 50036
1.78239 10616
1.7824 12076
1.7824 10616
1.78242 12076
1.78242 10616
1.78243 12076
1.78243 10616
1.78245 12076
1.78245 10616
1.78248 12076
1.78248 10616
1.78254 12076
1.78254 10616
1.78255 12076
1.78255 10616
1.78258 12076
1.7826 13536
1.78276 14996
1.78278 16456
1.78283 17916
1.78286 19376
1.78288 20836
1.78291 22296
1.78292 23756
1.783 25216
1.78364 26676
1.78428 28136
1.78491 29596
1.78551 31056
1.78609 32516
1.78664 33976
1.78717 35436
1.7877 36896
1.78824 38356
1.78863 39816
1.78915 41276
1.78965 42736
1.79021 44196
1.7906 45656
1.79112 47116
1.79169 48576
1.79208 50036
1.79236 10616
1.79245 12076
1.79246 13536
1.79247 14996
1.79249 16456
1.7925 17916
1.79252 19376
1.79254 20836
1.79255 22296
1.79257 23756
1.79279 25216
1.79348 26676
1.79413 28136
1.79476 29596
1.79536 31056
1.79595 32516
1.79653 33976
1.79708 35436
1.79756 36896
1.79802 38356
1.79847 39816
1.799 41276
1.79952 42736
1.79994 44196
1.80041 45656
1.80097 47116
1.80139 48576
1.80186 50036
1.80239 51496
1.80257 10616
1.80258 12076
1.80258 10616
1.8026 12076
1.8026 10616
1.80262 12076
1.80262 10616
1.80263 12076
1.80263 11116
1.80265 12576
1.80265 11116
1.80266 12576
1.80266 10616
1.80267 12076
1.80267 11116
1.80269 12576
1.80269 11116
1.80271 12576
1.80271 11116
1.80273 12576
1.80273 11116
1.80274 12576
1.80274 10616
1.80276 12076
1.80276 10616
1.80278 12076
1.8028 13536
1.80282 14996
1.80285 16456
1.80287 17916
1.80289 19376
1.80298 20836
1.803 22296
1.80301 23756
1.8034 25216
1.80418 26676
1.8048 28136
1.8054 29596
1.806 31056
1.80658 32516
1.80713 33976
1.80769 35436
1.80823 36896
1.80878 38356
1.80913 39816
1.80961 41276
1.81017 42736
1.81077 44196
1.81109 45656
1.81165 47116
1.81227 48576
1.81255 50036
1.81277 10616
1.81283 12076
1.81283 10616
1.81289 12076
1.81289 10616
1.81295 12076
1.81301 13536
1.81306 14996
1.81309 16456
1.8131 17916
1.81311 19376
1.81312 20836
1.81314 22296
1.81315 23756
1.81334 25216
1.81398 26676
1.81463 28136
1.81526 29596
1.81586 31056
1.81644 32516
1.81699 33976
1.81752 35436
1.81803 36896
1.81855 38356
1.81909 39816
1.81947 41276
1.81996 42736
1.82051 44196
1.8209 45656
1.82143 47116
1.82198 48576
1.82237 50036
1.82281 10616
1.82283 12076
1.82283 10616
1.82284 12076
1.82284 10616
1.82285 12076
1.82285 10616
1.82286 12076
1.82286 10616
1.82288 12076
1.82288 10616
1.8229 12076
1.8229 10616
1.82295 12076
1.82295 10616
1.82297 12076
1.82297 10616
1.823 12076
1.82302 13536
1.82303 14996
1.82305 16456
1.82307 17916
1.82311 19376
1.82312 20836
1.82314 22296
1.82317 23756
1.82327 25216
1.8241 26676
1.82473 28136
1.82536 29596
1.82596 31056
1.82655 32516
1.82713 33976
1.82768 35436
1.82816 36896
1.82849 38356
1.82904 39816
1.8296 41276
1.83018 42736
1.83044 44196
1.83104 45656
1.83166 47116
1.83192 48576
1.83254 50036
1.83291 10616
1.83304 12076
1.83309 13536
1.83317 14996
1.83322 16456
1.83323 17916
1.83325 19376
1.83326 20836
1.83328 22296
1.83329 23756
1.83331 25216
1.83357 26676
1.8342 28136
1.83512 29596
1.83571 31056
1.83629 32516
1.83685 33976
1.83712 35436
1.83766 36896
1.83819 38356
1.83873 39816
1.83927 41276
1.83954 42736
1.8401 44196
1.84068 45656
1.84096 47116
1.84154 48576
1.84215 50036
1.84242 51496
1.84281 10616
1.84289 12076
1.84291 13536
1.84292 14996
1.84293 16456
1.84294 17916
1.84296 19376
1.84297 20836
1.84298 22296
1.843 23756
1.84315 25216
1.8438 26676
1.84442 28136
1.84503 29596
1.84563 31056
1.84621 32516
1.84677 33976
1.84732 35436
1.84786 36896
1.84835 38356
1.84876 39816
1.84922 41276
1.84975 42736
1.85027 44196
1.8506 45656
1.85117 47116
1.85172 48576
1.85206 50036
1.85265 51496
1.85288 10616
1.85291 12076
1.85291 10616
1.85292 12076
1.85292 10616
1.85293 12076
1.85293 10616
1.85295 12076
1.85295 10616
1.85303 12076
1.85303 10616
1.85307 12076
1.85309 13536
1.8531 14996
1.85324 16456
1.8533 17916
1.85331 19376
1.85333 20836
1.85335 22296
1.85336 23756
1.85347 25216
1.8541 26676
1.85472 28136
1.85534 29596
1.85593 31056
1.85651 32516
1.85708 33976
1.85764 35436
1.85818 36896
1.85868 38356
1.85901 39816
1.85957 41276
1.86014 42736
1.86063 44196
1.86101 45656
1.86159 47116
1.8621 48576
1.86251 50036
1.86288 10616
1.8629 12076
1.8629 10616
1.86293 12076
1.86299 13536
1.86305 14996
1.86307 16456
1.8631 17916
1.86311 19376
1.86314 20836
1.86315 22296
1.86316 23756
1.86328 25216
1.86392 26676
1.86454 28136
1.86515 29596
1.86574 31056
1.86632 32516
1.86688 33976
1.86743 35436
1.86797 36896
1.86849 38356
1.86876 39816
1.86931 41276
1.86988 42736
1.8704 44196
1.87072 45656
1.87132 47116
1.87184 48576
1.87219 50036
1.8728 10616
1.87281 12076
1.87281 10616
1.87283 12076
1.87283 10616
1.87284 12076
1.87284 10616
1.87285 12076
1.87285 10616
1.87288 12076
1.87288 10616
1.87289 12076
1.87289 10616
1.8729 12076
1.8729 10616
1.87291 12076
1.87291 10616
1.87292 12076
1.87292 10616
1.87294 12076
1.87294 10616
1.87295 12076
1.87295 10616
1.87296 12076
1.87296 10616
1.87297 12076
1.87297 10616
1.87299 12076
1.873 13536
1.87301 14996
1.87302 16456
1.87305 17916
1.87306 19376
1.87307 20836
1.87308 22296
1.8731 23756
1.87311 25216
1.87376 26676
1.87462 28136
1.87527 29596
1.87587 31056
1.87646 32516
1.877 33976
1.87751 35436
1.87794 36896
1.87849 38356
1.87904 39816
1.87953 41276
1.87992 42736
1.88045 44196
1.88105 45656
1.88142 47116
1.88192 48576
1.88248 50036
1.88265 10616
1.88266 12076
1.88266 10616
1.88268 12076
1.88268 10616
1.88269 12076
1.88269 10616
1.8827 12076
1.8827 10616
1.88271 12076
1.88271 10616
1.88273 12076
1.88273 10616
1.88274 12076
1.88274 10616
1.88275 12076
1.88275 10616
1.88277 12076
1.88277 10616
1.88279 12076
1.88279 10616
1.8828 12076
1.8828 10616
1.88281 12076
1.88281 10616
1.88282 12076
1.88282 10616
1.88288 12076
1.88293 13536
1.88298 14996
1.88301 16456
1.88303 17916
1.88307 19376
1.88313 20836
1.88315 22296
1.8832 23756
1.88371 25216
1.8844 26676
1.88507 28136
1.8857 29596
1.88631 31056
1.8869 32516
1.88747 33976
1.88797 35436
1.88844 36896
1.88893 38356
1.88949 39816
1.89 41276
1.89046 42736
1.89095 44196
1.89148 45656
1.892 47116
1.89247 48576
1.89279 10616
1.89281 12076
1.89281 10616
1.89282 12076
1.89282 10616
1.89287 12076
1.89287 10616
1.89292 12076
1.89292 10616
1.89296 12076
1.89297 13536
1.89298 14996
1.89301 16456
1.89302 17916
1.89303 19376
1.89304 20836
1.89307 22296
1.89309 23756
1.8933 25216
1.89394 26676
1.89458 28136
1.89521 29596
1.89581 31056
1.8964 32516
1.89696 33976
1.89751 35436
1.89803 36896
1.89854 38356
1.89904 39816
1.89944 41276
1.89994 42736
1.90047 44196
1.90086 45656
1.90139 47116
1.90193 48576
1.90232 50036
1.90288 51496
1.90294 10616
1.90297 12076
1.90297 10616
1.90298 12076
1.90298 10616
1.903 12076
1.903 10616
1.90303 12076
1.90303 10616
1.90305 12076
1.90305 10616
1.90307 12076
1.90307 10616
1.90309 12076
1.90309 11116
1.9031 12576
1.9031 10616
1.90311 12076
1.90311 10616
1.90314 12076
1.90315 13536
1.90316 14996
1.90319 16456
1.90322 17916
1.9033 19376
1.90338 20836
1.90342 22296
1.90343 23756
1.90378 25216
1.90464 26676
1.9053 28136
1.90592 29596
1.90651 31056
1.90708 32516
1.90765 33976
1.9082 35436
1.9087 36896
1.90914 38356
1.90963 39816
1.91015 41276
1.91069 42736
1.91112 44196
1.91161 45656
1.91217 47116
1.91261 48576
1.91311 50036
1.9133 10616
1.91332 12076
1.91332 10616
1.91333 12076
1.91333 10616
1.91336 12076
1.91336 10616
1.91341 12076
1.91341 10616
1.91342 12076
1.91342 10616
1.91344 12076
1.91344 10616
1.91346 12076
1.91346 10616
1.91347 12076
1.91347 10616
1.91355 12076
1.91362 13536
1.91364 14996
1.91367 16456
1.91369 17916
1.91373 19376
1.91375 20836
1.91376 22296
1.91378 23756
1.91401 25216
1.91466 26676
1.91553 28136
1.91614 29596
1.91674 31056
1.91733 32516
1.91791 33976
1.91842 35436
1.91882 36896
1.91933 38356
1.91986 39816
1.92038 41276
1.92074 42736
1.92129 44196
1.92182 45656
1.92233 47116
1.92276 48576
1.92331 50036
1.92351 10616
1.92352 12076
1.92352 10616
1.92354 12076
1.92354 10616
1.92355 12076
1.92355 10616
1.92358 12076
1.92358 10616
1.92359 12076
1.92359 10616
1.9236 12076
1.9236 10616
1.92362 12076
1.92362 10616
1.92363 12076
1.92363 10616
1.92365 12076
1.92365 10616
1.92368 12076
1.92368 10616
1.92369 12076
1.9237 13536
1.92373 14996
1.9239 16456
1.92392 17916
1.92397 19376
1.924 20836
1.92403 22296
1.92406 23756
1.92425 25216
1.9249 26676
1.92579 28136
1.92641 29596
1.92701 31056
1.92759 32516
1.92814 33976
1.92868 35436
1.9291 36896
1.92959 38356
1.93008 39816
1.93064 41276
1.93106 42736
1.93157 44196
1.9321 45656
1.93264 47116
1.93306 48576
1.93362 50036
1.93373 10616
1.93375 12076
1.93375 10616
1.93376 12076
1.93376 10616
1.93379 12076
1.93379 10616
1.93386 12076
1.93386 10616
1.93388 12076
1.93388 10616
1.9339 12076
1.9339 10616
1.93391 12076
1.93391 10616
1.93396 12076
1.934 13536
1.93402 14996
1.93404 16456
1.93407 17916
1.93408 19376
1.93409 20836
1.93412 22296
1.93423 23756
1.93448 25216
1.93514 26676
1.93575 28136
1.93663 29596
1.93723 31056
1.93782 32516
1.93836 33976
1.93871 35436
1.93928 36896
1.93981 38356
1.94034 39816
1.94087 41276
1.9412 42736
1.94178 44196
1.94232 45656
1.94265 47116
1.94326 48576
1.94382 50036
1.94403 10616
1.94404 12076
1.94404 10616
1.94406 12076
1.94406 10616
1.94407 12076
1.94407 10616
1.94408 12076
1.94408 10616
1.94409 12076
1.94409 10616
1.94412 12076
1.94412 10616
1.94413 12076
1.94413 10616
1.94414 12076
1.94414 10616
1.94415 12076
1.94415 10616
1.94417 12076
1.94417 10616
1.94418 12076
1.94418 10616
1.94419 12076
1.94419 10616
1.9442 12076
1.9442 10616
1.94422 12076
1.94423 13536
1.94425 14996
1.94426 16456
1.94442 17916
1.94451 19376
1.94458 20836
1.94461 22296
1.94463 23756
1.94481 25216
1.94576 26676
1.94639 28136
1.947 29596
1.94761 31056
1.9482 32516
1.94878 33976
1.94934 35436
1.94988 36896
1.95021 38356
1.95072 39816
1.95131 41276
1.9519 42736
1.95223 44196
1.95278 45656
1.9534 47116
1.95375 48576
1.95409 10616
1.95414 12076
1.95414 10616
1.95416 12076
1.95416 10616
1.95418 12076
1.95419 13536
1.9542 14996
1.95421 16456
1.95422 17916
1.95424 19376
1.95426 20836
1.95427 22296
1.95429 23756
1.95452 25216
1.95518 26676
1.95581 28136
1.95642 29596
1.95703 31056
1.9576 32516
1.95816 33976
1.9587 35436
1.95923 36896
1.95974 38356
1.96029 39816
1.96061 41276
1.96114 42736
1.96169 44196
1.96223 45656
1.96258 47116
1.96314 48576
1.9635 50036
1.96398 10616
1.964 12076
1.964 10616
1.96401 12076
1.96401 10616
1.96403 12076
1.96403 10616
1.96405 12076
1.96405 10616
1.96406 12076
1.96406 10616
1.96407 12076
1.96407 10616
1.9641 12076
1.9641 10616
1.96411 12076
1.96411 10616
1.96414 12076
1.96414 10616
1.96415 12076
1.96415 10616
1.96417 12076
1.96418 13536
1.9642 14996
1.96422 16456
1.96423 17916
1.96426 19376
1.96427 20836
1.9643 22296
1.96432 23756
1.96467 25216
1.96531 26676
1.96594 28136
1.96656 29596
1.96716 31056
1.96775 32516
1.96833 33976
1.96888 35436
1.96943 36896
1.96996 38356
1.97024 39816
1.97081 41276
1.97137 42736
1.97193 44196
1.97223 45656
1.97283 47116
1.97341 48576
1.97371 50036
1.97423 10616
1.97425 12076
1.97425 10616
1.97426 12076
1.97426 10616
1.97428 12076
1.97428 10616
1.97429 12076
1.97429 10616
1.97431 12076
1.97431 10616
1.97432 12076
1.97432 10616
1.97433 12076
1.97433 10616
1.97434 12076
1.97434 10616
1.97436 12076
1.97436 10616
1.97437 12076
1.97437 10616
1.97439 12076
1.97439 10616
1.97442 12076
1.97443 13536
1.97444 14996
1.97445 16456
1.97447 17916
1.97448 19376
1.97449 20836
1.9745 22296
1.97452 23756
1.97461 25216
1.97533 26676
1.97611 28136
1.9768 29596
1.97741 31056
1.978 32516
1.97857 33976
1.97903 35436
1.97939 36896
1.97995 38356
1.98049 39816
1.98105 41276
1.98134 42736
1.98187 44196
1.98246 45656
1.98288 47116
1.98331 48576
1.98394 50036
1.98419 51496
1.98443 10616
1.98445 12076
1.98445 10616
1.98448 12076
1.98448 10616
1.98455 12076
1.98455 10616
1.98463 12076
1.9847 13536
1.98471 14996
1.98472 16456
1.98473 17916
1.98474 19376
1.98476 20836
1.98477 22296
1.98478 23756
1.98499 25216
1.98564 26676
1.98628 28136
1.98692 29596
1.98752 31056
1.9881 32516
1.98865 33976
1.98917 35436
1.98969 36896
1.99021 38356
1.99074 39816
1.99114 41276
1.99162 42736
1.99218 44196
1.99275 45656
1.99308 47116
1.99366 48576
1.99407 50036
1.99444 10616
1.99445 12076
1.99445 10616
1.99446 12076
1.99446 10616
1.99447 12076
1.99447 10616
1.99448 12076
1.99448 10616
1.9945 12076
1.9945 10616
1.99452 12076
1.99452 10616
1.99453 12076
1.99453 10616
1.99455 12076
1.99455 10616
1.99456 12076
1.99456 10616
1.99457 12076
1.99457 10616
1.9946 12076
1.99461 13536
1.99463 14996
1.99464 16456
1.99467 17916
1.99469 19376
1.99471 20836
1.99474 22296
1.99479 23756
1.99515 25216
1.9958 26676
1.99652 28136
1.99713 29596
1.99772 31056
1.9983 32516
1.99886 33976
1.99941 35436
1.99994 36896
2.00015 2920
2.00027 4380
2.00043 5840
2.00045 7300
2.00046 8760
2.00047 10220
2.00048 11680
2.00051 13140
2.00052 14600
2.00054 16060
2.00057 17520
2.00059 18980
2.00061 20440
2.00064 21900
2.00065 23360
2.00071 24820
2.00078 2920
2.00134 4380
2.00134 2920
2.00171 4380
2.00171 2920
2.00195 4380
2.00195 2920
2.00196 4380
2.00196 2920
2.00197 4380
2.00197 2920
2.00198 4380
2.00198 2920
2.002 4380
2.002 2920
2.00201 4380
2.00201 2920
2.00202 4380
2.00202 2920
2.00203 4380
2.00203 2920
2.00205 4380
2.00205 2920
2.00206 4380
2.00206 2920
2.00207 4380
2.00207 2920
2.00208 4380
2.00208 2920
2.00209 4380
2.00209 2920
2.00211 4380
2.00211 2920
2.00361 4380
2.00361 2920
2.00362 4380
2.00362 2920
2.00471 4380
2.00471 2920
2.00474 4380
2.00474 2920
2.00618 4380
2.00621 5840
2.00709 7300
2.00709 2920
2.00713 4380
2.00713 2920
2.00715 4380
2.00715 2920
2.00719 4380
2.00719 2920
2.00878 4380
2.00878 2920
2.00881 4380
2.00956 5840
2.00956 2920
2.0096 4380
2.0096 2920
2.00963 4380
2.00963 2920
2.01112 4380
2.01112 2920
2.01117 4380
2.01117 2920
2.01268 4380
2.01269 5840
2.01325 7300
2.01327 8760
2.01329 10220
2.01332 11680
2.01383 13140
2.01384 14600
2.01387 16060
2.01389 17520
2.01392 18980
2.01394 20440
2.01397 21900
2.01399 23360
2.01473 24820
2.01558 26280
2.01622 27740
2.01683 29200
2.01745 30660
2.01804 32120
2.0186 33580
2.01916 35040
2.01962 36500
2.02008 37960
2.02057 39420
2.02108 40880
2.02159 42340
2.02205 43800
2.02252 45260
2.02309 46720
2.02353 48180
2.02403 49640
2.02423 3536
2.02425 4996
2.02425 3536
2.02432 4996
2.02432 3536
2.02435 4996
2.02435 3536
2.02436 4996
2.02436 3536
2.02437 4996
2.02437 3536
2.02439 4996
2.02439 3536
2.0244 4996
2.0244 3536
2.0245 4996
2.02453 6456
2.02456 7916
2.02457 9376
2.02461 10836
2.02463 12296
2.02467 13756
2.0247 15216
2.02473 16676
2.02475 18136
2.02476 19596
2.02479 21056
2.0248 22516
2.02481 23976
2.02501 25436
2.02596 26896
2.02658 28356
2.02719 29816
2.02778 31276
2.02836 32736
2.02892 34196
2.02947 35656
2.03 37116
2.03036 38576
2.03085 40036
2.03141 41496
2.03197 42956
2.03233 44416
2.03286 45876
2.03344 47336
2.03381 48796
2.03437 50256
2.03461 3536
2.03463 4996
2.03463 3536
2.03464 4996
2.03464 3536
2.03465 4996
2.03465 3536
2.03468 4996
2.03468 3536
2.0347 4996
2.0347 3536
2.03474 4996
2.03474 3536
2.03491 4996
2.03497 6456
2.035 7916
2.03501 9376
2.03502 10836
2.03503 12296
2.03505 13756
2.03506 15216
2.03507 16676
2.0351 18136
2.03512 19596
2.03514 21056
2.03517 22516
2.03518 23976
2.03529 25436
2.03594 26896
2.03658 28356
2.03748 29816
2.03808 31276
2.03866 32736
2.03921 34196
2.03957 35656
2.04006 37116
2.04057 38576
2.04112 40036
2.04167 41496
2.042 42956
2.0425 44416
2.04308 45876
2.04345 47336
2.04396 48796
2.04456 50256
2.04489 51716
2.04523 3536
2.04532 4996
2.04533 6456
2.04534 7916
2.04535 9376
2.04536 10836
2.04538 12296
2.04539 13756
2.04541 15216
2.04543 16676
2.04544 18136
2.04546 19596
2.04547 21056
2.04549 22516
2.0455 23976
2.04571 25436
2.04638 26896
2.04706 28356
2.04771 29816
2.04831 31276
2.04889 32736
2.04946 34196
2.04997 35656
2.05047 37116
2.05093 38576
2.05142 40036
2.05194 41496
2.05237 42956
2.05283 44416
2.05333 45876
2.05381 47336
2.05425 48796
2.05478 50256
2.05523 51716
2.05549 3536
2.0555 4996
2.0555 3536
2.05552 4996
2.05552 3536
2.05555 4996
2.05555 3536
2.05556 4996
2.05556 3536
2.05558 4996
2.05558 3536
2.05561 4996
2.05561 3536
2.05562 4996
2.05562 3536
2.05565 4996
2.05565 3536
2.05567 4996
2.05568 6456
2.05569 7916
2.05571 9376
2.05572 10836
2.05573 12296
2.05576 13756
2.05577 15216
2.05582 16676
2.05584 18136
2.05585 19596
2.05588 21056
2.05591 22516
2.05595 23976
2.05623 25436
2.05708 26896
2.0577 28356
2.0583 29816
2.05889 31276
2.05947 32736
2.06003 34196
2.06059 35656
2.06113 37116
2.06159 38576
2.06203 40036
2.0625 41496
2.06305 42956
2.06355 44416
2.06392 45876
2.06449 47336
2.06502 48796
2.06539 50256
2.06583 3536
2.06584 4996
2.06584 3536
2.06585 4996
2.06585 3536
2.06587 4996
2.06587 3536
2.0659 4996
2.0659 3536
2.06599 4996
2.06599 3536
2.066 4996
2.06601 6456
2.06602 7916
2.06604 9376
2.06605 10836
2.06606 12296
2.06607 13756
2.0661 15216
2.06611 16676
2.06612 18136
2.06615 19596
2.06616 21056
2.06617 22516
2.06618 23976
2.06636 25436
2.06707 26896
2.06777 28356
2.06842 29816
2.06903 31276
2.06962 32736
2.07019 34196
2.07072 35656
2.07113 37116
2.07157 38576
2.07211 40036
2.07267 41496
2.07314 42956
2.07349 44416
2.07408 45876
2.07462 47336
2.07495 48796
2.07556 50256
2.07594 51716
2.07612 3536
2.07617 4996
2.07617 3536
2.0762 4996
2.0762 3536
2.07621 4996
2.07621 3536
2.07622 4996
2.07622 3536
2.07626 4996
2.07626 3536
2.07632 4996
2.07633 6456
2.07634 7916
2.07635 9376
2.07637 10836
2.07638 12296
2.07639 13756
2.0764 15216
2.07642 16676
2.07643 18136
2.07644 19596
2.07645 21056
2.07647 22516
2.07648 23976
2.07707 25436
2.07769 26896
2.07831 28356
2.07891 29816
2.0795 31276
2.08008 32736
2.08066 34196
2.08122 35656
2.08177 37116
2.08232 38576
2.08256 40036
2.08311 41496
2.08369 42956
2.08427 44416
2.08452 45876
2.08512 47336
2.08574 48796
2.08599 50256
2.08662 51716
2.08664 3536
2.08665 4996
2.08665 3536
2.08666 4996
2.08666 3536
2.08667 4996
2.08667 3536
2.08669 4996
2.08669 3536
2.0867 4996
2.0867 3536
2.08671 4996
2.08671 3536
2.08672 4996
2.08672 3536
2.08673 4996
2.08673 3536
2.08675 4996
2.08675 3536
2.08676 4996
2.08676 3536
2.08677 4996
2.08677 3536
2.0868 4996
2.0868 3536
2.08681 4996
2.08681 3536
2.08682 4996
2.08682 3536
2.08683 4996
2.08684 6456
2.08686 7916
2.08687 9376
2.08689 10836
2.08692 12296
2.08694 13756
2.08699 15216
2.08711 16676
2.0873 18136
2.08736 19596
2.08737 21056
2.08738 22516
2.0874 23976
2.08808 25436
2.08872 26896
2.08965 28356
2.09031 29816
2.09091 31276
2.0915 32736
2.09207 34196
2.09255 35656
2.09292 37116
2.09348 38576
2.09407 40036
2.09465 41496
2.09506 42956
2.09553 44416
2.09617 45876
2.09665 47336
2.09708 48796
2.09733 3704
2.09737 5164
2.09737 3704
2.09744 5164
2.09744 3536
2.09747 4996
2.09747 3536
2.09752 4996
2.09754 6456
2.09762 7916
2.09766 9376
2.09769 10836
2.09771 12296
2.09773 13756
2.09775 15216
2.09776 16676
2.09777 18136
2.09779 19596
2.0978 21056
2.09781 22516
2.09782 23976
2.09798 25436
2.09861 26896
2.09956 28356
2.10016 29816
2.10016 5372
2.10017 6832
2.10017 4204
2.10018 5664
2.10018 4204
2.1002 5664
2.10021 7124
2.10022 8584
2.10023 10044
2.10025 11504
2.10027 12964
2.10028 14424
2.10031 15884
2.10032 17344
2.10033 18804
2.10034 20264
2.10036 21724
2.10038 23184
2.10039 24644
2.10147 26104
2.10213 27564
2.10275 29024
2.10337 30484
2.10396 31944
2.10454 33404
2.10512 34864
2.10571 36324
2.10632 37784
2.10695 39244
2.10729 40704
2.1079 42164
2.10855 43624
2.10921 45084
2.10932 3536
2.10933 4996
2.10933 3536
2.10935 4996
2.10935 3536
2.10936 4996
2.10936 3536
2.10938 4996
2.10938 3704
2.1094 5164
2.1094 3704
2.10941 5164
2.10941 3536
2.10942 4996
2.10942 3704
2.10943 5164
2.10943 3704
2.10946 5164
2.10946 3704
2.10947 5164
2.10947 3536
2.10948 4996
2.10948 3704
2.10949 5164
2.10949 3536
2.10951 4996
2.10951 3536
2.10953 4996
2.10955 6456
2.10959 7916
2.10962 9376
2.10964 10836
2.10966 12296
2.10981 13756
2.1099 15216
2.10998 16676
2.11004 18136
2.11007 19596
2.11008 21056
2.11009 22516
2.11011 23976
2.11077 25436
2.11142 26896
2.11221 28356
2.11282 29816
2.11343 31276
2.114 32736
2.11456 34196
2.1151 35656
2.11561 37116
2.11618 38576
2.11675 40036
2.11711 41496
2.11763 42956
2.11823 44416
2.11871 45876
2.11916 47336
2.11977 48796
2.11982 3536
2.11984 4996
2.11984 3536
2.11985 4996
2.11985 3536
2.11986 4996
2.11986 3536
2.11987 4996
2.11987 3536
2.11988 4996
2.11988 3536
2.11991 4996
2.11991 3536
2.11993 4996
2.11993 3536
2.11996 4996
2.11996 3536
2.11998 4996
2.11998 3536
2.12002 4996
2.12004 6456
2.12006 7916
2.12008 9376
2.12009 10836
2.12012 12296
2.12013 13756
2.12015 15216
2.1202 16676
2.1203 18136
2.12033 19596
2.12042 21056
2.12048 22516
2.12052 23976
2.12115 25436
2.12179 26896
2.12241 28356
2.12304 29816
2.12364 31276
2.12423 32736
2.12481 34196
2.12537 35656
2.12592 37116
2.12646 38576
2.12693 40036
2.12733 41496
2.12788 42956
2.12846 44416
2.12878 45876
2.12937 47336
2.12997 48796
2.13029 50256
2.13057 3536
2.13061 4996
2.13061 3704
2.13068 5164
2.13073 6624
2.13075 8084
2.13077 9544
2.13078 11004
2.13079 12464
2.13081 13924
2.13083 15384
2.13084 16844
2.13085 18304
2.13086 19764
2.13088 21224
2.13089 22684
2.1309 24144
2.13115 25604
2.13182 27064
2.13271 28524
2.13332 29984
2.13391 31444
2.13449 32904
2.13506 34364
2.1356 35824
2.13593 37284
2.13643 38744
2.13695 40204
2.13749 41664
2.1379 43124
2.13834 44584
2.13891 46044
2.13946 47504
2.13977 48964
2.14036 50424
2.14072 51884
2.141 3536
2.14102 4996
2.14102 3536
2.14106 4996
2.14106 3536
2.14107 4996
2.14107 3536
2.14108 4996
2.14108 3536
2.1411 4996
2.14111 6456
2.14112 7916
2.14113 9376
2.14116 10836
2.14118 12296
2.14119 13756
2.14121 15216
2.14122 16676
2.14123 18136
2.14124 19596
2.14127 21056
2.14128 22516
2.14129 23976
2.14168 25436
2.14248 26896
2.14311 28356
2.14371 29816
2.1443 31276
2.14488 32736
2.14545 34196
2.146 35656
2.14654 37116
2.14697 38576
2.14735 40036
2.1479 41496
2.14848 42956
2.14893 44416
2.14932 45876
2.14993 47336
2.1504 48796
2.15081 50256
2.15118 3536
2.15121 4996
2.15121 3536
2.15123 4996
2.15123 3536
2.15125 4996
2.15125 3536
2.15128 4996
2.15128 3536
2.15139 4996
2.15144 6456
2.15145 7916
2.15146 9376
2.15148 10836
2.15149 12296
2.1515 13756
2.15151 15216
2.15152 16676
2.15154 18136
2.15155 19596
2.15156 21056
2.15157 22516
2.15159 23976
2.1517 25436
2.15232 26896
2.15294 28356
2.15356 29816
2.15417 31276
2.15474 32736
2.1553 34196
2.15583 35656
2.15637 37116
2.15691 38576
2.15746 40036
2.15773 41496
2.15827 42956
2.15884 44416
2.15939 45876
2.15969 47336
2.16029 48796
2.16058 50256
2.16115 51716
2.16136 3536
2.16137 4996
2.16137 3536
2.1614 4996
2.1614 3536
2.16147 4996
2.16147 3536
2.16168 4996
2.16173 6456
2.16178 7916
2.16179 9376
2.1618 10836
2.16182 12296
2.16183 13756
2.16184 15216
2.16185 16676
2.16186 18136
2.16188 19596
2.16189 21056
2.1619 22516
2.16191 23976
2.16202 25436
2.16266 26896
2.16328 28356
2.16388 29816
2.16448 31276
2.16506 32736
2.16561 34196
2.16617 35656
2.16671 37116
2.16723 38576
2.16777 40036
2.16807 41496
2.16862 42956
2.16919 44416
2.16949 45876
2.17005 47336
2.17066 48796
2.17096 50256
2.17143 3536
2.17144 4996
2.17144 3536
2.17146 4996
2.17146 3536
2.17147 4996
2.17147 3536
2.17149 4996
2.17149 3536
2.17151 4996
2.17151 3536
2.17152 4996
2.17152 3536
2.17153 4996
2.17153 3536
2.17154 4996
2.17154 3536
2.17156 4996
2.17156 3536
2.17157 4996
2.17157 3536
2.17158 4996
2.17158 3536
2.17159 4996
2.17159 3536
2.1716 4996
2.1716 3536
2.17163 4996
2.17165 6456
2.17168 7916
2.1717 9376
2.17171 10836
2.17173 12296
2.17174 13756
2.17175 15216
2.17176 16676
2.17179 18136
2.1718 19596
2.17181 21056
2.17182 22516
2.17185 23976
2.17239 25436
2.17302 26896
2.17363 28356
2.17423 29816
2.17482 31276
2.1754 32736
2.17597 34196
2.17652 35656
2.17706 37116
2.17761 38576
2.17816 40036
2.17843 41496
2.17901 42956
2.17961 44416
2.17996 45876
2.18048 47336
2.18111 48796
2.18138 50256
2.18165 3536
2.18179 4996
2.18184 6456
2.18185 7916
2.18186 9376
2.18189 10836
2.1819 12296
2.18191 13756
2.18192 15216
2.18193 16676
2.18195 18136
2.18196 19596
2.18197 21056
2.18198 22516
2.182 23976
2.18222 25436
2.18295 26896
2.18379 28356
2.18439 29816
2.18498 31276
2.18556 32736
2.18613 34196
2.18668 35656
2.18704 37116
2.18747 38576
2.18799 40036
2.18854 41496
2.18908 42956
2.18936 44416
2.18993 45876
2.19051 47336
2.19078 48796
2.19137 50256
2.19179 51716
2.19214 3536
2.19215 4996
2.19215 3536
2.19217 4996
2.19217 3536
2.19218 4996
2.19218 3536
2.19219 4996
2.19219 3536
2.1922 4996
2.1922 3536
2.19222 4996
2.19222 3536
2.19223 4996
2.19223 3536
2.19224 4996
2.19224 3536
2.19225 4996
2.19225 3536
2.19228 4996
2.19228 3536
2.19229 4996
2.19229 3536
2.1923 4996
2.1923 3536
2.19233 4996
2.19234 6456
2.19235 7916
2.19236 9376
2.19237 10836
2.1924 12296
2.19242 13756
2.19246 15216
2.19256 16676
2.1926 18136
2.19262 19596
2.19266 21056
2.1928 22516
2.19285 23976
2.19296 25436
2.19381 26896
2.19456 28356
2.19518 29816
2.19578 31276
2.19636 32736
2.19691 34196
2.19745 35656
2.19786 37116
2.1984 38576
2.19896 40036
2.19942 41496
2.19982 42956
2.20039 44416
2.20092 45876
2.20141 47336
2.20188 48796
2.2024 50256
2.20252 3536
2.20256 4996
2.20256 3536
2.20259 4996
2.20259 3704
2.20262 5164
2.20262 3536
2.20264 4996
2.20264 3704
2.20266 5164
2.20266 3536
2.20267 4996
2.20267 3536
2.20268 4996
2.20268 3536
2.20269 4996
2.20271 6456
2.20272 7916
2.20274 9376
2.20275 10836
2.20277 12296
2.20278 13756
2.20279 15216
2.20282 16676
2.20284 18136
2.20285 19596
2.20288 21056
2.203 22516
2.20302 23976
2.20365 25436
2.20431 26896
2.20497 28356
2.2056 29816
2.20621 31276
2.2068 32736
2.20738 34196
2.20792 35656
2.20845 37116
2.20889 38576
2.20934 40036
2.20988 41496
2.2104 42956
2.21086 44416
2.21132 45876
2.21188 47336
2.21234 48796
2.21234 3536
2.21236 4996
2.21236 3536
2.21239 4996
2.21239 3536
2.21241 4996
2.21241 3536
2.21247 4996
2.21247 3704
2.21253 5164
2.21256 6624
2.21258 8084
2.21261 9544
2.21262 11004
2.21264 12464
2.21266 13924
2.21268 15384
2.21269 16844
2.2127 18304
2.21274 19764
2.21277 21224
2.21279 22684
2.21281 24144
2.21345 25604
2.2141 27064
2.21478 28524
2.21542 29984
2.21602 31444
2.2166 32904
2.21715 34364
2.21767 35824
2.21815 37284
2.21868 38744
2.21923 40204
2.21964 41664
2.22008 43124
2.22063 44584
2.22117 46044
2.22158 47504
2.2221 48964
2.22257 50424
2.22286 10616
2.22287 12076
2.22287 10616
2.22289 12076
2.22289 10616
2.2229 12076
2.2229 10616
2.22291 12076
2.22291 10616
2.22293 12076
2.22293 10616
2.22295 12076
2.22295 10616
2.22296 12076
2.22296 10616
2.22297 12076
2.22297 10616
2.22298 12076
2.22298 10616
2.22301 12076
2.22301 10616
2.22302 12076
2.22302 10616
2.22304 12076
2.22309 13536
2.22314 14996
2.22317 16456
2.22318 17916
2.2232 19376
2.22324 20836
2.22328 22296
2.22331 23756
2.22364 25216
2.22428 26676
2.22505 28136
2.22565 29596
2.22624 31056
2.22682 32516
2.22738 33976
2.22794 35436
2.22848 36896
2.22903 38356
2.22931 39816
2.22986 41276
2.23044 42736
2.23104 44196
2.23129 45656
2.23191 47116
2.23254 48576
2.2328 50036
2.23302 10616
2.23311 12076
2.23311 10616
2.23322 12076
2.23331 13536
2.23335 14996
2.23336 16456
2.23338 17916
2.23339 19376
2.2334 20836
2.23341 22296
2.23342 23756
2.23358 25216
2.23421 26676
2.23485 28136
2.23545 29596
2.23604 31056
2.23662 32516
2.23719 33976
2.23774 35436
2.23826 36896
2.23879 38356
2.2391 39816
2.23965 41276
2.2402 42736
2.24077 44196
2.24107 45656
2.24166 47116
2.24225 48576
2.24255 50036
2.24309 10616
2.2431 12076
2.2431 10616
2.24313 12076
2.24313 10616
2.24314 12076
2.24314 10616
2.24315 12076
2.24315 10616
2.24316 12076
2.24316 10616
2.24319 12076
2.24319 10616
2.24321 12076
2.24321 10616
2.24323 12076
2.24323 10616
2.24324 12076
2.24324 10616
2.24325 12076
2.24325 10616
2.24326 12076
2.24326 10616
2.24327 12076
2.2433 13536
2.24331 14996
2.24334 16456
2.24335 17916
2.24336 19376
2.24337 20836
2.24338 22296
2.2434 23756
2.24347 25216
2.24442 26676
2.24504 28136
2.24566 29596
2.24626 31056
2.24685 32516
2.24743 33976
2.24799 35436
2.24853 36896
2.2488 38356
2.24937 39816
2.24994 41276
2.25054 42736
2.25079 44196
2.2514 45656
2.25202 47116
2.25229 48576
2.25289 10616
2.2529 12076
2.2529 10616
2.25292 12076
2.25292 10616
2.25293 12076
2.25293 10616
2.25294 12076
2.25294 10616
2.25295 12076
2.25295 10616
2.25297 12076
2.25297 10616
2.25298 12076
2.25298 10616
2.25299 12076
2.25299 10616
2.253 12076
2.253 10616
2.25301 12076
2.25301 10616
2.25303 12076
2.25303 10616
2.25305 12076
2.25305 10616
2.25306 12076
2.25306 10616
2.25309 12076
2.2531 13536
2.25311 14996
2.25312 16456
2.25315 17916
2.25316 19376
2.25327 20836
2.25347 22296
2.25354 23756
2.25361 25216
2.25428 26676
2.2549 28136
2.25552 29596
2.25612 31056
2.25671 32516
2.25729 33976
2.25786 35436
2.25841 36896
2.25896 38356
2.25929 39816
2.25977 41276
2.26036 42736
2.26094 44196
2.26121 45656
2.26182 47116
2.26244 48576
2.26272 50036
2.26295 10616
2.26302 12076
2.26302 10616
2.26307 12076
2.26307 10616
2.26316 12076
2.26323 13536
2.26326 14996
2.26328 16456
2.26331 17916
2.26332 19376
2.26333 20836
2.26334 22296
2.26335 23756
2.2635 25216
2.26415 26676
2.26477 28136
2.26538 29596
2.26597 31056
2.26655 32516
2.26712 33976
2.26766 35436
2.2682 36896
2.26871 38356
2.26926 39816
2.26957 41276
2.27012 42736
2.27067 44196
2.27099 45656
2.27158 47116
2.27214 48576
2.27246 50036
2.27297 10616
2.273 12076
2.273 10616
2.27301 12076
2.27301 10616
2.27303 12076
2.27303 10616
2.27306 12076
2.27306 10616
2.27307 12076
2.27307 10616
2.27308 12076
2.27308 10616
2.27309 12076
2.27309 10616
2.27311 12076
2.27311 10616
2.27313 12076
2.27313 10616
2.27314 12076
2.27314 10616
2.27316 12076
2.27317 13536
2.27318 14996
2.27319 16456
2.2732 17916
2.27323 19376
2.27324 20836
2.27325 22296
2.27327 23756
2.27346 25216
2.2743 26676
2.27492 28136
2.27555 29596
2.27615 31056
2.27674 32516
2.27732 33976
2.27787 35436
2.27843 36896
2.2787 38356
2.27925 39816
2.27982 41276
2.28039 42736
2.28067 44196
2.28126 45656
2.28187 47116
2.28214 48576
2.28276 50036
2.28312 10616
2.28329 12076
2.28339 13536
2.2834 14996
2.28341 16456
2.28342 17916
2.28343 19376
2.28346 20836
2.28347 22296
2.28348 23756
2.28352 25216
2.28381 26676
2.28475 28136
2.28535 29596
2.28594 31056
2.28652 32516
2.28709 33976
2.28764 35436
2.28798 36896
2.28844 38356
2.28899 39816
2.28954 41276
2.28991 42736
2.29038 44196
2.29096 45656
2.29152 47116
2.29184 48576
2.29243 50036
2.29283 51496
2.29308 11116
2.29311 12576
2.29311 11116
2.29315 12576
2.29315 10616
2.29316 12076
2.29316 10616
2.29317 12076
2.29317 10616
2.29319 12076
2.29319 10616
2.2932 12076
2.29321 13536
2.29322 14996
2.29324 16456
2.29325 17916
2.29327 19376
2.29328 20836
2.29331 22296
2.29332 23756
2.29365 25216
2.2943 26676
2.29512 28136
2.29572 29596
2.29631 31056
2.29689 32516
2.29745 33976
2.29801 35436
2.29835 36896
2.29886 38356
2.29935 39816
2.29992 41276
2.30016 19616
2.30017 21076
2.30017 20116
2.30018 21576
2.30018 20616
2.3002 22076
2.3002 20116
2.30022 21576
2.30022 20616
2.30023 22076
2.30023 20616
2.30026 22076
2.30026 13116
2.30027 14576
2.30027 13116
2.30048 14576
2.30053 16036
2.30054 17496
2.30055 18956
2.30056 20416
2.30058 21876
2.30059 23336
2.3006 24796
2.30072 26256
2.30135 27716
2.30202 29176
2.3029 30636
2.30349 32096
2.30407 33556
2.30463 35016
2.30499 36476
2.30549 37936
2.30601 39396
2.30655 40856
2.30712 42316
2.30746 43776
2.30799 45236
2.30858 46696
2.30896 48156
2.30948 49616
2.31011 51076
2.31015 10616
2.31016 12076
2.31016 10616
2.31017 12076
2.31017 10616
2.31018 12076
2.31018 10616
2.31021 12076
2.31021 10616
2.31022 12076
2.31022 10616
2.31023 12076
2.31023 10616
2.31024 12076
2.31024 10616
2.31026 12076
2.31026 10616
2.31028 12076
2.31028 10616
2.31029 12076
2.31029 10616
2.31032 12076
2.31032 10616
2.31033 12076
2.31033 10616
2.31034 12076
2.31035 13536
2.31039 14996
2.31041 16456
2.31045 17916
2.31046 19376
2.31049 20836
2.31052 22296
2.31055 23756
2.31115 25216
2.31196 26676
2.31269 28136
2.3133 29596
2.3139 31056
2.31449 32516
2.31507 33976
2.31564 35436
2.31601 36896
2.31644 38356
2.31701 39816
2.3176 41276
2.31809 42736
2.31844 44196
2.31907 45656
2.31967 47116
2.31995 48576
2.32037 10616
2.32045 12076
2.32045 10616
2.32048 12076
2.32048 10616
2.32052 12076
2.32052 10616
2.32054 12076
2.32055 13536
2.32056 14996
2.32057 16456
2.32059 17916
2.3206 19376
2.32061 20836
2.32062 22296
2.32063 23756
2.32076 25216
2.32138 26676
2.322 28136
2.3226 29596
2.32319 31056
2.32377 32516
2.32433 33976
2.32489 35436
2.32543 36896
2.32597 38356
2.32652 39816
2.32678 41276
2.32733 42736
2.32791 44196
2.32822 45656
2.32876 47116
2.32937 48576
2.32964 50036
2.33025 51496
2.33025 10616
2.33026 12076
2.33026 10616
2.33028 12076
2.33028 10616
2.33029 12076
2.33029 10616
2.3303 12076
2.3303 10616
2.33031 12076
2.33031 10616
2.33034 12076
2.33034 10616
2.33035 12076
2.33035 10616
2.33036 12076
2.33036 10616
2.33037 12076
2.33037 10616
2.33039 12076
2.33039 10616
2.3304 12076
2.3304 10616
2.33041 12076
2.33041 10616
2.33044 12076
2.33046 13536
2.33047 14996
2.33052 16456
2.33055 17916
2.33059 19376
2.33069 20836
2.33086 22296
2.33091 23756
2.33159 25216
2.33223 26676
2.33284 28136
2.33346 29596
2.33406 31056
2.33465 32516
2.33523 33976
2.33579 35436
2.33636 36896
2.33692 38356
2.33746 39816
2.33774 41276
2.33834 42736
2.33895 44196
2.33921 45656
2.33982 47116
2.34047 48576
2.34074 50036
2.34093 10616
2.34106 12076
2.34116 13536
2.34118 14996
2.34123 16456
2.34126 17916
2.34127 19376
2.34128 20836
2.34129 22296
2.3413 23756
2.34151 25216
2.34215 26676
2.34277 28136
2.34338 29596
2.34397 31056
2.34455 32516
2.34512 33976
2.34566 35436
2.3462 36896
2.34672 38356
2.34726 39816
2.34756 41276
2.34811 42736
2.34868 44196
2.34898 45656
2.34955 47116
2.35015 48576
2.35043 50036
2.35092 10616
2.35093 12076
2.35093 10616
2.35095 12076
2.35095 10616
2.35096 12076
2.35096 10616
2.35098 12076
2.35098 10616
2.351 12076
2.351 10616
2.35101 12076
2.35101 10616
2.35102 12076
2.35102 10616
2.35103 12076
2.35103 10616
2.35104 12076
2.35104 10616
2.35106 12076
2.35106 10616
2.35107 12076
2.35107 10616
2.35109 12076
2.35111 13536
2.35112 14996
2.35113 16456
2.35114 17916
2.35115 19376
2.35117 20836
2.35119 22296
2.3512 23756
2.35168 25216
2.35232 26676
2.35295 28136
2.35356 29596
2.35416 31056
2.35475 32516
2.35533 33976
2.3559 35436
2.35645 36896
2.35698 38356
2.35725 39816
2.35781 41276
2.3584 42736
2.35896 44196
2.35924 45656
2.35987 47116
2.36045 48576
2.36075 50036
2.36098 10616
2.36112 12076
2.36112 10616
2.36125 12076
2.36127 13536
2.3613 14996
2.36132 16456
2.36136 17916
2.36137 19376
2.36138 20836
2.3614 22296
2.36141 23756
2.36148 25216
2.3621 26676
2.36271 28136
2.36331 29596
2.3639 31056
2.36448 32516
2.36505 33976
2.3656 35436
2.36614 36896
2.36641 38356
2.36696 39816
2.36751 41276
2.36806 42736
2.36836 44196
2.36892 45656
2.36951 47116
2.3698 48576
2.3704 50036
2.37103 51496
2.37108 10616
2.37109 12076
2.37109 10616
2.3711 12076
2.3711 10616
2.37112 12076
2.37112 10616
2.37114 12076
2.37114 10616
2.37115 12076
2.37115 10616
2.37117 12076
2.37117 10616
2.37119 12076
2.37119 10616
2.3712 12076
2.3712 10616
2.37121 12076
2.37121 10616
2.37122 12076
2.37122 10616
2.37123 12076
2.37123 10616
2.37125 12076
2.37125 10616
2.37127 12076
2.37128 13536
2.3713 14996
2.37131 16456
2.37132 17916
2.37133 19376
2.37134 20836
2.37136 22296
2.37137 23756
2.3719 25216
2.37253 26676
2.37316 28136
2.37378 29596
2.37438 31056
2.37497 32516
2.37555 33976
2.37611 35436
2.37667 36896
2.37723 38356
2.37771 39816
2.37806 41276
2.37866 42736
2.37929 44196
2.37954 45656
2.38017 47116
2.38083 48576
2.38108 50036
2.38126 10616
2.3814 12076
2.3814 10616
2.38145 12076
2.38154 13536
2.38159 14996
2.38162 16456
2.38164 17916
2.38165 19376
2.38166 20836
2.38167 22296
2.38168 23756
2.38182 25216
2.38246 26676
2.38307 28136
2.38368 29596
2.38427 31056
2.38484 32516
2.38541 33976
2.38596 35436
2.3865 36896
2.38703 38356
2.3873 39816
2.38785 41276
2.3884 42736
2.38898 44196
2.38926 45656
2.38983 47116
2.39045 48576
2.39073 50036
2.39134 51496
2.39136 10616
2.39138 12076
2.39138 10616
2.39139 12076
2.39139 10616
2.3914 12076
2.3914 10616
2.39141 12076
2.39141 10616
2.39144 12076
2.39144 10616
2.39145 12076
2.39145 10616
2.39146 12076
2.39146 10616
2.39149 12076
2.39149 10616
2.3915 12076
2.3915 10616
2.39151 12076
2.39151 10616
2.39152 12076
2.39152 10616
2.39153 12076
2.39153 10616
2.39155 12076
2.39155 10616
2.39156 12076
2.39157 13536
2.39158 14996
2.39161 16456
2.39162 17916
2.39163 19376
2.39165 20836
2.39191 22296
2.39201 23756
2.39252 25216
2.39327 26676
2.39389 28136
2.39452 29596
2.39512 31056
2.39571 32516
2.39629 33976
2.39684 35436
2.3974 36896
2.39775 38356
2.39823 39816
2.39882 41276
2.3994 42736
2.39977 44196
2.40029 45656
2.40092 47116
2.40129 48576
2.40157 10616
2.40164 12076
2.40164 10616
2.40166 12076
2.40167 13536
2.40168 14996
2.40169 16456
2.40172 17916
2.40173 19376
2.40174 20836
2.40175 22296
2.40177 23756
2.4019 25216
2.40253 26676
2.40319 28136
2.40384 29596
2.40445 31056
2.40502 32516
2.40558 33976
2.40608 35436
2.40661 36896
2.40716 38356
2.40759 39816
2.40803 41276
2.40852 42736
2.40911 44196
2.40945 45656
2.40997 47116
2.41056 48576
2.41091 50036
2.41145 51496
2.41148 10616
2.41151 12076
2.41151 10616
2.41152 12076
2.41152 10616
2.41153 12076
2.41153 10616
2.41154 12076
2.41154 10616
2.41157 12076
2.41157 10616
2.41161 12076
2.41161 10616
2.41164 12076
2.41164 10616
2.41165 12076
2.41165 10616
2.41168 12076
2.41169 13536
2.4117 14996
2.41173 16456
2.41174 17916
2.41175 19376
2.41176 20836
2.41179 22296
2.4118 23756
2.41227 25216
2.41292 26676
2.41379 28136
2.41446 29596
2.41507 31056
2.41566 32516
2.41623 33976
2.41671 35436
2.41711 36896
2.41763 38356
2.41819 39816
2.41875 41276
2.41906 42736
2.41961 44196
2.42022 45656
2.42064 47116
2.4211 48576
2.42172 50036
2.42183 10616
2.42184 12076
2.42184 10616
2.42185 12076
2.42185 10616
2.42186 12076
2.42186 10616
2.42187 12076
2.42187 10616
2.4219 12076
2.4219 10616
2.42192 12076
2.42192 11116
2.42194 12576
2.42194 11116
2.42195 12576
2.42195 10616
2.42196 12076
2.42196 11116
2.42197 12576
2.42197 11116
2.42201 12576
2.42201 10616
2.42202 12076
2.42203 13536
2.42205 14996
2.42207 16456
2.42209 17916
2.42222 19376
2.42225 20836
2.4223 22296
2.42234 23756
2.42261 25216
2.42326 26676
2.42404 28136
2.42466 29596
2.42527 31056
2.42584 32516
2.4264 33976
2.42693 35436
2.42745 36896
2.42801 38356
2.4285 39816
2.42888 41276
2.42941 42736
2.43 44196
2.43034 45656
2.43089 47116
2.43151 48576
2.43183 50036
2.43205 10616
2.43213 12076
2.43213 10616
2.43216 12076
2.43216 11116
2.4322 12576
2.4322 10616
2.43224 12076
2.43228 13536
2.43229 14996
2.43231 16456
2.43233 17916
2.43234 19376
2.43235 20836
2.43236 22296
2.43238 23756
2.43256 25216
2.43321 26676
2.43384 28136
2.43446 29596
2.43507 31056
2.43566 32516
2.43621 33976
2.43675 35436
2.43727 36896
2.43776 38356
2.43829 39816
2.43869 41276
2.43919 42736
2.43968 44196
2.4401 45656
2.44061 47116
2.44113 48576
2.44156 50036
2.44207 51496
2.44225 10616
2.44228 12076
2.44228 10616
2.44231 12076
2.44231 10616
2.44234 12076
2.44234 10616
2.44235 12076
2.44235 10616
2.44236 12076
2.44236 10616
2.44238 12076
2.44238 10616
2.4424 12076
2.4424 10616
2.44241 12076
2.44241 10616
2.44245 12076
2.44253 13536
2.4426 14996
2.44264 16456
2.44266 17916
2.44267 19376
2.44268 20836
2.44271 22296
2.44272 23756
2.44287 25216
2.44353 26676
2.44416 28136
2.44477 29596
2.44536 31056
2.44594 32516
2.4465 33976
2.44705 35436
2.44757 36896
2.44809 38356
2.4486 39816
2.44898 41276
2.44956 42736
2.4501 44196
2.45044 45656
2.45104 47116
2.4516 48576
2.45196 50036
2.45221 10616
2.45227 12076
2.45227 10616
2.45231 12076
2.45231 10616
2.45232 12076
2.45232 10616
2.45236 12076
2.45236 10616
2.4524 12076
2.45241 13536
2.45243 14996
2.45245 16456
2.45246 17916
2.45247 19376
2.45248 20836
2.45251 22296
2.45253 23756
2.45272 25216
2.45335 26676
2.45397 28136
2.45457 29596
2.45517 31056
2.45575 32516
2.45631 33976
2.45686 35436
2.4574 36896
2.45793 38356
2.45845 39816
2.45875 41276
2.45931 42736
2.45989 44196
2.46017 45656
2.46074 47116
2.46135 48576
2.46162 50036
2.46219 10616
2.4622 12076
2.4622 10616
2.46221 12076
2.46221 10616
2.46222 12076
2.46222 10616
2.46224 12076
2.46224 10616
2.46225 12076
2.46225 10616
2.46226 12076
2.46226 10616
2.46227 12076
2.46227 10616
2.46228 12076
2.46228 10616
2.4623 12076
2.4623 10616
2.46232 12076
2.46232 10616
2.46233 12076
2.46233 10616
2.46235 12076
2.46235 10616
2.46236 12076
2.46236 10616
2.46237 12076
2.46238 13536
2.46239 14996
2.46241 16456
2.46242 17916
2.46243 19376
2.46246 20836
2.46247 22296
2.46248 23756
2.46249 25216
2.46343 26676
2.46411 28136
2.46473 29596
2.46533 31056
2.46592 32516
2.4665 33976
2.46706 35436
2.46751 36896
2.46787 38356
2.46844 39816
2.46901 41276
2.46956 42736
2.46985 44196
2.47046 45656
2.47107 47116
2.47134 48576
2.47198 50036
2.4724 10616
2.47246 12076
2.47246 10616
2.47254 12076
2.4726 13536
2.47264 14996
2.47267 16456
2.47269 17916
2.4727 19376
2.47271 20836
2.47272 22296
2.47273 23756
2.47276 25216
2.47297 26676
2.47358 28136
2.4742 29596
2.47479 31056
2.47536 32516
2.47593 33976
2.47647 35436
2.47701 36896
2.47753 38356
2.47807 39816
2.47835 41276
2.47888 42736
2.47943 44196
2.47973 45656
2.48028 47116
2.48086 48576
2.48115 50036
2.48174 51496
2.48235 52956
2.48243 10616
2.48244 12076
2.48244 10616
2.48245 12076
2.48245 10616
2.48247 12076
2.48247 10616
2.48249 12076
2.48249 10616
2.4825 12076
2.4825 10616
2.48251 12076
2.48251 10616
2.48252 12076
2.48252 11616
2.48254 13076
2.48254 11616
2.48255 13076
2.48255 11116
2.48256 12576
2.48256 11616
2.48257 13076
2.48257 11616
2.48258 13076
2.48258 11116
2.48261 12576
2.48261 10616
2.48262 12076
2.48262 10616
2.48265 12076
2.48266 13536
2.48267 14996
2.48268 16456
2.48269 17916
2.48271 19376
2.48273 20836
2.48274 22296
2.48276 23756
2.48326 25216
2.48391 26676
2.48453 28136
2.48514 29596
2.48574 31056
2.48633 32516
2.48691 33976
2.48747 35436
2.48803 36896
2.48858 38356
2.48891 39816
2.4894 41276
2.48999 42736
2.49059 44196
2.49084 45656
2.49146 47116
2.49209 48576
2.49235 50036
2.49265 10616
2.4928 12076
2.49288 13536
2.49289 14996
2.4929 16456
2.49291 17916
2.49292 19376
2.49294 20836
2.49295 22296
2.49296 23756
2.49306 25216
2.49367 26676
2.4943 28136
2.49492 29596
2.49551 31056
2.49608 32516
2.49665 33976
2.49719 35436
2.49772 36896
2.49815 38356
2.49853 39816
2.49906 41276
2.49959 42736
