1.00047 2920
1.00097 4380
1.00099 5840
1.00146 7300
1.00149 8760
1.00151 10220
1.00154 11680
1.00196 13140
1.00199 14600
1.00201 16060
1.00204 17520
1.00206 18980
1.00208 20440
1.00211 21900
1.00213 23360
1.00303 24820
1.00363 26280
1.0042 27740
1.00475 29200
1.00527 30660
1.00577 32120
1.00626 33580
1.00675 35040
1.00723 36500
1.00772 37960
1.00821 39420
1.0087 40880
1.00919 42340
1.00968 43800
1.01017 45260
1.01066 46720
1.01115 48180
1.01164 49640
1.01213 51100
1.01262 52560
1.01311 54020
1.0136 55480
1.01409 56940
1.01458 58400
1.01507 59860
1.01556 61320
1.01605 62780
1.01654 64240
1.01703 65700
1.01752 67160
1.01801 68620
1.0185 70080
1.01899 71540
1.01947 73000
1.01996 74460
1.02045 75920
1.02094 77380
1.02143 78840
1.02192 80300
1.02241 81760
1.0229 83220
1.02339 84680
1.02388 86140
1.02437 87600
1.02454 60172
1.02486 61632
1.02486 60172
1.02535 61632
1.02535 60172
1.02584 61632
1.02584 60172
1.02633 61632
1.02633 60172
1.02682 61632
1.02682 60172
1.02731 61632
1.02731 60172
1.0278 61632
1.0278 60172
1.02829 61632
1.02829 60172
1.02878 61632
1.02878 60172
1.02927 61632
1.02927 60172
1.02976 61632
1.02976 60172
1.03025 61632
1.03025 60172
1.03074 61632
1.03074 60172
1.03123 61632
1.03123 60172
1.03171 61632
1.03171 60172
1.0322 61632
1.0322 60172
1.03269 61632
1.03269 60172
1.03318 61632
1.03318 60172
1.03367 61632
1.03367 60172
1.03416 61632
1.03416 60172
1.03465 61632
1.03465 60172
1.03514 61632
1.03514 60172
1.03563 61632
1.03563 60172
1.03612 61632
1.03612 60172
1.03661 61632
1.03661 60172
1.0371 61632
1.0371 60172
1.03759 61632
1.03759 60172
1.03808 61632
1.03808 60172
1.03857 61632
1.03857 60172
1.03906 61632
1.03906 60172
1.03955 61632
1.03955 60172
1.04004 61632
1.04004 60172
1.04053 61632
1.04053 60172
1.04102 61632
1.04102 60172
1.04151 61632
1.04151 60172
1.042 61632
1.042 60172
1.04249 61632
1.04249 60172
1.04298 61632
1.04298 60172
1.04347 61632
1.04347 60172
1.04395 61632
1.04395 60172
1.04444 61632
1.04444 60172
1.04493 61632
1.04493 60172
1.04542 61632
1.04542 60172
1.04591 61632
1.04591 60172
1.0464 61632
1.0464 60172
1.04689 61632
1.04689 60172
1.04738 61632
1.04738 60172
1.04787 61632
1.04787 60172
1.04836 61632
1.04836 60172
1.04885 61632
1.04885 60172
1.04934 61632
1.04934 60172
1.04983 61632
1.04983 60172
1.05032 61632
1.05032 60172
1.05081 61632
1.05081 60172
1.0513 61632
1.0513 60172
1.05179 61632
1.05179 60172
1.05228 61632
1.05228 60172
1.05277 61632
1.05277 60172
1.05326 61632
1.05326 60172
1.05375 61632
1.05375 60172
1.05424 61632
1.05424 60172
1.05473 61632
1.05473 60172
1.05522 61632
1.05522 60172
1.05571 61632
1.05571 60172
1.05619 61632
1.05619 60172
1.05668 61632
1.05668 60172
1.05717 61632
1.05717 60172
1.05766 61632
1.05766 60172
1.05815 61632
1.05815 60172
1.05864 61632
1.05864 60172
1.05913 61632
1.05913 60172
1.05962 61632
1.05962 60172
1.06011 61632
1.06011 60172
1.0606 61632
1.0606 60172
1.06109 61632
1.06109 60172
1.06158 61632
1.06158 60172
1.06207 61632
1.06207 60172
1.06256 61632
1.06256 60172
1.06305 61632
1.06305 60172
1.06354 61632
1.06354 60172
1.06403 61632
1.06403 60172
1.06452 61632
1.06452 60172
1.06501 61632
1.06501 60172
1.0655 61632
1.0655 60172
1.06599 61632
1.06599 60172
1.06648 61632
1.06648 60172
1.06697 61632
1.06697 60172
1.06746 61632
1.06746 60172
1.06795 61632
1.06795 60172
1.06843 61632
1.06843 60172
1.06892 61632
1.06892 60172
1.06941 61632
1.06941 60172
1.0699 61632
1.0699 60172
1.07039 61632
1.07039 60172
1.07088 61632
1.07088 60172
1.07137 61632
1.07137 60172
1.07186 61632
1.07186 60172
1.07235 61632
1.07235 60172
1.07284 61632
1.07284 60172
1.07333 61632
1.07333 60172
1.07382 61632
1.07382 60172
1.07431 61632
1.07431 60172
1.0748 61632
1.0748 60172
1.07529 61632
1.07529 60172
1.07578 61632
1.07578 60172
1.07627 61632
1.07627 60172
1.07676 61632
1.07676 60172
1.07725 61632
1.07725 60172
1.07774 61632
1.07774 60172
1.07823 61632
1.07823 60172
1.07872 61632
1.07872 60172
1.07921 61632
1.07921 60172
1.0797 61632
1.0797 60172
1.08019 61632
1.08019 60172
1.08067 61632
1.08067 60172
1.08116 61632
1.08116 60172
1.08165 61632
1.08165 60172
1.08214 61632
1.08214 60172
1.08263 61632
1.08263 60172
1.08312 61632
1.08312 60172
1.08361 61632
1.08361 60172
1.0841 61632
1.0841 60172
1.08459 61632
1.08459 60172
1.08508 61632
1.08508 60172
1.08557 61632
1.08557 60172
1.08606 61632
1.08606 60172
1.08655 61632
1.08655 60172
1.08704 61632
1.08704 60172
1.08753 61632
1.08753 60172
1.08802 61632
1.08802 60172
1.08851 61632
1.08851 60172
1.089 61632
1.089 60172
1.08949 61632
1.08949 60172
1.08998 61632
1.08998 60172
1.09047 61632
1.09047 60172
1.09096 61632
1.09096 60172
1.09145 61632
1.09145 60172
1.09194 61632
1.09194 60172
1.09243 61632
1.09243 60172
1.09291 61632
1.09291 60172
1.0934 61632
1.0934 60172
1.09389 61632
1.09389 60172
1.09438 61632
1.09438 60172
1.09487 61632
1.09487 60172
1.09536 61632
1.09536 60172
1.09585 61632
1.09585 60172
1.09634 61632
1.09634 60172
1.09683 61632
1.09683 60172
1.09732 61632
1.09732 60172
1.09781 61632
1.09781 60172
1.0983 61632
1.0983 60172
1.09879 61632
1.09879 60172
1.09928 61632
1.09928 60172
1.09977 61632
1.09977 60172
1.10026 61632
1.10026 60172
1.10075 61632
1.10075 60172
1.10125 61632
1.10125 60172
1.10174 61632
1.10174 60172
1.10223 61632
1.10223 60172
1.10272 61632
1.10272 60172
1.10321 61632
1.10321 60172
1.1037 61632
1.1037 60172
1.10419 61632
1.10419 60172
1.10468 61632
1.10468 60172
1.10517 61632
1.10517 60172
1.10566 61632
1.10566 60172
1.10614 61632
1.10614 60172
1.10663 61632
1.10663 60172
1.10712 61632
1.10712 60172
1.10761 61632
1.10761 60172
1.1081 61632
1.1081 60172
1.10859 61632
1.10859 60172
1.10908 61632
1.10908 60172
1.10957 61632
1.10957 60172
1.11006 61632
1.11006 60172
1.11055 61632
1.11055 60172
1.11104 61632
1.11104 60172
1.11153 61632
1.11153 60172
1.11202 61632
1.11202 60172
1.11251 61632
1.11251 60172
1.113 61632
1.113 60172
1.11349 61632
1.11349 60172
1.11398 61632
1.11398 60172
1.11447 61632
1.11447 60172
1.11496 61632
1.11496 60172
1.11545 61632
1.11545 60172
1.11594 61632
1.11594 60172
1.11643 61632
1.11643 60172
1.11692 61632
1.11692 60172
1.11741 61632
1.11741 60172
1.1179 61632
1.1179 60172
1.11838 61632
1.11838 60172
1.11887 61632
1.11887 60172
1.11936 61632
1.11936 60172
1.11985 61632
1.11985 60172
1.12034 61632
1.12034 60172
1.12083 61632
1.12083 60172
1.12132 61632
1.12132 60172
1.12181 61632
1.12181 60172
1.1223 61632
1.1223 60172
1.12279 61632
1.12279 60172
1.12328 61632
1.12328 60172
1.12377 61632
1.12377 60172
1.12426 61632
1.12426 60172
1.12475 61632
1.12475 60172
1.12524 61632
1.12524 60172
1.12573 61632
1.12573 60172
1.12622 61632
1.12622 60172
1.12671 61632
1.12671 60172
1.1272 61632
1.1272 60172
1.12769 61632
1.12769 60172
1.12818 61632
1.12818 60172
1.12867 61632
1.12867 60172
1.12916 61632
1.12916 60172
1.12965 61632
1.12965 60172
1.13014 61632
1.13014 60172
1.13062 61632
1.13062 60172
1.13111 61632
1.13111 60172
1.1316 61632
1.1316 60172
1.13209 61632
1.13209 60172
1.13258 61632
1.13258 60172
1.13307 61632
1.13307 60172
1.13356 61632
1.13356 60172
1.13405 61632
1.13405 60172
1.13454 61632
1.13454 60172
1.13503 61632
1.13503 60172
1.13552 61632
1.13552 60172
1.13601 61632
1.13601 60172
1.1365 61632
1.1365 60172
1.13699 61632
1.13699 60172
1.13748 61632
1.13748 60172
1.13797 61632
1.13797 60172
1.13846 61632
1.13846 60172
1.13895 61632
1.13895 60172
1.13944 61632
1.13944 60172
1.13993 61632
1.13993 60172
1.14042 61632
1.14042 60172
1.14091 61632
1.14091 60172
1.1414 61632
1.1414 60172
1.14189 61632
1.14189 60172
1.14238 61632
1.14238 60172
1.14286 61632
1.14286 60172
1.14335 61632
1.14335 60172
1.14384 61632
1.14384 60172
1.14433 61632
1.14433 60172
1.14482 61632
1.14482 60172
1.14531 61632
1.14531 60172
1.1458 61632
1.1458 60172
1.14629 61632
1.14629 60172
1.14678 61632
1.14678 60172
1.14727 61632
1.14727 60172
1.14776 61632
1.14776 60172
1.14825 61632
1.14825 60172
1.14874 61632
1.14874 60172
1.14923 61632
1.14923 60172
1.14972 61632
1.14972 60172
1.15021 61632
1.15021 60172
1.1507 61632
1.1507 60172
1.15119 61632
1.15119 60172
1.15168 61632
1.15168 60172
1.15217 61632
1.15217 60172
1.15266 61632
1.15266 60172
1.15315 61632
1.15315 60172
1.15364 61632
1.15364 60172
1.15413 61632
1.15413 60172
1.15462 61632
1.15462 60172
1.1551 61632
1.1551 60172
1.15559 61632
1.15559 60172
1.15608 61632
1.15608 60172
1.15657 61632
1.15657 60172
1.15706 61632
1.15706 60172
1.15755 61632
1.15755 60172
1.15804 61632
1.15804 60172
1.15853 61632
1.15853 60172
1.15902 61632
1.15902 60172
1.15951 61632
1.15951 60172
1.16 61632
1.16 60172
1.16049 61632
1.16049 60172
1.16098 61632
1.16098 60172
1.16147 61632
1.16147 60172
1.16196 61632
1.16196 60172
1.16245 61632
1.16245 60172
1.16294 61632
1.16294 60172
1.16343 61632
1.16343 60172
1.16392 61632
1.16392 60172
1.16441 61632
1.16441 60172
1.1649 61632
1.1649 60172
1.16539 61632
1.16539 60172
1.16588 61632
1.16588 60172
1.16637 61632
1.16637 60172
1.16686 61632
1.16686 60172
1.16734 61632
1.16734 60172
1.16783 61632
1.16783 60172
1.16832 61632
1.16832 60172
1.16881 61632
1.16881 60172
1.1693 61632
1.1693 60172
1.16979 61632
1.16979 60172
1.17028 61632
1.17028 60172
1.17077 61632
1.17077 60172
1.17126 61632
1.17126 60172
1.17175 61632
1.17175 60172
1.17224 61632
1.17224 60172
1.17273 61632
1.17273 60172
1.17322 61632
1.17322 60172
1.17371 61632
1.17371 60172
1.1742 61632
1.1742 60172
1.17469 61632
1.17469 60172
1.17518 61632
1.17518 60172
1.17567 61632
1.17567 60172
1.17616 61632
1.17616 60172
1.17665 61632
1.17665 60172
1.17714 61632
1.17714 60172
1.17763 61632
1.17763 60172
1.17812 61632
1.17812 60172
1.17861 61632
1.17861 60172
1.1791 61632
1.1791 60172
1.17958 61632
1.17958 60172
1.18007 61632
1.18007 60172
1.18056 61632
1.18056 60172
1.18105 61632
1.18105 60172
1.18154 61632
1.18154 60172
1.18203 61632
1.18203 60172
1.18252 61632
1.18252 60172
1.18301 61632
1.18301 60172
1.1835 61632
1.1835 60172
1.18399 61632
1.18399 60172
1.18448 61632
1.18448 60172
1.18497 61632
1.18497 60172
1.18546 61632
1.18546 60172
1.18595 61632
1.18595 60172
1.18644 61632
1.18644 60172
1.18693 61632
1.18693 60172
1.18742 61632
1.18742 60172
1.18791 61632
1.18791 60172
1.1884 61632
1.1884 60172
1.18889 61632
1.18889 60172
1.18938 61632
1.18938 60172
1.18987 61632
1.18987 60172
1.19036 61632
1.19036 60172
1.19085 61632
1.19085 60172
1.19134 61632
1.19134 60172
1.19182 61632
1.19182 60172
1.19231 61632
1.19231 60172
1.1928 61632
1.1928 60172
1.19329 61632
1.19329 60172
1.19378 61632
1.19378 60172
1.19427 61632
1.19427 60172
1.19476 61632
1.19476 60172
1.19525 61632
1.19525 60172
1.19574 61632
1.19574 60172
1.19623 61632
1.19623 60172
1.19672 61632
1.19672 60172
1.19721 61632
1.19721 60172
1.1977 61632
1.1977 60172
1.19819 61632
1.19819 60172
1.19868 61632
1.19868 60172
1.19917 61632
1.19917 60172
1.19966 61632
1.19966 60172
1.20015 61632
1.20015 60172
1.20064 61632
1.20064 60172
1.20113 61632
1.20113 60172
1.20162 61632
1.20162 60172
1.20211 61632
1.20211 60172
1.2026 61632
1.2026 60172
1.20309 61632
1.20309 60172
1.20358 61632
1.20358 60172
1.20406 61632
1.20406 60172
1.20455 61632
1.20455 60172
1.20504 61632
1.20504 60172
1.20553 61632
1.20553 60172
1.20602 61632
1.20602 60172
1.20651 61632
1.20651 60172
1.207 61632
1.207 60172
1.20749 61632
1.20749 60172
1.20798 61632
1.20798 60172
1.20847 61632
1.20847 60172
1.20896 61632
1.20896 60172
1.20945 61632
1.20945 60172
1.20994 61632
1.20994 60172
1.21043 61632
1.21043 60172
1.21092 61632
1.21092 60172
1.21141 61632
1.21141 60172
1.2119 61632
1.2119 60172
1.21239 61632
1.21239 60172
1.21288 61632
1.21288 60172
1.21337 61632
1.21337 60172
1.21386 61632
1.21386 60172
1.21435 61632
1.21435 60172
1.21484 61632
1.21484 60172
1.21533 61632
1.21533 60172
1.21582 61632
1.21582 60172
1.2163 61632
1.2163 60172
1.21679 61632
1.21679 60172
1.21728 61632
1.21728 60172
1.21777 61632
1.21777 60172
1.21826 61632
1.21826 60172
1.21875 61632
1.21875 60172
1.21924 61632
1.21924 60172
1.21973 61632
1.21973 60172
1.22022 61632
1.22022 60172
1.22071 61632
1.22071 60172
1.2212 61632
1.2212 60172
1.22169 61632
1.22169 60172
1.22218 61632
1.22218 60172
1.22267 61632
1.22267 60172
1.22316 61632
1.22316 60172
1.22365 61632
1.22365 60172
1.22414 61632
1.22414 60172
1.22463 61632
1.22463 60172
1.22512 61632
1.22512 60172
1.22561 61632
1.22561 60172
1.2261 61632
1.2261 60172
1.22659 61632
1.22659 60172
1.22708 61632
1.22708 60172
1.22757 61632
1.22757 60172
1.22806 61632
1.22806 60172
1.22854 61632
1.22854 60172
1.22903 61632
1.22903 60172
1.22952 61632
1.22952 60172
1.23001 61632
1.23001 60172
1.2305 61632
1.2305 60172
1.23099 61632
1.23099 60172
1.23148 61632
1.23148 60172
1.23197 61632
1.23197 60172
1.23246 61632
1.23246 60172
1.23295 61632
1.23295 60172
1.23344 61632
1.23344 60172
1.23393 61632
1.23393 60172
1.23442 61632
1.23442 60172
1.23491 61632
1.23491 60172
1.2354 61632
1.2354 60172
1.23589 61632
1.23589 60172
1.23638 61632
1.23638 60172
1.23687 61632
1.23687 60172
1.23736 61632
1.23736 60172
1.23785 61632
1.23785 60172
1.23834 61632
1.23834 60172
1.23883 61632
1.23883 60172
1.23932 61632
1.23932 60172
1.23981 61632
1.23981 60172
1.2403 61632
1.2403 60172
1.24078 61632
1.24078 60172
1.24127 61632
1.24127 60172
1.24176 61632
1.24176 60172
1.24225 61632
1.24225 60172
1.24274 61632
1.24274 60172
1.24323 61632
1.24323 60172
1.24372 61632
1.24372 60172
1.24421 61632
1.24421 60172
1.2447 61632
1.2447 60172
1.24519 61632
1.24519 60172
1.24568 61632
1.24568 60172
1.24617 61632
1.24617 60172
1.24666 61632
1.24666 60172
1.24715 61632
1.24715 60172
1.24764 61632
1.24764 60172
1.24813 61632
1.24813 60172
1.24862 61632
1.24862 60172
1.24911 61632
1.24911 60172
1.2496 61632
1.2496 60172
1.25009 61632
1.25009 60172
1.25058 61632
1.25058 60172
1.25107 61632
1.25107 60172
1.25156 61632
1.25156 60172
1.25205 61632
1.25205 60172
1.25254 61632
1.25254 60172
1.25302 61632
1.25302 60172
1.25351 61632
1.25351 60172
1.254 61632
1.254 60172
1.25449 61632
1.25449 60172
1.25498 61632
1.25498 60172
1.25547 61632
1.25547 60172
1.25596 61632
1.25596 60172
1.25645 61632
1.25645 60172
1.25694 61632
1.25694 60172
1.25743 61632
1.25743 60172
1.25792 61632
1.25792 60172
1.25841 61632
1.25841 60172
1.2589 61632
1.2589 60172
1.25939 61632
1.25939 60172
1.25988 61632
1.25988 60172
1.26037 61632
1.26037 60172
1.26086 61632
1.26086 60172
1.26135 61632
1.26135 60172
1.26184 61632
1.26184 60172
1.26233 61632
1.26233 60172
1.26282 61632
1.26282 60172
1.26331 61632
1.26331 60172
1.2638 61632
1.2638 60172
1.26429 61632
1.26429 60172
1.26478 61632
1.26478 60172
1.26526 61632
1.26526 60172
1.26575 61632
1.26575 60172
1.26624 61632
1.26624 60172
1.26673 61632
1.26673 60172
1.26722 61632
1.26722 60172
1.26771 61632
1.26771 60172
1.2682 61632
1.2682 60172
1.26869 61632
1.26869 60172
1.26918 61632
1.26918 60172
1.26967 61632
1.26967 60172
1.27016 61632
1.27016 60172
1.27065 61632
1.27065 60172
1.27114 61632
1.27114 60172
1.27163 61632
1.27163 60172
1.27212 61632
1.27212 60172
1.27261 61632
1.27261 60172
1.2731 61632
1.2731 60172
1.27359 61632
1.27359 60172
1.27408 61632
1.27408 60172
1.27457 61632
1.27457 60172
1.27506 61632
1.27506 60172
1.27555 61632
1.27555 60172
1.27604 61632
1.27604 60172
1.27653 61632
1.27653 60172
1.27702 61632
1.27702 60172
1.2775 61632
1.2775 60172
1.27799 61632
1.27799 60172
1.27848 61632
1.27848 60172
1.27897 61632
1.27897 60172
1.27946 61632
1.27946 60172
1.27995 61632
1.27995 60172
1.28044 61632
1.28044 60172
1.28093 61632
1.28093 60172
1.28142 61632
1.28142 60172
1.28191 61632
1.28191 60172
1.2824 61632
1.2824 60172
1.28289 61632
1.28289 60172
1.28338 61632
1.28338 60172
1.28387 61632
1.28387 60172
1.28436 61632
1.28436 60172
1.28485 61632
1.28485 60172
1.28534 61632
1.28534 60172
1.28583 61632
1.28583 60172
1.28632 61632
1.28632 60172
1.28681 61632
1.28681 60172
1.2873 61632
1.2873 60172
1.28779 61632
1.28779 60172
1.28828 61632
1.28828 60172
1.28877 61632
1.28877 60172
1.28926 61632
1.28926 60172
1.28974 61632
1.28974 60172
1.29023 61632
1.29023 60172
1.29072 61632
1.29072 60172
1.29121 61632
1.29121 60172
1.2917 61632
1.2917 60172
1.29219 61632
1.29219 60172
1.29268 61632
1.29268 60172
1.29317 61632
1.29317 60172
1.29366 61632
1.29366 60172
1.29415 61632
1.29415 60172
1.29464 61632
1.29464 60172
1.29513 61632
1.29513 60172
1.29562 61632
1.29562 60172
1.29611 61632
1.29611 60172
1.2966 61632
1.2966 60172
1.29709 61632
1.29709 60172
1.29758 61632
1.29758 60172
1.29807 61632
1.29807 60172
1.29856 61632
1.29856 60172
1.29905 61632
1.29905 60172
1.29954 61632
1.29954 60172
1.30003 61632
1.30003 60172
1.30052 61632
1.30052 60172
1.30102 61632
1.30102 60172
1.30151 61632
1.30151 60172
1.302 61632
1.302 60172
1.30249 61632
1.30249 60172
1.30296 61632
1.30296 60172
1.30346 61632
1.30346 60172
1.30394 61632
1.30394 60172
1.30444 61632
1.30444 60172
1.30493 61632
1.30493 60172
1.30542 61632
1.30542 60172
1.30591 61632
1.30591 60172
1.3064 61632
1.3064 60172
1.30689 61632
1.30689 60172
1.30738 61632
1.30738 60172
1.30787 61632
1.30787 60172
1.30836 61632
1.30836 60172
1.30885 61632
1.30885 60172
1.30934 61632
1.30934 60172
1.30983 61632
1.30983 60172
1.31032 61632
1.31032 60172
1.31081 61632
1.31081 60172
1.3113 61632
1.3113 60172
1.31179 61632
1.31179 60172
1.31228 61632
1.31228 60172
1.31277 61632
1.31277 60172
1.31326 61632
1.31326 60172
1.31375 61632
1.31375 60172
1.31424 61632
1.31424 60172
1.31473 61632
1.31473 60172
1.31521 61632
1.31521 60172
1.3157 61632
1.3157 60172
1.31619 61632
1.31619 60172
1.31668 61632
1.31668 60172
1.31717 61632
1.31717 60172
1.31766 61632
1.31766 60172
1.31815 61632
1.31815 60172
1.31864 61632
1.31864 60172
1.31913 61632
1.31913 60172
1.31962 61632
1.31962 60172
1.32011 61632
1.32011 60172
1.3206 61632
1.3206 60172
1.32109 61632
1.32109 60172
1.32158 61632
1.32158 60172
1.32207 61632
1.32207 60172
1.32256 61632
1.32256 60172
1.32304 61632
1.32304 60172
1.32354 61632
1.32354 60172
1.32402 61632
1.32402 60172
1.32452 61632
1.32452 60172
1.32501 61632
1.32501 60172
1.3255 61632
1.3255 60172
1.32599 61632
1.32599 60172
1.32648 61632
1.32648 60172
1.32697 61632
1.32697 60172
1.32745 61632
1.32745 60172
1.32794 61632
1.32794 60172
1.32843 61632
1.32843 60172
1.32892 61632
1.32892 60172
1.32941 61632
1.32941 60172
1.3299 61632
1.3299 60172
1.33039 61632
1.33039 60172
1.33088 61632
1.33088 60172
1.33137 61632
1.33137 60172
1.33186 61632
1.33186 60172
1.33235 61632
1.33235 60172
1.33284 61632
1.33284 60172
1.33333 61632
1.33333 60172
1.33382 61632
1.33382 60172
1.33431 61632
1.33431 60172
1.3348 61632
1.3348 60172
1.33529 61632
1.33529 60172
1.33578 61632
1.33578 60172
1.33627 61632
1.33627 60172
1.33676 61632
1.33676 60172
1.33725 61632
1.33725 60172
1.33774 61632
1.33774 60172
1.33823 61632
1.33823 60172
1.33872 61632
1.33872 60172
1.33921 61632
1.33921 60172
1.33969 61632
1.33969 60172
1.34018 61632
1.34018 60172
1.34067 61632
1.34067 60172
1.34116 61632
1.34116 60172
1.34165 61632
1.34165 60172
1.34214 61632
1.34214 60172
1.34263 61632
1.34263 60172
1.34311 61632
1.34311 60172
1.34361 61632
1.34361 60172
1.34409 61632
1.34409 60172
1.34459 61632
1.34459 60172
1.34508 61632
1.34508 60172
1.34557 61632
1.34557 60172
1.34606 61632
1.34606 60172
1.34655 61632
1.34655 60172
1.34704 61632
1.34704 60172
1.34753 61632
1.34753 60172
1.34802 61632
1.34802 60172
1.34851 61632
1.34851 60172
1.349 61632
1.349 60172
1.34949 61632
1.34949 60172
1.34998 61632
1.34998 60172
1.35047 61632
1.35047 60172
1.35096 61632
1.35096 60172
1.35145 61632
1.35145 60172
1.35193 61632
1.35193 60172
1.35242 61632
1.35242 60172
1.35291 61632
1.35291 60172
1.3534 61632
1.3534 60172
1.35389 61632
1.35389 60172
1.35438 61632
1.35438 60172
1.35487 61632
1.35487 60172
1.35536 61632
1.35536 60172
1.35585 61632
1.35585 60172
1.35634 61632
1.35634 60172
1.35683 61632
1.35683 60172
1.35732 61632
1.35732 60172
1.35781 61632
1.35781 60172
1.3583 61632
1.3583 60172
1.35879 61632
1.35879 60172
1.35928 61632
1.35928 60172
1.35977 61632
1.35977 60172
1.36026 61632
1.36026 60172
1.36075 61632
1.36075 60172
1.36124 61632
1.36124 60172
1.36173 61632
1.36173 60172
1.36222 61632
1.36222 60172
1.36271 61632
1.36271 60172
1.36318 61632
1.36318 60172
1.36369 61632
1.36369 60172
1.36416 61632
1.36416 60172
1.36466 61632
1.36466 60172
1.36515 61632
1.36515 60172
1.36564 61632
1.36564 60172
1.36613 61632
1.36613 60172
1.36662 61632
1.36662 60172
1.36711 61632
1.36711 60172
1.3676 61632
1.3676 60172
1.36809 61632
1.36809 60172
1.36858 61632
1.36858 60172
1.36907 61632
1.36907 60172
1.36956 61632
1.36956 60172
1.37005 61632
1.37005 60172
1.37054 61632
1.37054 60172
1.37103 61632
1.37103 60172
1.37152 61632
1.37152 60172
1.37201 61632
1.37201 60172
1.3725 61632
1.3725 60172
1.37299 61632
1.37299 60172
1.37348 61632
1.37348 60172
1.37397 61632
1.37397 60172
1.37446 61632
1.37446 60172
1.37495 61632
1.37495 60172
1.37544 61632
1.37544 60172
1.37593 61632
1.37593 60172
1.37641 61632
1.37641 60172
1.3769 61632
1.3769 60172
1.37739 61632
1.37739 60172
1.37788 61632
1.37788 60172
1.37837 61632
1.37837 60172
1.37886 61632
1.37886 60172
1.37935 61632
1.37935 60172
1.37984 61632
1.37984 60172
1.38033 61632
1.38033 60172
1.38082 61632
1.38082 60172
1.38131 61632
1.38131 60172
1.3818 61632
1.3818 60172
1.38229 61632
1.38229 60172
1.38278 61632
1.38278 60172
1.38326 61632
1.38326 60172
1.38376 61632
1.38376 60172
1.38424 61632
1.38424 60172
1.38474 61632
1.38474 60172
1.38523 61632
1.38523 60172
1.38572 61632
1.38572 60172
1.38621 61632
1.38621 60172
1.3867 61632
1.3867 60172
1.38719 61632
1.38719 60172
1.38768 61632
1.38768 60172
1.38817 61632
1.38817 60172
1.38865 61632
1.38865 60172
1.38914 61632
1.38914 60172
1.38963 61632
1.38963 60172
1.39012 61632
1.39012 60172
1.39061 61632
1.39061 60172
1.3911 61632
1.3911 60172
1.39159 61632
1.39159 60172
1.39208 61632
1.39208 60172
1.39257 61632
1.39257 60172
1.39306 61632
1.39306 60172
1.39355 61632
1.39355 60172
1.39404 61632
1.39404 60172
1.39453 61632
1.39453 60172
1.39502 61632
1.39502 60172
1.39551 61632
1.39551 60172
1.396 61632
1.396 60172
1.39649 61632
1.39649 60172
1.39698 61632
1.39698 60172
1.39747 61632
1.39747 60172
1.39796 61632
1.39796 60172
1.39845 61632
1.39845 60172
1.39894 61632
1.39894 60172
1.39943 61632
1.39943 60172
1.39992 61632
1.39992 60172
1.40041 61632
1.40041 60172
1.40089 61632
1.40089 60172
1.40138 61632
1.40138 60172
1.40187 61632
1.40187 60172
1.40236 61632
1.40236 60172
1.40285 61632
1.40285 60172
1.40333 61632
1.40333 60172
1.40383 61632
1.40383 60172
1.40431 61632
1.40431 60172
1.40481 61632
1.40481 60172
1.4053 61632
1.4053 60172
1.40579 61632
1.40579 60172
1.40628 61632
1.40628 60172
1.40677 61632
1.40677 60172
1.40726 61632
1.40726 60172
1.40775 61632
1.40775 60172
1.40824 61632
1.40824 60172
1.40873 61632
1.40873 60172
1.40922 61632
1.40922 60172
1.40971 61632
1.40971 60172
1.4102 61632
1.4102 60172
1.41069 61632
1.41069 60172
1.41118 61632
1.41118 60172
1.41167 61632
1.41167 60172
1.41216 61632
1.41216 60172
1.41265 61632
1.41265 60172
1.41313 61632
1.41313 60172
1.41362 61632
1.41362 60172
1.41411 61632
1.41411 60172
1.4146 61632
1.4146 60172
1.41509 61632
1.41509 60172
1.41558 61632
1.41558 60172
1.41607 61632
1.41607 60172
1.41656 61632
1.41656 60172
1.41705 61632
1.41705 60172
1.41754 61632
1.41754 60172
1.41803 61632
1.41803 60172
1.41852 61632
1.41852 60172
1.41901 61632
1.41901 60172
1.4195 61632
1.4195 60172
1.41999 61632
1.41999 60172
1.42048 61632
1.42048 60172
1.42097 61632
1.42097 60172
1.42146 61632
1.42146 60172
1.42195 61632
1.42195 60172
1.42244 61632
1.42244 60172
1.42293 61632
1.42293 60172
1.4234 61632
1.4234 60172
1.42391 61632
1.42391 60172
1.42438 61632
1.42438 60172
1.42489 61632
1.42489 60172
1.42537 61632
1.42537 60172
1.42586 61632
1.42586 60172
1.42635 61632
1.42635 60172
1.42684 61632
1.42684 60172
1.42733 61632
1.42733 60172
1.42782 61632
1.42782 60172
1.42831 61632
1.42831 60172
1.4288 61632
1.4288 60172
1.42929 61632
1.42929 60172
1.42978 61632
1.42978 60172
1.43027 61632
1.43027 60172
1.43076 61632
1.43076 60172
1.43125 61632
1.43125 60172
1.43174 61632
1.43174 60172
1.43223 61632
1.43223 60172
1.43272 61632
1.43272 60172
1.43321 61632
1.43321 60172
1.4337 61632
1.4337 60172
1.43419 61632
1.43419 60172
1.43468 61632
1.43468 60172
1.43517 61632
1.43517 60172
1.43566 61632
1.43566 60172
1.43615 61632
1.43615 60172
1.43664 61632
1.43664 60172
1.43713 61632
1.43713 60172
1.43761 61632
1.43761 60172
1.4381 61632
1.4381 60172
1.43859 61632
1.43859 60172
1.43908 61632
1.43908 60172
1.43957 61632
1.43957 60172
1.44006 61632
1.44006 60172
1.44055 61632
1.44055 60172
1.44104 61632
1.44104 60172
1.44153 61632
1.44153 60172
1.44202 61632
1.44202 60172
1.44251 61632
1.44251 60172
1.443 61632
1.443 60172
1.44348 61632
1.44348 60172
1.44398 61632
1.44398 60172
1.44446 61632
1.44446 60172
1.44496 61632
1.44496 60172
1.44545 61632
1.44545 60172
1.44594 61632
1.44594 60172
1.44643 61632
1.44643 60172
1.44692 61632
1.44692 60172
1.44741 61632
1.44741 60172
1.4479 61632
1.4479 60172
1.44839 61632
1.44839 60172
1.44888 61632
1.44888 60172
1.44937 61632
1.44937 60172
1.44985 61632
1.44985 60172
1.45034 61632
1.45034 60172
1.45083 61632
1.45083 60172
1.45132 61632
1.45132 60172
1.45181 61632
1.45181 60172
1.4523 61632
1.4523 60172
1.45279 61632
1.45279 60172
1.45328 61632
1.45328 60172
1.45377 61632
1.45377 60172
1.45426 61632
1.45426 60172
1.45475 61632
1.45475 60172
1.45524 61632
1.45524 60172
1.45573 61632
1.45573 60172
1.45622 61632
1.45622 60172
1.45671 61632
1.45671 60172
1.4572 61632
1.4572 60172
1.45769 61632
1.45769 60172
1.45818 61632
1.45818 60172
1.45867 61632
1.45867 60172
1.45916 61632
1.45916 60172
1.45965 61632
1.45965 60172
1.46014 61632
1.46014 60172
1.46063 61632
1.46063 60172
1.46112 61632
1.46112 60172
1.46161 61632
1.46161 60172
1.46209 61632
1.46209 60172
1.46258 61632
1.46258 60172
1.46307 61632
1.46307 60172
1.46355 61632
1.46355 60172
1.46405 61632
1.46405 60172
1.46453 61632
1.46453 60172
1.46503 61632
1.46503 60172
1.46552 61632
1.46552 60172
1.46601 61632
1.46601 60172
1.4665 61632
1.4665 60172
1.46699 61632
1.46699 60172
1.46748 61632
1.46748 60172
1.46797 61632
1.46797 60172
1.46846 61632
1.46846 60172
1.46895 61632
1.46895 60172
1.46944 61632
1.46944 60172
1.46993 61632
1.46993 60172
1.47042 61632
1.47042 60172
1.47091 61632
1.47091 60172
1.4714 61632
1.4714 60172
1.47189 61632
1.47189 60172
1.47238 61632
1.47238 60172
1.47287 61632
1.47287 60172
1.47336 61632
1.47336 60172
1.47385 61632
1.47385 60172
1.47433 61632
1.47433 60172
1.47482 61632
1.47482 60172
1.47531 61632
1.47531 60172
1.4758 61632
1.4758 60172
1.47629 61632
1.47629 60172
1.47678 61632
1.47678 60172
1.47727 61632
1.47727 60172
1.47776 61632
1.47776 60172
1.47825 61632
1.47825 60172
1.47874 61632
1.47874 60172
1.47923 61632
1.47923 60172
1.47972 61632
1.47972 60172
1.48021 61632
1.48021 60172
1.4807 61632
1.4807 60172
1.48119 61632
1.48119 60172
1.48168 61632
1.48168 60172
1.48217 61632
1.48217 60172
1.48266 61632
1.48266 60172
1.48315 61632
1.48315 60172
1.48363 61632
1.48363 60172
1.48413 61632
1.48413 60172
1.4846 61632
1.4846 60172
1.48511 61632
1.48511 60172
1.4856 61632
1.4856 60172
1.48609 61632
1.48609 60172
1.48657 61632
1.48657 60172
1.48706 61632
1.48706 60172
1.48755 61632
1.48755 60172
1.48804 61632
1.48804 60172
1.48853 61632
1.48853 60172
1.48902 61632
1.48902 60172
1.48951 61632
1.48951 60172
1.49 61632
1.49 60172
1.49049 61632
1.49049 60172
1.49098 61632
1.49098 60172
1.49147 61632
1.49147 60172
1.49196 61632
1.49196 60172
1.49245 61632
1.49245 60172
1.49294 61632
1.49294 60172
1.49343 61632
1.49343 60172
1.49392 61632
1.49392 60172
1.49441 61632
1.49441 60172
1.4949 61632
1.4949 60172
1.49539 61632
1.49539 60172
1.49588 61632
1.49588 60172
1.49637 61632
1.49637 60172
1.49686 61632
1.49686 60172
1.49735 61632
1.49735 60172
1.49784 61632
1.49784 60172
1.49833 61632
1.49833 60172
1.49881 61632
1.49881 60172
1.4993 61632
1.4993 60172
1.49979 61632
1.49979 60172
1.50014 20616
1.50016 22076
1.50016 21116
1.50019 22576
1.50019 20616
1.50021 22076
1.50021 20616
1.50023 22076
1.50023 20616
1.50026 22076
1.50026 20616
1.50028 22076
1.50028 20116
1.50031 21576
1.50031 19116
1.50033 20576
1.50033 18116
1.50036 19576
1.50036 17116
1.50038 18576
1.50038 16116
1.50041 17576
1.50041 15116
1.50043 16576
1.50043 14116
1.50046 15576
1.50046 13116
1.50048 14576
1.50048 12116
1.5005 13576
1.5005 11116
1.50053 12576
1.50053 10616
1.50055 12076
1.50058 13536
1.5006 14996
1.50063 16456
1.50065 17916
1.50066 19376
1.50069 20836
1.50072 22296
1.50075 23756
1.5009 25216
1.50149 26676
1.50206 28136
1.50261 29596
1.50313 31056
1.50363 32516
1.50412 33976
1.50461 35436
1.5051 36896
1.50559 38356
1.50608 39816
1.50657 41276
1.50706 42736
1.50755 44196
1.50804 45656
1.50821 10616
1.50823 12076
1.50823 10616
1.50826 12076
1.50826 10616
1.50828 12076
1.50828 11116
1.50831 12576
1.50831 10616
1.50833 12076
1.50833 10616
1.50836 12076
1.50836 10616
1.50838 12076
1.5084 13536
1.50843 14996
1.50845 16456
1.50848 17916
1.5085 19376
1.50853 20836
1.50855 22296
1.50858 23756
1.50889 25216
1.50957 26676
1.51014 28136
1.51069 29596
1.51121 31056
1.51171 32516
1.5122 33976
1.51269 35436
1.51318 36896
1.51367 38356
1.51416 39816
1.51465 41276
1.51514 42736
1.51563 44196
1.51612 45656
1.51629 10616
1.51631 12076
1.51631 11116
1.51634 12576
1.51634 10616
1.51636 12076
1.51636 11116
1.51639 12576
1.51639 10616
1.51641 12076
1.51641 10616
1.51643 12076
1.51643 10616
1.51646 12076
1.51648 13536
1.51651 14996
1.51653 16456
1.51656 17916
1.51658 19376
1.51661 20836
1.51663 22296
1.51665 23756
1.51697 25216
1.51765 26676
1.51822 28136
1.51877 29596
1.51929 31056
1.51979 32516
1.52028 33976
1.52077 35436
1.52126 36896
1.52175 38356
1.52224 39816
1.52273 41276
1.52322 42736
1.52371 44196
1.5242 45656
1.52437 10616
1.52439 12076
1.52439 11116
1.52442 12576
1.52442 10616
1.52444 12076
1.52444 11116
1.52447 12576
1.52447 10616
1.52449 12076
1.52449 10616
1.52451 12076
1.52451 10616
1.52454 12076
1.52456 13536
1.52459 14996
1.52461 16456
1.52464 17916
1.52466 19376
1.52469 20836
1.52471 22296
1.52473 23756
1.52505 25216
1.52573 26676
1.5263 28136
1.52685 29596
1.52737 31056
1.52787 32516
1.52836 33976
1.52885 35436
1.52934 36896
1.52983 38356
1.53032 39816
1.53081 41276
1.5313 42736
1.53179 44196
1.53228 45656
1.53245 10616
1.53247 12076
1.53247 11116
1.5325 12576
1.5325 10616
1.53252 12076
1.53252 10616
1.53255 12076
1.53255 10616
1.53257 12076
1.53257 10616
1.53259 12076
1.53259 10616
1.53262 12076
1.53264 13536
1.53267 14996
1.53269 16456
1.53272 17916
1.53274 19376
1.53277 20836
1.53279 22296
1.53281 23756
1.53313 25216
1.53381 26676
1.53438 28136
1.53493 29596
1.53545 31056
1.53595 32516
1.53644 33976
1.53693 35436
1.53742 36896
1.53791 38356
1.5384 39816
1.53889 41276
1.53938 42736
1.53987 44196
1.54036 45656
1.5405 10616
1.54053 12076
1.54053 10616
1.54055 12076
1.54055 11116
1.54058 12576
1.54058 10616
1.5406 12076
1.5406 10616
1.54062 12076
1.54062 10616
1.54065 12076
1.54065 10616
1.54067 12076
1.5407 13536
1.54072 14996
1.54075 16456
1.54077 17916
1.5408 19376
1.54082 20836
1.54084 22296
1.54087 23756
1.54121 25216
1.54189 26676
1.54246 28136
1.54301 29596
1.54353 31056
1.54403 32516
1.54452 33976
1.54501 35436
1.5455 36896
1.54599 38356
1.54648 39816
1.54697 41276
1.54746 42736
1.54795 44196
1.54844 45656
1.54858 10616
1.54861 12076
1.54861 10616
1.54863 12076
1.54863 10616
1.54866 12076
1.54866 10616
1.54868 12076
1.54868 10616
1.5487 12076
1.5487 10616
1.54873 12076
1.54873 10616
1.54875 12076
1.54878 13536
1.5488 14996
1.54883 16456
1.54885 17916
1.54888 19376
1.5489 20836
1.54892 22296
1.54895 23756
1.54929 25216
1.54997 26676
1.55054 28136
1.55109 29596
1.55161 31056
1.55211 32516
1.5526 33976
1.55309 35436
1.55358 36896
1.55407 38356
1.55456 39816
1.55505 41276
1.55554 42736
1.55603 44196
1.55651 45656
1.55669 10616
1.55671 12076
1.55671 10616
1.55673 12076
1.55673 10616
1.55676 12076
1.55676 10616
1.55678 12076
1.55678 10616
1.55681 12076
1.55681 10616
1.55683 12076
1.55686 13536
1.55688 14996
1.55691 16456
1.55693 17916
1.55696 19376
1.55698 20836
1.557 22296
1.55703 23756
1.55735 25216
1.55794 26676
1.55857 28136
1.55912 29596
1.55964 31056
1.56014 32516
1.56063 33976
1.56112 35436
1.56162 36896
1.56211 38356
1.5626 39816
1.56305 41276
1.56355 42736
1.56407 44196
1.5645 45656
1.56469 10616
1.56473 12076
1.56475 13536
1.56475 10616
1.56478 12076
1.56478 10616
1.5648 12076
1.5648 11116
1.56481 12576
1.56481 10616
1.56483 12076
1.56483 10616
1.56484 12076
1.56484 10616
1.56486 12076
1.56492 13536
1.56494 14996
1.56496 16456
1.56497 17916
1.565 19376
1.56501 20836
1.56505 22296
1.56506 23756
1.56543 25216
1.56608 26676
1.56665 28136
1.56719 29596
1.56771 31056
1.56821 32516
1.5687 33976
1.5692 35436
1.56969 36896
1.5702 38356
1.57059 39816
1.57111 41276
1.57163 42736
1.57216 44196
1.57254 45656
1.57278 10616
1.57283 12076
1.57283 10616
1.57286 12076
1.57287 13536
1.57289 14996
1.57292 16456
1.57294 17916
1.57297 19376
1.57298 20836
1.57299 22296
1.57302 23756
1.57327 25216
1.57386 26676
1.57444 28136
1.57501 29596
1.57553 31056
1.57603 32516
1.57651 33976
1.57696 35436
1.57744 36896
1.57794 38356
1.57847 39816
1.5789 41276
1.57934 42736
1.57985 44196
1.58038 45656
1.58075 10616
1.58076 12076
1.58079 13536
1.58079 10616
1.58081 12076
1.58081 10616
1.58086 12076
1.58086 10616
1.5809 12076
1.58093 13536
1.58095 14996
1.58098 16456
1.58101 17916
1.58108 19376
1.5811 20836
1.58112 22296
1.58115 23756
1.58117 25216
1.58172 26676
1.58227 28136
1.58279 29596
1.58331 31056
1.58381 32516
1.5843 33976
1.58481 35436
1.58533 36896
1.58566 38356
1.58617 39816
1.58669 41276
1.58724 42736
1.58757 44196
1.58811 45656
1.58847 10616
1.58856 12076
1.58858 13536
1.5886 14996
1.58861 16456
1.58863 17916
1.58865 19376
1.58866 20836
1.58867 22296
1.58868 23756
1.58882 25216
1.58938 26676
1.58992 28136
1.59047 29596
1.59098 31056
1.59148 32516
1.59197 33976
1.59246 35436
1.59295 36896
1.59346 38356
1.59386 39816
1.59433 41276
1.59484 42736
1.59538 44196
1.59573 45656
1.5962 10616
1.59623 12076
1.59623 10616
1.59625 12076
1.59625 10616
1.59626 12076
1.59626 10616
1.59629 12076
1.59631 13536
1.59631 10616
1.59632 12076
1.59632 10616
1.59634 12076
1.59636 13536
1.59639 14996
1.5964 16456
1.59641 17916
1.59643 19376
1.59645 20836
1.59647 22296
1.59648 23756
1.59661 25216
1.59728 26676
1.59786 28136
1.59838 29596
1.59892 31056
1.59943 32516
1.59992 33976
1.60043 35436
1.60091 36896
1.60125 38356
1.60178 39816
1.60233 41276
1.60287 42736
1.60318 44196
1.60375 45656
1.604 10616
1.60405 12076
1.60405 10616
1.60418 12076
1.60421 13536
1.60425 14996
1.60429 16456
1.60431 17916
1.60432 19376
1.60433 20836
1.60435 22296
1.60437 23756
1.60448 25216
1.60503 26676
1.60559 28136
1.60612 29596
1.60663 31056
1.60713 32516
1.60763 33976
1.60813 35436
1.60864 36896
1.60917 38356
1.60948 39816
1.61002 41276
1.61057 42736
1.61113 44196
1.61144 45656
1.61203 47116
1.61239 48576
1.61274 50036
1.61313 51496
1.61345 52956
1.61387 54416
1.61425 55876
1.61461 57336
1.61499 58796
1.61533 10616
1.61534 12076
1.61534 10616
1.61536 12076
1.61536 10616
1.61538 12076
1.61539 13536
1.61539 10616
1.6154 12076
1.6154 10616
1.61542 12076
1.61543 13536
1.61544 14996
1.61544 10616
1.61545 12076
1.61545 10616
1.61548 12076
1.61549 13536
1.6155 14996
1.61553 16456
1.61554 17916
1.61556 19376
1.6156 20836
1.61566 22296
1.61569 23756
1.6157 25216
1.61607 26676
1.61676 28136
1.61729 29596
1.61781 31056
1.61831 32516
1.61879 33976
1.61928 35436
1.61971 36896
1.62022 38356
1.62066 39816
1.62114 41276
1.62165 42736
1.62213 44196
1.62253 45656
1.62307 47116
1.62318 10616
1.62319 12076
1.62319 10616
1.62321 12076
1.62321 10616
1.62323 12076
1.62323 10616
1.62326 12076
1.62326 10616
1.62327 12076
1.62327 10616
1.62329 12076
1.62329 10616
1.6233 12076
1.6233 10616
1.62337 12076
1.62339 13536
1.62346 14996
1.62349 16456
1.62351 17916
1.62354 19376
1.62356 20836
1.62359 22296
1.6236 23756
1.62392 25216
1.62461 26676
1.62514 28136
1.62568 29596
1.62619 31056
1.62669 32516
1.6272 33976
1.62772 35436
1.62825 36896
1.62868 38356
1.62919 39816
1.62964 41276
1.6302 42736
1.63067 44196
1.63102 10616
1.63105 12076
1.63105 10616
1.63106 12076
1.63107 13536
1.63108 14996
1.63108 10616
1.63116 12076
1.63116 10616
1.63123 12076
1.63124 13536
1.63125 14996
1.63128 16456
1.63129 17916
1.63133 19376
1.63135 20836
1.63139 22296
1.63141 23756
1.63156 25216
1.63214 26676
1.63269 28136
1.63322 29596
1.63375 31056
1.63426 32516
1.63476 33976
1.63527 35436
1.63579 36896
1.63624 38356
1.6366 39816
1.63713 41276
1.63771 42736
1.63817 44196
1.63857 45656
1.63877 10616
1.63888 12076
1.63888 10616
1.63891 12076
1.63893 13536
1.63899 14996
1.63903 16456
1.63906 17916
1.63907 19376
1.63908 20836
1.6391 22296
1.63912 23756
1.6393 25216
1.63986 26676
1.64041 28136
1.64095 29596
1.64148 31056
1.64197 32516
1.64246 33976
1.64295 35436
1.64347 36896
1.64399 38356
1.64451 39816
1.64486 41276
1.64538 42736
1.64594 44196
1.64628 45656
1.64644 10616
1.64652 12076
1.64652 10616
1.64654 12076
1.64656 13536
1.64656 10616
1.64658 12076
1.64658 10616
1.6466 12076
1.64661 13536
1.64664 14996
1.64665 16456
1.64666 17916
1.64667 19376
1.64669 20836
1.64671 22296
1.64672 23756
1.64726 25216
1.64782 26676
1.64835 28136
1.64887 29596
1.64938 31056
1.64989 32516
1.6504 33976
1.65093 35436
1.65147 36896
1.65202 38356
1.65229 39816
1.65284 41276
1.65341 42736
1.654 44196
1.65427 45656
1.65434 10616
1.65435 12076
1.65435 10616
1.65438 12076
1.65441 13536
1.65441 10616
1.65461 12076
1.65472 13536
1.65475 14996
1.65476 16456
1.65477 17916
1.65478 19376
1.65479 20836
1.65481 22296
1.65482 23756
1.65505 25216
1.65585 26676
1.65639 28136
1.65692 29596
1.65743 31056
1.65793 32516
1.65845 33976
1.65896 35436
1.65946 36896
1.65978 38356
1.66032 39816
1.66088 41276
1.66145 42736
1.66173 44196
1.66231 45656
1.66235 10616
1.66236 12076
1.66236 10616
1.66238 12076
1.66238 10616
1.6624 12076
1.66241 13536
1.66241 10616
1.66243 12076
1.66243 10616
1.66244 12076
1.66245 13536
1.66246 14996
1.66246 10616
1.66249 12076
1.66249 10616
1.6625 12076
1.66252 13536
1.66274 14996
1.6628 16456
1.66285 17916
1.66288 19376
1.66289 20836
1.66291 22296
1.66294 23756
1.66347 25216
1.66405 26676
1.66458 28136
1.6651 29596
1.66561 31056
1.66611 32516
1.66663 33976
1.66715 35436
1.66771 36896
1.66823 38356
1.66853 39816
1.6691 41276
1.66968 42736
1.67025 44196
1.67042 10616
1.67044 12076
1.67044 10616
1.67045 12076
1.67047 13536
1.67047 10616
1.67048 12076
1.67048 10616
1.67051 12076
1.67052 13536
1.67053 14996
1.67053 10616
1.67055 12076
1.67055 10616
1.67056 12076
1.67057 13536
1.67058 14996
1.67061 16456
1.67062 17916
1.67083 19376
1.67092 20836
1.67096 22296
1.67097 23756
1.67112 25216
1.6717 26676
1.67247 28136
1.67299 29596
1.67352 31056
1.67404 32516
1.67455 33976
1.67509 35436
1.67539 36896
1.67594 38356
1.6765 39816
1.67707 41276
1.67756 42736
1.67796 44196
1.67827 10616
1.6783 12076
1.6784 13536
1.67843 14996
1.67845 16456
1.67847 17916
1.67848 19376
1.67849 20836
1.67851 22296
1.67852 23756
1.67869 25216
1.67925 26676
1.67978 28136
1.68033 29596
1.68084 31056
1.68134 32516
1.68183 33976
1.68232 35436
1.68282 36896
1.68333 38356
1.68386 39816
1.68419 41276
1.68472 42736
1.68526 44196
1.68559 45656
1.68601 10616
1.68603 12076
1.68603 10616
1.68605 12076
1.68605 10616
1.68608 12076
1.68608 10616
1.68609 12076
1.6861 13536
1.68611 14996
1.68611 10616
1.68614 12076
1.68616 13536
1.68617 14996
1.68619 16456
1.6862 17916
1.68622 19376
1.68625 20836
1.68626 22296
1.68627 23756
1.68664 25216
1.6872 26676
1.68773 28136
1.68827 29596
1.68879 31056
1.6893 32516
1.6898 33976
1.69032 35436
1.69084 36896
1.69138 38356
1.69165 39816
1.69219 41276
1.69276 42736
1.69335 44196
1.69361 45656
1.69421 47116
1.69461 48576
1.69491 50036
1.69535 51496
1.69562 52956
1.69606 54416
1.69642 55876
1.69678 57336
1.69721 58796
1.6974 10616
1.69742 12076
1.69742 10616
1.69743 12076
1.69744 13536
1.69745 14996
1.69745 10616
1.69746 12076
1.69746 10616
1.69748 12076
1.69748 10616
1.69749 12076
1.69751 13536
1.69751 10616
1.69753 12076
1.69753 10616
1.69754 12076
1.69755 13536
1.69756 14996
1.69757 16456
1.69759 17916
1.6976 19376
1.69761 20836
1.69764 22296
1.69765 23756
1.69787 25216
1.69851 26676
1.69908 28136
1.69964 29596
1.70019 31056
1.70075 32516
1.70134 33976
1.70192 35436
1.7025 36896
1.70299 38356
1.70345 39816
1.70369 10616
1.7037 12076
1.70372 13536
1.70372 10616
1.70374 12076
1.70374 10616
1.7038 12076
1.70386 13536
1.70391 14996
1.70394 16456
1.70397 17916
1.70399 19376
1.70402 20836
1.70404 22296
1.70405 23756
1.70456 25216
1.70511 26676
1.70566 28136
1.70619 29596
1.70671 31056
1.70723 32516
1.70776 33976
1.70824 35436
1.70878 36896
1.70935 38356
1.70966 39816
1.71024 41276
1.71078 42736
1.71138 44196
1.71156 10616
1.7116 12076
1.71162 13536
1.71162 10616
1.71164 12076
1.71164 10616
1.71165 12076
1.71165 10616
1.71167 12076
1.71167 11116
1.71168 12576
1.71168 10616
1.7117 12076
1.7117 10616
1.71171 12076
1.71171 10616
1.71172 12076
1.71172 10616
1.71173 12076
1.71175 13536
1.71176 14996
1.71178 16456
1.71189 17916
1.71193 19376
1.71206 20836
1.71211 22296
1.71214 23756
1.71225 25216
1.71284 26676
1.71361 28136
1.71414 29596
1.71468 31056
1.71519 32516
1.71569 33976
1.7162 35436
1.71651 36896
1.71705 38356
1.71759 39816
1.71815 41276
1.71859 42736
1.71902 44196
1.71948 10616
1.71949 12076
1.71949 10616
1.71952 12076
1.71953 13536
1.71953 10616
1.71954 12076
1.71954 10616
1.71956 12076
1.71956 10616
1.71957 12076
1.71958 13536
1.71959 14996
1.7196 16456
1.71963 17916
1.71964 19376
1.71967 20836
1.71968 22296
1.71969 23756
1.71983 25216
1.72037 26676
1.72107 28136
1.72169 29596
1.72221 31056
1.72272 32516
1.7232 33976
1.72361 35436
1.72403 36896
1.72457 38356
1.72512 39816
1.72567 41276
1.72601 42736
1.72653 44196
1.72713 45656
1.72716 10616
1.72717 12076
1.72717 10616
1.72719 12076
1.72719 10616
1.7272 12076
1.72721 13536
1.72721 10616
1.72722 12076
1.72722 10616
1.72724 12076
1.72724 10616
1.72725 12076
1.72726 13536
1.72727 14996
1.72727 10616
1.72728 12076
1.72728 10616
1.72731 12076
1.72732 13536
1.72733 14996
1.72735 16456
1.72742 17916
1.72746 19376
1.7275 20836
1.72754 22296
1.72755 23756
1.72815 25216
1.72882 26676
1.72938 28136
1.72991 29596
1.73044 31056
1.73094 32516
1.73144 33976
1.73195 35436
1.73247 36896
1.7329 38356
1.7334 39816
1.73394 41276
1.73447 42736
1.73489 44196
1.73511 10616
1.73514 12076
1.73514 10616
1.73516 12076
1.73518 13536
1.73518 10616
1.73521 12076
1.73522 13536
1.73525 14996
1.73527 16456
1.73528 17916
1.73531 19376
1.73532 20836
1.73534 22296
1.73537 23756
1.73569 25216
1.73639 26676
1.73695 28136
1.73747 29596
1.73798 31056
1.73848 32516
1.739 33976
1.73952 35436
1.74002 36896
1.74042 38356
1.74087 39816
1.74142 41276
1.74201 42736
1.74237 44196
1.74286 45656
1.74304 10616
1.74306 12076
1.74308 13536
1.74308 10616
1.74311 12076
1.74311 10616
1.74313 12076
1.74316 13536
1.74319 14996
1.74326 16456
1.74335 17916
1.74338 19376
1.74343 20836
1.74344 22296
1.74345 23756
1.74364 25216
1.74419 26676
1.74474 28136
1.74548 29596
1.74599 31056
1.74649 32516
1.74699 33976
1.7473 35436
1.74781 36896
1.74834 38356
1.74889 39816
1.74943 41276
1.74974 42736
1.75029 44196
1.75087 45656
1.75097 10616
1.75098 12076
1.75098 10616
1.751 12076
1.751 10616
1.75101 12076
1.75103 13536
1.75103 10616
1.75105 12076
1.75105 10616
1.75107 12076
1.75107 10616
1.75108 12076
1.75108 11116
1.75109 12576
1.75109 10616
1.75111 12076
1.75111 10616
1.75113 12076
1.75113 10616
1.75114 12076
1.75116 13536
1.75117 14996
1.75119 16456
1.7512 17916
1.75141 19376
1.7515 20836
1.75154 22296
1.75156 23756
1.75203 25216
1.7526 26676
1.75315 28136
1.75369 29596
1.75421 31056
1.75472 32516
1.75523 33976
1.75576 35436
1.75629 36896
1.75681 38356
1.75712 39816
1.75769 41276
1.75827 42736
1.75881 44196
1.759 10616
1.75901 12076
1.75901 10616
1.75903 12076
1.75904 13536
1.75906 14996
1.75906 10616
1.75908 12076
1.75908 10616
1.75909 12076
1.7591 13536
1.75911 14996
1.75911 10616
1.75913 12076
1.75913 10616
1.75914 12076
1.75915 13536
1.75916 14996
1.75917 16456
1.75919 17916
1.7592 19376
1.75922 20836
1.75924 22296
1.75938 23756
1.75972 25216
1.76028 26676
1.76088 28136
1.7614 29596
1.76192 31056
1.76242 32516
1.76292 33976
1.76345 35436
1.76399 36896
1.76454 38356
1.76509 39816
1.7654 41276
1.76595 42736
1.76655 44196
1.76691 10616
1.76701 12076
1.7671 13536
1.76714 14996
1.76718 16456
1.76721 17916
1.76722 19376
1.76723 20836
1.76726 22296
1.76727 23756
1.76728 25216
1.76782 26676
1.76835 28136
1.76887 29596
1.76938 31056
1.76988 32516
1.77038 33976
1.7709 35436
1.7714 36896
1.77172 38356
1.77222 39816
1.77278 41276
1.77335 42736
1.77365 44196
1.77419 45656
1.77437 10616
1.7744 12076
1.77441 13536
1.77441 10616
1.77442 12076
1.77442 10616
1.77445 12076
1.77466 13536
1.7747 14996
1.77475 16456
1.77477 17916
1.77478 19376
1.77479 20836
1.7748 22296
1.77481 23756
1.77495 25216
1.77551 26676
1.77606 28136
1.77659 29596
1.77711 31056
1.77761 32516
1.7781 33976
1.7786 35436
1.77912 36896
1.77964 38356
1.78019 39816
1.78051 41276
1.78104 42736
1.78161 44196
1.78193 45656
1.78221 10616
1.78224 12076
1.78225 13536
1.78226 14996
1.78227 16456
1.78229 17916
1.7823 19376
1.78232 20836
1.78234 22296
1.78235 23756
1.78264 25216
1.78338 26676
1.78395 28136
1.78448 29596
1.785 31056
1.78551 32516
1.78602 33976
1.78655 35436
1.78699 36896
1.78735 38356
1.78789 39816
1.78846 41276
1.78904 42736
1.7893 44196
1.78984 10616
1.78986 12076
1.78986 10616
1.78987 12076
1.78988 13536
1.78989 14996
1.78989 10616
1.7899 12076
1.7899 10616
1.78992 12076
1.78992 10616
1.78993 12076
1.78994 13536
1.78994 10616
1.78997 12076
1.78997 10616
1.78998 12076
1.78999 13536
1.79 14996
1.79001 16456
1.79003 17916
1.79005 19376
1.79006 20836
1.79008 22296
1.7901 23756
1.79048 25216
1.79105 26676
1.7916 28136
1.79213 29596
1.79266 31056
1.79317 32516
1.79368 33976
1.79421 35436
1.79474 36896
1.79519 38356
1.79555 39816
1.7961 41276
1.79669 42736
1.79716 44196
1.79755 45656
1.79779 11116
1.79788 12576
1.79788 10616
1.7979 12076
1.7979 10616
1.79791 12076
1.79791 10616
1.79796 12076
1.798 13536
1.79804 14996
1.79807 16456
1.7981 17916
1.79811 19376
1.79812 20836
1.79814 22296
1.79815 23756
1.79831 25216
1.79888 26676
1.79942 28136
1.79998 29596
1.80051 31056
1.80102 32516
1.80151 33976
1.80198 35436
1.8025 36896
1.80302 38356
1.8035 39816
1.80391 41276
1.80441 42736
1.80497 44196
1.80548 45656
1.80569 10616
1.8057 12076
1.8057 10616
1.80572 12076
1.80572 10616
1.80574 12076
1.80574 10616
1.80575 12076
1.80575 10616
1.80577 12076
1.80577 10616
1.80578 12076
1.8058 13536
1.8058 10616
1.80581 12076
1.80581 10616
1.80583 12076
1.80583 10616
1.80585 12076
1.80586 13536
1.80588 14996
1.80591 16456
1.80595 17916
1.80596 19376
1.80599 20836
1.806 22296
1.80602 23756
1.80637 25216
1.80715 26676
1.80782 28136
1.80852 29596
1.80924 31056
1.80947 10616
1.80949 12076
1.80949 10616
1.8095 12076
1.80951 13536
1.80951 10616
1.80954 12076
1.80954 10616
1.80956 12076
1.80957 13536
1.80962 14996
1.80965 16456
1.80968 17916
1.80971 19376
1.80983 20836
1.80987 22296
1.80989 23756
1.81045 25216
1.81103 26676
1.81168 28136
1.81225 29596
1.81277 31056
1.81329 32516
1.81381 33976
1.81431 35436
1.81477 36896
1.81523 38356
1.81575 39816
1.81632 41276
1.81677 42736
1.81726 44196
1.81742 10616
1.81746 12076
1.81746 10616
1.81748 12076
1.81748 10616
1.8175 12076
1.8175 10616
1.81752 12076
1.81752 11116
1.81761 12576
1.81764 14036
1.81768 15496
1.81772 16956
1.81773 18416
1.81774 19876
1.81775 21336
1.81777 22796
1.81778 24256
1.8181 25716
1.81882 27176
1.81937 28636
1.81992 30096
1.82043 31556
1.82093 33016
1.82143 34476
1.82192 35936
1.82244 37396
1.82288 38856
1.82337 40316
1.82385 41776
1.82438 43236
1.82484 44696
1.82528 46156
1.82544 10616
1.82547 12076
1.82547 10616
1.8255 12076
1.8255 10616
1.82553 12076
1.82555 13536
1.82555 11116
1.82558 12576
1.82558 10616
1.82559 12076
1.82559 10616
1.8256 12076
1.8256 10616
1.82563 12076
1.82571 13536
1.82576 14996
1.82578 16456
1.8258 17916
1.82581 19376
1.82583 20836
1.82585 22296
1.82586 23756
1.82636 25216
1.82693 26676
1.82749 28136
1.82803 29596
1.82856 31056
1.82905 32516
1.82954 33976
1.83003 35436
1.83055 36896
1.83105 38356
1.83145 39816
1.83199 41276
1.83249 42736
1.83301 44196
1.83344 45656
1.83363 10616
1.83366 12076
1.83366 10616
1.83372 12076
1.83372 10616
1.83374 12076
1.83374 11116
1.83377 12576
1.83377 10616
1.83379 12076
1.83379 10616
1.83383 12076
1.83384 13536
1.83386 14996
1.83389 16456
1.8339 17916
1.83393 19376
1.83394 20836
1.83396 22296
1.83397 23756
1.83423 25216
1.83488 26676
1.83552 28136
1.83605 29596
1.83657 31056
1.83707 32516
1.83756 33976
1.83806 35436
1.83855 36896
1.83901 38356
1.83954 39816
1.83999 41276
1.84051 42736
1.84095 44196
1.84145 45656
1.84161 10616
1.84163 12076
1.84163 10616
1.84164 12076
1.84165 13536
1.84166 14996
1.84166 10616
1.84169 12076
1.84169 10616
1.8417 12076
1.84171 13536
1.84171 11116
1.84172 12576
1.84172 10616
1.84175 12076
1.84175 10616
1.84183 12076
1.84188 13536
1.84189 14996
1.84193 16456
1.84194 17916
1.84197 19376
1.84198 20836
1.84201 22296
1.84202 23756
1.84254 25216
1.8431 26676
1.84366 28136
1.8442 29596
1.84472 31056
1.84521 32516
1.84571 33976
1.8462 35436
1.84672 36896
1.84723 38356
1.84773 39816
1.84815 41276
1.84866 42736
1.8492 44196
1.8496 45656
1.8498 10616
1.84983 12076
1.84983 10616
1.84986 12076
1.84986 10616
1.84989 12076
1.84989 10616
1.8499 12076
1.8499 10616
1.84993 12076
1.84994 13536
1.84995 14996
1.84997 16456
1.84999 17916
1.85 19376
1.85004 20836
1.85005 22296
1.85007 23756
1.85046 25216
1.85113 26676
1.85166 28136
1.8522 29596
1.85272 31056
1.85322 32516
1.85371 33976
1.85421 35436
1.85474 36896
1.85524 38356
1.85559 39816
1.85611 41276
1.85666 42736
1.8572 44196
1.85754 45656
1.85785 10616
1.85791 12076
1.85793 13536
1.85794 14996
1.85796 16456
1.85798 17916
1.85803 19376
1.85804 20836
1.85805 22296
1.85807 23756
1.85826 25216
1.85883 26676
1.85939 28136
1.85993 29596
1.86044 31056
1.86094 32516
1.86144 33976
1.86194 35436
1.86244 36896
1.86296 38356
1.86348 39816
1.86385 41276
1.86439 42736
1.86491 44196
1.86528 45656
1.86545 10616
1.86551 12076
1.86551 10616
1.86554 12076
1.86555 13536
1.86557 14996
1.86557 10616
1.86559 12076
1.86559 10616
1.8656 12076
1.86562 13536
1.86564 14996
1.86566 16456
1.86567 17916
1.86568 19376
1.8657 20836
1.86572 22296
1.86577 23756
1.86631 25216
1.86685 26676
1.86739 28136
1.86791 29596
1.86843 31056
1.86893 32516
1.86942 33976
1.86993 35436
1.87046 36896
1.871 38356
1.87127 39816
1.87181 41276
1.87237 42736
1.87294 44196
1.87323 45656
1.87356 10616
1.87365 12076
1.87368 13536
1.87369 14996
1.8737 16456
1.87372 17916
1.87373 19376
1.87374 20836
1.87375 22296
1.87376 23756
1.87392 25216
1.87448 26676
1.87503 28136
1.87556 29596
1.8761 31056
1.87661 32516
1.8771 33976
1.87758 35436
1.87807 36896
1.87857 38356
1.87912 39816
1.87949 41276
1.87998 42736
1.88051 44196
1.88091 45656
1.88127 10616
1.8813 12076
1.88131 13536
1.88132 14996
1.88132 10616
1.88133 12076
1.88133 10616
1.88136 12076
1.88137 13536
1.8814 14996
1.8814 10616
1.88142 12076
1.88144 13536
1.88149 14996
1.88151 16456
1.88153 17916
1.88154 19376
1.88155 20836
1.88158 22296
1.88159 23756
1.88191 25216
1.88248 26676
1.88303 28136
1.88357 29596
1.8841 31056
1.88461 32516
1.88512 33976
1.88564 35436
1.88617 36896
1.88671 38356
1.88699 39816
1.88754 41276
1.88812 42736
1.88871 44196
1.8889 10616
1.88892 12076
1.88892 10616
1.88893 12076
1.88894 13536
1.88895 14996
1.88895 10616
1.88896 12076
1.88896 10616
1.88898 12076
1.88898 10616
1.88899 12076
1.88901 13536
1.88901 10616
1.88903 12076
1.88903 10616
1.88905 12076
1.88907 13536
1.88918 14996
1.8893 16456
1.88938 17916
1.88943 19376
1.88945 20836
1.88947 22296
1.88948 23756
1.88956 25216
1.89015 26676
1.89069 28136
1.89145 29596
1.89196 31056
1.89247 32516
1.89296 33976
1.89326 35436
1.89379 36896
1.89434 38356
1.89489 39816
1.89543 41276
1.89572 42736
1.89632 44196
1.89689 10616
1.8969 12076
1.89691 13536
1.89693 14996
1.89693 10616
1.89695 12076
1.89695 10616
1.89696 12076
1.89697 13536
1.89698 14996
1.89698 10616
1.897 12076
1.897 10616
1.89702 12076
1.89704 13536
1.89706 14996
1.89707 16456
1.89708 17916
1.89709 19376
1.89711 20836
1.89712 22296
1.89713 23756
1.89714 25216
1.89772 26676
1.89825 28136
1.89892 29596
1.89944 31056
1.89994 32516
1.90043 33976
1.90086 35436
1.90138 36896
1.90192 38356
1.90248 39816
1.90286 41276
1.90332 42736
1.90389 44196
1.90445 45656
1.9046 10616
1.90461 12076
1.90461 10616
1.90463 12076
1.90463 10616
1.90464 12076
1.90464 10616
1.90465 12076
1.90465 10616
1.90466 12076
1.90466 10616
1.90467 12076
1.90467 10616
1.90469 12076
1.90469 10616
1.9047 12076
1.9047 10616
1.90472 12076
1.90472 10616
1.90474 12076
1.90474 10616
1.90475 12076
1.90475 10616
1.90476 12076
1.90476 10616
1.90477 12076
1.9048 13536
1.90487 14996
1.90493 16456
1.90494 17916
1.90497 19376
1.90499 20836
1.90501 22296
1.90508 23756
1.9055 25216
1.90609 26676
1.90673 28136
1.9073 29596
1.90784 31056
1.90835 32516
1.90887 33976
1.90931 35436
1.90974 36896
1.91025 38356
1.91082 39816
1.91136 41276
1.91172 42736
1.91226 44196
1.91245 10616
1.91255 12076
1.91259 13536
1.91259 10616
1.91264 12076
1.91271 13536
1.91276 14996
1.91277 16456
1.91278 17916
1.91281 19376
1.91282 20836
1.91284 22296
1.91286 23756
1.91303 25216
1.91359 26676
1.91417 28136
1.91472 29596
1.91524 31056
1.91574 32516
1.91623 33976
1.91672 35436
1.91719 36896
1.91772 38356
1.91827 39816
1.91868 41276
1.91915 42736
1.91969 44196
1.92025 45656
1.9204 10616
1.92041 12076
1.92041 10616
1.92043 12076
1.92043 10616
1.92044 12076
1.92044 10616
1.92045 12076
1.92045 10616
1.92047 12076
1.92047 10616
1.92049 12076
1.92049 10616
1.9205 12076
1.9205 10616
1.92052 12076
1.92052 10616
1.92055 12076
1.92055 10616
1.92057 12076
1.9206 13536
1.92062 14996
1.92066 16456
1.92068 17916
1.92071 19376
1.92073 20836
1.92076 22296
1.92078 23756
1.92114 25216
1.92178 26676
1.92231 28136
1.92285 29596
1.92336 31056
1.92386 32516
1.92437 33976
1.92489 35436
1.92542 36896
1.92596 38356
1.92654 39816
1.92682 41276
1.92738 42736
1.92798 44196
1.92825 10616
1.92836 12076
1.92836 10616
1.92847 12076
1.92858 13536
1.92863 14996
1.92864 16456
1.92866 17916
1.92867 19376
1.92868 20836
1.92869 22296
1.92872 23756
1.92873 25216
1.92926 26676
1.9298 28136
1.93032 29596
1.93084 31056
1.93134 32516
1.93183 33976
1.93235 35436
1.93287 36896
1.93315 38356
1.93367 39816
1.93422 41276
1.93478 42736
1.93507 44196
1.93563 45656
1.93582 10616
1.93583 12076
1.93583 10616
1.93605 12076
1.93614 13536
1.93616 14996
1.93618 16456
1.93619 17916
1.9362 19376
1.93621 20836
1.93624 22296
1.93625 23756
1.93635 25216
1.93691 26676
1.93745 28136
1.93799 29596
1.9385 31056
1.939 32516
1.9395 33976
1.94 35436
1.94051 36896
1.94104 38356
1.94133 39816
1.94187 41276
1.94242 42736
1.94299 44196
1.94328 45656
1.94372 10616
1.94373 12076
1.94373 10616
1.94376 12076
1.94377 13536
1.94378 14996
1.94378 10616
1.94379 12076
1.94379 10616
1.94382 12076
1.94383 13536
1.94383 10616
1.94384 12076
1.94384 10616
1.94386 12076
1.94386 10616
1.94388 12076
1.94389 13536
1.94391 14996
1.94392 16456
1.94393 17916
1.94394 19376
1.94397 20836
1.94398 22296
1.94399 23756
1.94441 25216
1.94497 26676
1.94551 28136
1.94605 29596
1.94657 31056
1.94708 32516
1.94759 33976
1.94812 35436
1.94866 36896
1.9492 38356
1.94948 39816
1.95004 41276
1.95063 42736
1.95118 44196
1.95135 10616
1.95136 12076
1.95136 10616
1.95138 12076
1.95138 10616
1.95139 12076
1.9514 13536
1.9514 10616
1.95141 12076
1.95141 10616
1.95143 12076
1.95143 10616
1.95144 12076
1.95145 13536
1.95146 14996
1.95146 10616
1.95147 12076
1.95147 10616
1.95149 12076
1.95149 10616
1.95151 12076
1.95152 13536
1.95154 14996
1.95155 16456
1.95157 17916
1.95158 19376
1.9516 20836
1.95171 22296
1.9519 23756
1.95214 25216
1.95289 26676
1.95379 28136
1.95451 29596
1.95512 10616
1.95517 12076
1.95517 10616
1.9552 12076
1.9552 10616
1.95523 12076
1.95523 10616
1.95526 12076
1.95526 10616
1.95529 12076
1.95533 13536
1.95534 14996
1.95535 16456
1.95537 17916
1.95538 19376
1.95539 20836
1.9554 22296
1.95544 23756
1.9556 25216
1.95637 26676
1.95691 28136
1.95745 29596
1.95797 31056
1.95848 32516
1.959 33976
1.95952 35436
1.96 36896
1.96033 38356
1.96088 39816
1.96146 41276
1.96204 42736
1.96231 44196
1.96275 10616
1.96278 12076
1.96279 13536
1.9628 14996
1.9628 10616
1.96281 12076
1.96281 10616
1.96283 12076
1.96283 10616
1.96284 12076
1.96285 13536
1.96286 14996
1.96286 10616
1.96288 12076
1.96288 10616
1.96289 12076
1.9629 13536
1.96291 14996
1.96292 16456
1.96294 17916
1.96295 19376
1.96296 20836
1.96297 22296
1.96299 23756
1.9635 25216
1.96406 26676
1.96459 28136
1.96513 29596
1.96565 31056
1.96616 32516
1.96667 33976
1.9672 35436
1.96775 36896
1.96829 38356
1.96857 39816
1.96913 41276
1.96972 42736
1.97031 44196
1.97048 10616
1.97049 12076
1.97049 10616
1.97051 12076
1.97051 10616
1.97052 12076
1.97053 13536
1.97054 14996
1.97054 10616
1.97055 12076
1.97055 10616
1.97058 12076
1.97059 13536
1.97059 10616
1.97062 12076
1.97062 10616
1.97063 12076
1.97064 13536
1.97065 14996
1.97068 16456
1.97074 17916
1.97087 19376
1.971 20836
1.97104 22296
1.97107 23756
1.97118 25216
1.97175 26676
1.97255 28136
1.9731 29596
1.97362 31056
1.97413 32516
1.97466 33976
1.97519 35436
1.97546 36896
1.97602 38356
1.97659 39816
1.97718 41276
1.97759 42736
1.97804 44196
1.9783 10616
1.97832 12076
1.97847 13536
1.97852 14996
1.97855 16456
1.97856 17916
1.97858 19376
1.97859 20836
1.97861 22296
1.97863 23756
1.97877 25216
1.97933 26676
1.97987 28136
1.9804 29596
1.98092 31056
1.98142 32516
1.9819 33976
1.9824 35436
1.9829 36896
1.98342 38356
1.98396 39816
1.98425 41276
1.9848 42736
1.98534 44196
1.98566 45656
1.98613 10616
1.98616 12076
1.98617 13536
1.98617 10616
1.98618 12076
1.98618 10616
1.9862 12076
1.9862 10616
1.98621 12076
1.98622 13536
1.98624 14996
1.98624 10616
1.98627 12076
1.98628 13536
1.98629 14996
1.98631 16456
1.98632 17916
1.98634 19376
1.98635 20836
1.98638 22296
1.9864 23756
1.98673 25216
1.98729 26676
1.98784 28136
1.98837 29596
1.9889 31056
1.98941 32516
1.98991 33976
1.99041 35436
1.99093 36896
1.99146 38356
1.99176 39816
1.99231 41276
1.99286 42736
1.99343 44196
1.99372 45656
1.99432 47116
1.9947 48576
1.995 50036
1.99541 51496
1.99574 52956
1.99615 54416
1.99658 55876
1.99689 57336
1.99731 58796
1.99757 10616
1.99758 12076
1.99758 10616
1.9976 12076
1.9976 10616
1.99761 12076
1.99762 13536
1.99763 14996
1.99763 10616
1.99764 12076
1.99764 10616
1.99766 12076
1.99767 13536
1.99768 14996
1.99768 10616
1.99771 12076
1.99771 10616
1.99772 12076
1.99773 13536
1.99776 14996
1.99778 16456
1.99779 17916
1.99782 19376
1.99783 20836
1.99793 22296
1.99798 23756
1.99805 25216
1.99858 26676
1.99913 28136
1.99965 29596
2.00016 31056
2.00064 2920
2.00066 4380
2.00066 2920
2.00067 4380
2.00067 2920
2.00068 4380
2.00068 2920
2.00069 4380
2.00069 2920
2.0007 4380
2.0007 2920
2.00072 4380
2.00072 2920
2.00074 4380
2.00074 2920
2.00075 4380
2.00075 2920
2.00077 4380
2.00077 2920
2.00078 4380
2.00078 2920
2.00079 4380
2.00079 2920
2.00081 4380
2.00084 5840
2.00086 7300
2.0013 8760
2.00133 10220
2.00135 11680
2.00136 13140
2.00137 14600
2.00137 2920
2.00138 4380
2.00138 2920
2.00207 4380
2.00207 3936
2.00212 5396
2.00212 4184
2.00214 5644
2.00214 4352
2.00216 5812
2.00216 4352
2.00217 5812
2.00217 4352
2.00218 5812
2.00218 4436
2.00219 5896
2.00219 4268
2.00322 5728
2.00322 5516
2.00323 6976
2.00323 5436
2.00443 6896
2.00443 2936
2.00445 4396
2.00445 2936
2.00446 4396
2.00446 2936
2.00535 4396
2.00535 2920
2.00536 4380
2.00536 2920
2.00626 4380
2.00626 2920
2.00627 4380
2.00627 2920
2.00716 4380
2.00716 2920
2.00718 4380
2.00718 2920
2.00807 4380
2.00807 2920
2.00808 4380
2.00808 2920
2.00897 4380
2.00897 2920
2.00899 4380
2.00899 2920
2.00988 4380
2.00988 2920
2.00989 4380
2.00989 2920
2.01079 4380
2.01079 2920
2.0108 4380
2.0108 2920
2.01169 4380
2.01169 2920
2.0117 4380
2.0117 2920
2.01257 4380
2.01258 5840
2.01307 7300
2.01309 8760
2.01311 10220
2.01313 11680
2.01356 13140
2.01359 14600
2.01361 16060
2.01364 17520
2.01366 18980
2.01369 20440
2.01371 21900
2.01372 23360
2.01411 24820
2.01469 26280
2.01525 27740
2.01579 29200
2.01631 30660
2.01681 32120
2.0173 33580
2.0178 35040
2.0183 36500
2.0188 37960
2.01922 39420
2.01971 40880
2.02022 42340
2.02075 43800
2.02113 45260
2.02144 10616
2.02146 12076
2.02148 13536
2.0215 14996
2.02152 16456
2.02153 17916
2.02156 19376
2.02158 20836
2.02161 22296
2.02162 23756
2.02185 25216
2.02241 26676
2.02302 28136
2.02357 29596
2.02409 31056
2.02459 32516
2.02508 33976
2.02557 35436
2.02602 36896
2.02654 38356
2.02707 39816
2.02751 41276
2.02798 42736
2.0285 44196
2.02899 45656
2.02915 10616
2.02916 12076
2.02916 10616
2.02918 12076
2.02918 10616
2.02919 12076
2.02921 13536
2.02921 10616
2.02923 12076
2.02923 10616
2.02925 12076
2.02925 10616
2.02926 12076
2.02926 11116
2.02927 12576
2.02927 10616
2.02929 12076
2.02929 10616
2.0293 12076
2.0293 10616
2.02932 12076
2.02936 13536
2.0294 14996
2.02942 16456
2.02946 17916
2.02949 19376
2.02952 20836
2.02954 22296
2.02958 23756
2.03008 25216
2.03064 26676
2.03118 28136
2.03172 29596
2.03224 31056
2.03274 32516
2.03324 33976
2.03376 35436
2.03429 36896
2.03482 38356
2.03526 39816
2.03571 41276
2.03624 42736
2.03682 44196
2.03701 10616
2.03703 12076
2.03705 13536
2.03705 10616
2.03706 12076
2.03706 10616
2.03709 12076
2.0371 13536
2.03712 14996
2.03712 10616
2.03714 12076
2.03716 13536
2.03717 14996
2.03724 16456
2.03732 17916
2.03736 19376
2.03741 20836
2.03747 22296
2.03752 23756
2.03764 25216
2.03822 26676
2.03877 28136
2.03929 29596
2.0398 31056
2.0403 32516
2.0408 33976
2.04132 35436
2.04183 36896
2.04236 38356
2.04288 39816
2.04321 41276
2.04376 42736
2.04433 44196
2.04488 45656
2.04495 10616
2.04498 12076
2.04498 10616
2.04501 12076
2.04501 10616
2.04502 12076
2.04502 10616
2.04504 12076
2.04504 10616
2.04505 12076
2.04505 10616
2.04507 12076
2.04507 10616
2.04509 12076
2.04509 10616
2.0451 12076
2.0451 10616
2.04511 12076
2.04511 10616
2.04512 12076
2.04514 13536
2.04515 14996
2.04517 16456
2.04518 17916
2.0452 19376
2.04521 20836
2.04522 22296
2.04523 23756
2.04576 25216
2.04631 26676
2.04685 28136
2.04739 29596
2.04791 31056
2.04842 32516
2.04893 33976
2.04946 35436
2.05 36896
2.05055 38356
2.0511 39816
2.05137 41276
2.05195 42736
2.05255 44196
2.05285 10616
2.05297 12076
2.05297 10616
2.05306 12076
2.05313 13536
2.05318 14996
2.05319 16456
2.05322 17916
2.05324 19376
2.05326 20836
2.05327 22296
2.05328 23756
2.05329 25216
2.05383 26676
2.05436 28136
2.05488 29596
2.05539 31056
2.05589 32516
2.05639 33976
2.05691 35436
2.05743 36896
2.05769 38356
2.05823 39816
2.05878 41276
2.05933 42736
2.0596 44196
2.06018 45656
2.06075 10616
2.06076 12076
2.06076 10616
2.06078 12076
2.06078 10616
2.06079 12076
2.06081 13536
2.06081 10616
2.06082 12076
2.06082 10616
2.06084 12076
2.06084 10616
2.06085 12076
2.06085 10616
2.06086 12076
2.06086 11116
2.06087 12576
2.06087 10616
2.06089 12076
2.06089 10616
2.0609 12076
2.0609 10616
2.06091 12076
2.06091 10616
2.06092 12076
2.06093 13536
2.06095 14996
2.06096 16456
2.06097 17916
2.06098 19376
2.061 20836
2.06102 22296
2.06103 23756
2.06106 25216
2.06171 26676
2.06266 28136
2.06337 29596
2.06407 31056
2.06474 10616
2.06478 12076
2.06479 13536
2.0648 14996
2.0648 10616
2.06483 12076
2.06484 13536
2.06485 14996
2.06485 11116
2.06486 12576
2.06486 10616
2.06489 12076
2.06489 10616
2.06491 12076
2.06493 13536
2.06495 14996
2.06496 16456
2.06497 17916
2.06499 19376
2.065 20836
2.06502 22296
2.06505 23756
2.06529 25216
2.06604 26676
2.06658 28136
2.06712 29596
2.06764 31056
2.06815 32516
2.06866 33976
2.06919 35436
2.06973 36896
2.06999 38356
2.07052 39816
2.0711 41276
2.07169 42736
2.07196 44196
2.07248 10616
2.07249 12076
2.07249 10616
2.07251 12076
2.07251 10616
2.07252 12076
2.07253 13536
2.07253 10616
2.07254 12076
2.07254 10616
2.07257 12076
2.07259 13536
2.07259 10616
2.0726 12076
2.0726 10616
2.07262 12076
2.07262 10616
2.07264 12076
2.07265 13536
2.07267 14996
2.07268 16456
2.0727 17916
2.07271 19376
2.07273 20836
2.07289 22296
2.07305 23756
2.07313 25216
2.07371 26676
2.07426 28136
2.0748 29596
2.07532 31056
2.07583 32516
2.07634 33976
2.07687 35436
2.07741 36896
2.07796 38356
2.07836 39816
2.07879 41276
2.07935 42736
2.07995 44196
2.08022 45656
2.08041 10616
2.08044 12076
2.08053 13536
2.08063 14996
2.08066 16456
2.08068 17916
2.08069 19376
2.0807 20836
2.08071 22296
2.08072 23756
2.08096 25216
2.08152 26676
2.08229 28136
2.08281 29596
2.08332 31056
2.08383 32516
2.08434 33976
2.08484 35436
2.08515 36896
2.08568 38356
2.08621 39816
2.08678 41276
2.08707 42736
2.08762 44196
2.08821 45656
2.08828 10616
2.08829 12076
2.08829 10616
2.08831 12076
2.08831 10616
2.08832 12076
2.08833 13536
2.08833 10616
2.08834 12076
2.08834 10616
2.08837 12076
2.08838 13536
2.0884 14996
2.0884 10616
2.08842 12076
2.08842 10616
2.08843 12076
2.08843 10616
2.08844 12076
2.08844 10616
2.08847 12076
2.08848 13536
2.0885 14996
2.08871 16456
2.08878 17916
2.08883 19376
2.08886 20836
2.08887 22296
2.08888 23756
2.08942 25216
2.08996 26676
2.0905 28136
2.09103 29596
2.09154 31056
2.09205 32516
2.09257 33976
2.09308 35436
2.09362 36896
2.09418 38356
2.09446 39816
2.09504 41276
2.0956 42736
2.0962 44196
2.09647 10616
2.09648 12076
2.09648 10616
2.0965 12076
2.0965 10616
2.09651 12076
2.09653 13536
2.09653 10616
2.09656 12076
2.09677 13536
2.09686 14996
2.0969 16456
2.09692 17916
2.09694 19376
2.09695 20836
2.09696 22296
2.09697 23756
2.09699 25216
2.09755 26676
2.09808 28136
2.09861 29596
2.09912 31056
2.09963 32516
2.10014 33976
2.10067 35436
2.1012 36896
2.10171 38356
2.10202 39816
2.10259 41276
2.10316 42736
2.10366 44196
2.10387 10616
2.1039 12076
2.10391 13536
2.10392 14996
2.10392 10616
2.10393 12076
2.10393 10616
2.10395 12076
2.10395 10616
2.10396 12076
2.10397 13536
2.10398 14996
2.10398 10616
2.104 12076
2.104 10616
2.10402 12076
2.10403 13536
2.10404 14996
2.10406 16456
2.10407 17916
2.10408 19376
2.10409 20836
2.10411 22296
2.10412 23756
2.10461 25216
2.10517 26676
2.10571 28136
2.10625 29596
2.10677 31056
2.10728 32516
2.10779 33976
2.10832 35436
2.10886 36896
2.10941 38356
2.10989 39816
2.11023 41276
2.11081 42736
2.11141 44196
2.11171 10616
2.11175 12076
2.1118 13536
2.11189 14996
2.11194 16456
2.11198 17916
2.11201 19376
2.11205 20836
2.1121 22296
2.11212 23756
2.11213 25216
2.11266 26676
2.1132 28136
2.11372 29596
2.11423 31056
2.11473 32516
2.11523 33976
2.11574 35436
2.11625 36896
2.11654 38356
2.11707 39816
2.11762 41276
2.11817 42736
2.11844 44196
2.11901 45656
2.1196 47116
2.11961 10616
2.11962 12076
2.11962 10616
2.11964 12076
2.11964 10616
2.11965 12076
2.11967 13536
2.11967 10616
2.11968 12076
2.11968 10616
2.1197 12076
2.1197 10616
2.11971 12076
2.11971 10616
2.11972 12076
2.11972 11116
2.11973 12576
2.11973 10616
2.11975 12076
2.11975 10616
2.11976 12076
2.11976 10616
2.11977 12076
2.11977 10616
2.11979 12076
2.11981 13536
2.11982 14996
2.11983 16456
2.11984 17916
2.11986 19376
2.11987 20836
2.11988 22296
2.11989 23756
2.12054 25216
2.12151 26676
2.12221 28136
2.1229 29596
2.1236 10616
2.12361 12076
2.12361 10616
2.12364 12076
2.12365 13536
2.12367 14996
2.12367 10616
2.12369 12076
2.1237 13536
2.12372 14996
2.12372 10616
2.12375 12076
2.12376 13536
2.12379 14996
2.1238 16456
2.12382 17916
2.12385 19376
2.12405 20836
2.12419 22296
2.12427 23756
2.12432 25216
2.1249 26676
2.12544 28136
2.12598 29596
2.1265 31056
2.12701 32516
2.12752 33976
2.12805 35436
2.12859 36896
2.12915 38356
2.12951 39816
2.12997 41276
2.13056 42736
2.13117 44196
2.13143 45656
2.13156 10616
2.1316 12076
2.13171 13536
2.13181 14996
2.13184 16456
2.13188 17916
2.13191 19376
2.13192 20836
2.13193 22296
2.13194 23756
2.13216 25216
2.13272 26676
2.13351 28136
2.13403 29596
2.13454 31056
2.13504 32516
2.13556 33976
2.13608 35436
2.13638 36896
2.13692 38356
2.13747 39816
2.13802 41276
2.13837 42736
2.1389 44196
2.13946 10616
2.13947 12076
2.13947 10616
2.1395 12076
2.13951 13536
2.13951 10616
2.13952 12076
2.13952 10616
2.13954 12076
2.13954 10616
2.13955 12076
2.13957 13536
2.13957 10616
2.13958 12076
2.13958 10616
2.1396 12076
2.1396 10616
2.13961 12076
2.13961 10616
2.13962 12076
2.13963 13536
2.13965 14996
2.13966 16456
2.13968 17916
2.1397 19376
2.13971 20836
2.13973 22296
2.13976 23756
2.13983 25216
2.14074 26676
2.14141 28136
2.14211 29596
2.14282 31056
2.14302 10616
2.14306 12076
2.14306 10616
2.1431 12076
2.14312 13536
2.14312 11116
2.14331 12576
2.14343 14036
2.14347 15496
2.14348 16956
2.14349 18416
2.1435 19876
2.14351 21336
2.14354 22796
2.14355 24256
2.14405 25716
2.14461 27176
2.14515 28636
2.14569 30096
2.1462 31556
2.1467 33016
2.14722 34476
2.14773 35936
2.14826 37396
2.14879 38856
2.14917 40316
2.14966 41776
2.15023 43236
2.1508 44696
2.15103 10616
2.15105 12076
2.15105 10616
2.15106 12076
2.15107 13536
2.15107 10616
2.15108 12076
2.15108 10616
2.15111 12076
2.15114 13536
2.15114 10616
2.15119 12076
2.15123 13536
2.15125 14996
2.15128 16456
2.15141 17916
2.15148 19376
2.15151 20836
2.15154 22296
2.15155 23756
2.15162 25216
2.15219 26676
2.15275 28136
2.15329 29596
2.1538 31056
2.1543 32516
2.1548 33976
2.1553 35436
2.15581 36896
2.15635 38356
2.15688 39816
2.15721 41276
2.15776 42736
2.15832 44196
2.15865 45656
2.15886 10616
2.15893 12076
2.15893 10616
2.15896 12076
2.15897 13536
2.15901 14996
2.15902 16456
2.15903 17916
2.15904 19376
2.15906 20836
2.15907 22296
2.15909 23756
2.15939 25216
2.16016 26676
2.1607 28136
2.16122 29596
2.16173 31056
2.16223 32516
2.16273 33976
2.16324 35436
2.16375 36896
2.16408 38356
2.16457 39816
2.1651 41276
2.16568 42736
2.166 44196
2.16652 45656
2.16679 10616
2.16698 12076
2.16704 13536
2.16708 14996
2.16709 16456
2.1671 17916
2.16711 19376
2.16712 20836
2.16714 22296
2.16715 23756
2.16723 25216
2.16778 26676
2.16833 28136
2.16885 29596
2.16939 31056
2.1699 32516
2.17039 33976
2.17086 35436
2.17136 36896
2.17188 38356
2.17227 39816
2.17277 41276
2.17327 42736
2.17379 44196
2.17418 45656
2.17463 10616
2.17464 12076
2.17464 10616
2.17467 12076
2.17468 13536
2.17468 10616
2.17471 12076
2.17471 10616
2.17472 12076
2.17474 13536
2.17474 10616
2.17478 12076
2.17482 13536
2.17483 14996
2.17484 16456
2.17485 17916
2.17488 19376
2.17489 20836
2.1749 22296
2.17491 23756
2.17501 25216
2.17556 26676
2.17622 28136
2.17679 29596
2.17731 31056
2.17781 32516
2.1783 33976
2.17876 35436
2.17917 36896
2.1797 38356
2.18026 39816
2.18075 41276
2.18109 42736
2.18165 44196
2.18225 45656
2.18242 10616
2.18245 12076
2.18245 10616
2.18246 12076
2.18248 13536
2.18248 10616
2.1825 12076
2.1825 10616
2.18252 12076
2.18263 13536
2.18269 14996
2.1827 16456
2.18275 17916
2.1828 19376
2.18283 20836
2.18285 22296
2.18288 23756
2.18303 25216
2.18358 26676
2.18412 28136
2.18464 29596
2.18515 31056
2.18565 32516
2.18615 33976
2.18666 35436
2.18719 36896
2.18773 38356
2.18798 39816
2.18854 41276
2.1891 42736
2.18969 44196
2.18995 45656
2.19053 47116
2.19096 48576
2.19124 50036
2.19166 51496
2.19195 52956
2.19237 54416
2.19284 55876
2.1931 57336
2.19357 58796
2.19383 60256
2.19399 10616
2.19401 12076
2.19401 10616
2.19403 12076
2.19403 10616
2.19404 12076
2.19404 10616
2.19419 12076
2.19423 13536
2.19425 14996
2.19426 16456
2.19428 17916
2.19429 19376
2.1943 20836
2.19431 22296
2.19432 23756
2.19445 25216
2.19499 26676
2.19555 28136
2.1961 29596
2.19662 31056
2.19712 32516
2.1976 33976
2.19808 35436
2.19856 36896
2.19891 38356
2.19942 39816
2.19994 41276
2.20044 42736
2.20078 44196
2.20133 45656
2.20186 47116
2.20204 10616
2.20205 12076
2.20205 10616
2.20207 12076
2.20207 10616
2.20209 12076
2.2021 13536
2.2021 10616
2.20211 12076
2.20211 10616
2.20214 12076
2.20215 13536
2.20215 10616
2.20216 12076
2.20216 10616
2.20218 12076
2.20218 10616
2.20219 12076
2.20219 10616
2.2022 12076
2.2022 10616
2.20221 12076
2.20224 13536
2.20225 14996
2.20238 16456
2.20248 17916
2.20252 19376
2.20254 20836
2.20255 22296
2.20258 23756
2.20274 25216
2.20355 26676
2.2041 28136
2.20463 29596
2.20514 31056
2.20565 32516
2.20617 33976
2.20668 35436
2.20721 36896
2.2075 38356
2.20804 39816
2.2086 41276
2.20918 42736
2.20946 44196
2.20996 10616
2.20997 12076
2.20997 10616
2.20999 12076
2.20999 10616
2.21 12076
2.21002 13536
2.21002 10616
2.21003 12076
2.21003 10616
2.21005 12076
2.21006 13536
2.21007 14996
2.21007 10616
2.21008 12076
2.21008 10616
2.21011 12076
2.21012 13536
2.21013 14996
2.21015 16456
2.21016 17916
2.21017 19376
2.21019 20836
2.21022 22296
2.21024 23756
2.21062 25216
2.21119 26676
2.21175 28136
2.21229 29596
2.21281 31056
2.21332 32516
2.21383 33976
2.21436 35436
2.21489 36896
2.21543 38356
2.21571 39816
2.21626 41276
2.21685 42736
2.21742 44196
2.21764 10616
2.21765 12076
2.21765 10616
2.21767 12076
2.21767 10616
2.21769 12076
2.2177 13536
2.2177 10616
2.21771 12076
2.21771 10616
2.21773 12076
2.21773 10616
2.21774 12076
2.21776 13536
2.21776 10616
2.2178 12076
2.21791 13536
2.21802 14996
2.21809 16456
2.21814 17916
2.21816 19376
2.21817 20836
2.21819 22296
2.21822 23756
2.21827 25216
2.21886 26676
2.2194 28136
2.21993 29596
2.22044 31056
2.22094 32516
2.22144 33976
2.22194 35436
2.22247 36896
2.22301 38356
2.22356 39816
2.22385 41276
2.22439 42736
2.22498 44196
2.22527 45656
2.22557 10616
2.22561 12076
2.22563 13536
2.22564 14996
2.22565 16456
2.22566 17916
2.22569 19376
2.2257 20836
2.22571 22296
2.22572 23756
2.22598 25216
2.22672 26676
2.22732 28136
2.22784 29596
2.22835 31056
2.22885 32516
2.22935 33976
2.22986 35436
2.2303 36896
2.23065 38356
2.23117 39816
2.23172 41276
2.2323 42736
2.23256 44196
2.23313 45656
2.23371 10616
2.23372 12076
2.23373 13536
2.23374 14996
2.23374 10616
2.23376 12076
2.23376 10616
2.23377 12076
2.23378 13536
2.23379 14996
2.23379 10616
2.2338 12076
2.2338 10616
2.23382 12076
2.23382 10616
2.23383 12076
2.23383 10616
2.23384 12076
2.23384 10616
2.23385 12076
2.23387 13536
2.23388 14996
2.2339 16456
2.23391 17916
2.23393 19376
2.23394 20836
2.23395 22296
2.23396 23756
2.23399 25216
2.23458 26676
2.23512 28136
2.23574 29596
2.23626 31056
2.23676 32516
2.23724 33976
2.2377 35436
2.23822 36896
2.23874 38356
2.23929 39816
2.23962 41276
2.24011 42736
2.24068 44196
2.2412 45656
2.24136 10616
2.24137 12076
2.24137 10616
2.24139 12076
2.24139 10616
2.2414 12076
2.24141 13536
2.24142 14996
2.24142 10616
2.24143 12076
2.24143 10616
2.24145 12076
2.24146 13536
2.24148 14996
2.24148 10616
2.24151 12076
2.24152 13536
2.24153 14996
2.24155 16456
2.24157 17916
2.24159 19376
2.24163 20836
2.24166 22296
2.24168 23756
2.2421 25216
2.24268 26676
2.24321 28136
2.24374 29596
2.24426 31056
2.24477 32516
2.24528 33976
2.24581 35436
2.24635 36896
2.2469 38356
2.24739 39816
2.24772 41276
2.24829 42736
2.24889 44196
2.24926 45656
2.24926 10616
2.24933 12076
2.24933 10616
2.24938 12076
2.24944 13536
2.24948 14996
2.24953 16456
2.24958 17916
2.24959 19376
2.2496 20836
2.24962 22296
2.24963 23756
2.25018 25216
2.25072 26676
2.25127 28136
2.25179 29596
2.25231 31056
2.25282 32516
2.25332 33976
2.25384 35436
2.25437 36896
2.25487 38356
2.25519 39816
2.25575 41276
2.25633 42736
2.25683 44196
2.25711 10616
2.25712 12076
2.25712 10616
2.25714 12076
2.25714 10616
2.25715 12076
2.25716 13536
2.25716 10616
2.25717 12076
2.25717 10616
2.25719 12076
2.25719 10616
2.2572 12076
2.25721 13536
2.25723 14996
2.25723 10616
2.25725 12076
2.25725 10616
2.25727 12076
2.25728 13536
2.2573 14996
2.25731 16456
2.25754 17916
2.25757 19376
2.2576 20836
2.25766 22296
2.25769 23756
2.25779 25216
2.25839 26676
2.2591 28136
2.25963 29596
2.26015 31056
2.26066 32516
2.26116 33976
2.26164 35436
2.26205 36896
2.26258 38356
2.26311 39816
2.26363 41276
2.26399 42736
2.26456 44196
2.26505 10616
2.26507 12076
2.26511 13536
2.26511 10616
2.26513 12076
2.26516 13536
2.26516 10616
2.26517 12076
2.26518 13536
2.26519 14996
2.2652 16456
2.26523 17916
2.26524 19376
2.26528 20836
2.26529 22296
2.2653 23756
2.26534 25216
2.26589 26676
2.26642 28136
2.26694 29596
2.26745 31056
2.26795 32516
2.26844 33976
2.26894 35436
2.26946 36896
2.27 38356
2.27051 39816
2.27082 41276
2.27135 42736
2.27193 44196
2.27233 45656
2.27261 10616
2.27263 12076
2.27263 10616
2.27264 12076
2.27265 13536
2.27265 10616
2.27266 12076
2.27266 10616
2.27268 12076
2.27268 10616
2.27269 12076
2.2727 13536
2.27271 14996
2.27271 10616
2.27272 12076
2.27272 10616
2.27274 12076
2.27274 10616
2.27275 12076
2.27276 13536
2.27277 14996
2.2728 16456
2.27281 17916
2.27282 19376
2.27283 20836
2.27285 22296
2.27287 23756
2.27336 25216
2.27392 26676
2.27447 28136
2.275 29596
2.27552 31056
2.27603 32516
2.27655 33976
2.27707 35436
2.27761 36896
2.27816 38356
2.27864 39816
2.279 41276
2.27957 42736
2.28017 44196
2.28044 45656
2.2805 10616
2.2806 12076
2.2806 10616
2.28071 12076
2.28073 13536
2.28081 14996
2.28084 16456
2.28087 17916
2.28089 19376
2.28091 20836
2.28092 22296
2.28093 23756
2.28119 25216
2.282 26676
2.28253 28136
2.28307 29596
2.28358 31056
2.28408 32516
2.2846 33976
2.28511 35436
2.28565 36896
2.28592 38356
2.28646 39816
2.28703 41276
2.28761 42736
2.28788 44196
2.2884 10616
2.28841 12076
2.28841 10616
2.28843 12076
2.28843 10616
2.28844 12076
2.28845 13536
2.28845 10616
2.28846 12076
2.28846 10616
2.28848 12076
2.28848 10616
2.28849 12076
2.28851 13536
2.28851 10616
2.28852 12076
2.28852 10616
2.28854 12076
2.28854 10616
2.28855 12076
2.28856 13536
2.28857 14996
2.28859 16456
2.28861 17916
2.28862 19376
2.28863 20836
2.28865 22296
2.28888 23756
2.28906 25216
2.28971 26676
2.29038 28136
2.29108 29596
2.29179 31056
2.29207 10616
2.29214 12076
2.29225 13536
2.29229 14996
2.29232 16456
2.29233 17916
2.29234 19376
2.29237 20836
2.29238 22296
2.29239 23756
2.29291 25216
2.29347 26676
2.29403 28136
2.29456 29596
2.29508 31056
2.29558 32516
2.29608 33976
2.29661 35436
2.29712 36896
2.29766 38356
2.29802 39816
2.29854 41276
2.29909 42736
2.29967 44196
2.29985 10616
2.29988 12076
2.29988 10616
2.29991 12076
2.29991 10616
2.29993 12076
2.29993 10616
2.29994 12076
2.29995 13536
2.29997 14996
2.29997 10616
2.29999 12076
2.29999 10616
2.3 12076
2.30002 13536
2.30004 14996
2.30007 16456
2.3001 17916
2.30027 19376
2.30034 20836
2.30038 22296
2.30039 23756
2.30051 25216
2.30108 26676
2.30163 28136
2.30237 29596
2.30289 31056
2.30339 32516
2.3039 33976
2.30425 35436
2.30479 36896
2.30528 38356
2.30583 39816
2.30637 41276
2.30674 42736
2.30726 44196
2.30767 10616
2.30774 12076
2.30776 13536
2.30776 10616
2.30778 12076
2.30778 10616
2.30779 12076
2.3078 13536
2.30782 14996
2.30784 16456
2.30786 17916
2.30787 19376
2.3079 20836
2.30791 22296
2.30792 23756
2.30805 25216
2.30864 26676
2.30918 28136
2.30971 29596
2.31022 31056
2.31072 32516
2.31122 33976
2.31172 35436
2.31225 36896
2.31275 38356
2.31323 39816
2.31361 41276
2.31415 42736
2.3147 44196
2.31501 45656
2.31538 10616
2.31539 12076
2.31539 10616
2.31541 12076
2.31541 10616
2.31542 12076
2.31543 13536
2.31543 10616
2.31546 12076
2.31546 10616
2.31547 12076
2.31549 13536
2.31549 10616
2.31552 12076
2.31552 10616
2.31553 12076
2.31554 13536
2.31555 14996
2.31557 16456
2.31559 17916
2.3156 19376
2.31561 20836
2.31563 22296
2.31564 23756
2.3161 25216
2.31666 26676
2.31721 28136
2.31775 29596
2.31827 31056
2.31878 32516
2.31929 33976
2.31982 35436
2.32036 36896
2.3209 38356
2.32118 39816
2.32174 41276
2.32233 42736
2.3229 44196
2.32306 10616
2.32307 12076
2.32307 10616
2.32309 12076
2.32309 10616
2.3231 12076
2.32311 13536
2.32312 14996
2.32312 10616
2.32314 12076
2.32314 10616
2.32315 12076
2.32316 13536
2.32318 14996
2.32318 10616
2.3232 12076
2.3232 10616
2.32321 12076
2.32322 13536
2.32323 14996
2.32325 16456
2.32327 17916
2.32334 19376
2.32345 20836
2.32358 22296
2.32364 23756
2.3238 25216
2.32458 26676
2.3252 28136
2.32575 29596
2.32627 31056
2.32679 32516
2.32731 33976
2.32784 35436
2.32823 36896
2.32867 38356
2.32925 39816
2.32982 41276
2.33028 42736
2.33068 44196
2.33085 10616
2.33089 12076
2.33095 13536
2.33099 14996
2.33099 10616
2.33101 12076
2.33111 13536
2.33117 14996
2.33118 16456
2.33119 17916
2.33121 19376
2.33123 20836
2.33124 22296
2.33126 23756
2.33146 25216
2.33228 26676
2.33282 28136
2.33335 29596
2.33386 31056
2.33436 32516
2.33487 33976
2.3354 35436
2.33589 36896
2.33622 38356
2.33677 39816
2.33732 41276
2.33791 42736
2.33819 44196
2.33864 10616
2.33865 12076
2.33865 10616
2.33867 12076
2.33867 10616
2.33868 12076
2.33869 13536
2.3387 14996
2.3387 10616
2.33871 12076
2.33871 10616
2.33873 12076
2.33873 10616
2.33874 12076
2.33876 13536
2.33876 10616
2.33878 12076
2.33878 10616
2.33879 12076
2.33881 13536
2.33882 14996
2.33884 16456
2.33885 17916
2.33886 19376
2.33887 20836
2.3389 22296
2.33891 23756
2.33938 25216
2.33992 26676
2.34047 28136
2.341 29596
2.34153 31056
2.34204 32516
2.34255 33976
2.34308 35436
2.34362 36896
2.34418 38356
2.34444 39816
2.345 41276
2.34559 42736
2.3462 44196
2.34646 45656
2.3466 10616
2.34672 12076
2.34685 13536
2.3469 14996
2.34693 16456
2.34695 17916
2.34696 19376
2.34697 20836
2.34698 22296
2.34699 23756
2.34719 25216
2.34774 26676
2.3483 28136
2.34883 29596
2.34935 31056
2.34985 32516
2.35034 33976
2.35084 35436
2.35136 36896
2.35191 38356
2.35243 39816
2.35278 41276
2.3533 42736
2.35388 44196
2.35445 45656
2.35458 10616
2.35459 12076
2.3546 13536
2.35461 14996
2.35461 10616
2.35462 12076
2.35462 10616
2.35464 12076
2.35464 10616
2.35465 12076
2.35467 13536
2.35467 10616
2.35469 12076
2.35469 10616
2.35471 12076
2.35471 10616
2.35472 12076
2.35473 13536
2.35475 14996
2.35476 16456
2.35478 17916
2.3548 19376
2.35482 20836
2.35485 22296
2.35486 23756
2.35534 25216
2.35589 26676
2.35642 28136
2.35695 29596
2.35747 31056
2.35798 32516
2.3585 33976
2.35902 35436
2.35956 36896
2.36011 38356
2.36068 39816
2.36095 41276
2.36152 42736
2.36212 44196
2.36248 10616
2.36263 12076
2.36272 13536
2.36276 14996
2.36277 16456
2.36278 17916
2.36281 19376
2.36282 20836
2.36283 22296
2.36284 23756
2.36286 25216
2.36306 26676
2.36361 28136
2.36414 29596
2.36468 31056
2.36519 32516
2.36565 33976
2.36613 35436
2.36663 36896
2.36716 38356
2.3677 39816
2.36807 41276
2.36853 42736
2.36909 44196
2.36967 45656
2.3699 10616
2.36991 12076
2.36991 10616
2.36993 12076
2.36993 10616
2.36995 12076
2.36995 10616
2.36996 12076
2.36996 10616
2.36999 12076
2.37 13536
2.37002 14996
2.37002 10616
2.37006 12076
2.37009 13536
2.37013 14996
2.37016 16456
2.37017 17916
2.37034 19376
2.3704 20836
2.37042 22296
2.37043 23756
2.37044 25216
2.37099 26676
2.37153 28136
2.37207 29596
2.37259 31056
2.3731 32516
2.37362 33976
2.37413 35436
2.37466 36896
2.37521 38356
2.37549 39816
2.37605 41276
2.37663 42736
2.37719 44196
2.37737 10616
2.37739 12076
2.37739 10616
2.3774 12076
2.37741 13536
2.37742 14996
2.37742 10616
2.37743 12076
2.37743 10616
2.37745 12076
2.37746 13536
2.37747 14996
2.37747 10616
2.37748 12076
2.37748 10616
2.3775 12076
2.3775 10616
2.37752 12076
2.37753 13536
2.37755 14996
2.37756 16456
2.37757 17916
2.37759 19376
2.37779 20836
2.37791 22296
2.37794 23756
2.37802 25216
2.37863 26676
2.37918 28136
2.37978 29596
2.3803 31056
2.38081 32516
2.38131 33976
2.3818 35436
2.38234 36896
2.38287 38356
2.38343 39816
2.38376 41276
2.38428 42736
2.38487 44196
2.38505 10616
2.38509 12076
2.38511 13536
2.38511 10616
2.38513 12076
2.38513 10616
2.38514 12076
2.38516 13536
2.38516 10616
2.38518 12076
2.38518 10616
2.38519 12076
2.38529 13536
2.38536 14996
2.38542 16456
2.38549 17916
2.38552 19376
2.38554 20836
2.38556 22296
2.38557 23756
2.38564 25216
2.3862 26676
2.38675 28136
2.38728 29596
2.3878 31056
2.3883 32516
2.38879 33976
2.38929 35436
2.38982 36896
2.39037 38356
2.39086 39816
2.39122 41276
2.39175 42736
2.39235 44196
2.39265 45656
2.39322 47116
2.39368 48576
2.39392 50036
2.39437 51496
2.39481 52956
2.39508 54416
2.39555 55876
2.39579 57336
2.39627 58796
2.39652 60256
2.39687 10616
2.39689 12076
2.39692 13536
2.39693 14996
2.39694 16456
2.39696 17916
2.39697 19376
2.39698 20836
2.39699 22296
2.397 23756
2.39707 25216
2.39734 26676
2.39789 28136
2.39843 29596
2.39895 31056
2.39945 32516
2.39992 33976
2.4004 35436
2.4009 36896
2.40137 38356
2.40184 39816
2.40221 41276
2.40273 42736
2.40323 44196
2.40356 45656
2.4041 47116
2.40461 48576
2.40468 10616
2.40471 12076
2.40473 13536
2.40473 10616
2.40475 12076
2.40475 10616
2.40476 12076
2.40477 13536
2.40478 14996
2.40481 16456
2.40482 17916
2.40483 19376
2.40484 20836
2.40486 22296
2.40488 23756
2.40526 25216
2.40583 26676
2.40641 28136
2.40695 29596
2.40747 31056
2.40798 32516
2.4085 33976
2.40902 35436
2.40945 36896
2.40999 38356
2.41037 39816
2.41092 41276
2.41145 42736
2.41196 44196
2.41235 45656
2.41252 10616
2.4126 12076
2.4126 10616
2.41265 12076
2.41265 10616
2.41268 12076
2.41269 13536
2.41272 14996
2.41273 16456
2.41276 17916
2.41277 19376
2.41278 20836
2.4128 22296
2.41282 23756
2.41305 25216
2.41361 26676
2.41416 28136
2.41468 29596
2.4152 31056
2.41571 32516
2.41621 33976
2.41673 35436
2.41724 36896
2.41777 38356
2.41832 39816
2.4186 41276
2.41916 42736
2.41973 44196
2.42001 45656
2.42037 10616
2.42039 12076
2.42039 10616
2.4204 12076
2.42041 13536
2.42042 14996
2.42042 10616
2.42044 12076
2.42044 10616
2.42045 12076
2.42046 13536
2.42048 14996
2.42048 10616
2.4205 12076
2.4205 10616
2.42051 12076
2.42051 10616
2.42052 12076
2.42052 10616
2.42053 12076
2.42056 13536
2.42057 14996
2.42058 16456
2.42059 17916
2.42061 19376
2.42062 20836
2.42064 22296
2.42066 23756
2.42113 25216
2.42169 26676
2.42224 28136
2.42277 29596
2.4233 31056
2.42381 32516
2.42432 33976
2.42485 35436
2.42539 36896
2.42594 38356
2.42619 39816
2.42674 41276
2.42733 42736
2.42792 44196
2.4281 10616
2.42811 12076
2.42811 10616
2.42813 12076
2.42813 10616
2.42814 12076
2.42816 13536
2.42816 10616
2.42818 12076
2.42818 10616
2.42819 12076
2.4282 13536
2.42821 14996
2.42821 10616
2.42822 12076
2.42822 10616
2.42824 12076
2.42826 13536
2.4283 14996
2.42845 16456
2.42854 17916
2.42864 19376
2.42867 20836
2.42869 22296
2.4287 23756
2.42873 25216
2.4293 26676
2.42985 28136
2.43038 29596
2.4309 31056
2.43141 32516
2.43193 33976
2.43245 35436
2.43299 36896
2.43354 38356
2.43403 39816
2.43436 41276
2.43494 42736
2.43554 44196
2.43579 45656
2.436 11116
2.43609 12576
2.43609 10616
2.43612 12076
2.43615 13536
2.43619 14996
2.43622 16456
2.43625 17916
2.43626 19376
2.43627 20836
2.43628 22296
2.4363 23756
2.43648 25216
2.43704 26676
2.4376 28136
2.43813 29596
2.43866 31056
2.43915 32516
2.43964 33976
2.44014 35436
2.44065 36896
2.44119 38356
2.44171 39816
2.44204 41276
2.44256 42736
2.44313 44196
2.44369 45656
2.44385 10616
2.44387 12076
2.44387 10616
2.44388 12076
2.44389 13536
2.44391 14996
2.44391 10616
2.44393 12076
2.44393 10616
2.44394 12076
2.44394 10616
2.44395 12076
2.44395 11116
2.44396 12576
2.44396 10616
2.44399 12076
2.44399 10616
2.444 12076
2.444 10616
2.44404 12076
2.44405 13536
2.44406 14996
2.44409 16456
2.4441 17916
2.44412 19376
2.44413 20836
2.44416 22296
2.44433 23756
2.4445 25216
2.44511 26676
2.44566 28136
2.44619 29596
2.44671 31056
2.44722 32516
2.44774 33976
2.44826 35436
2.44875 36896
2.44924 38356
2.44975 39816
2.45016 41276
2.45074 42736
2.45121 44196
2.45161 45656
2.45183 10616
2.45186 12076
2.45186 10616
2.4519 12076
2.4519 10616
2.45191 12076
2.45191 11116
2.45192 12576
2.45192 10616
2.45194 12076
2.45194 10616
2.45196 12076
2.45196 10616
2.45197 12076
2.452 13536
2.45201 14996
2.45203 16456
2.45208 17916
2.45211 19376
2.45213 20836
2.45217 22296
2.45219 23756
2.45237 25216
2.45307 26676
2.4537 28136
2.45422 29596
2.45473 31056
2.45523 32516
2.45575 33976
2.45627 35436
2.45672 36896
2.45708 38356
2.45762 39816
2.45818 41276
2.45877 42736
2.45904 44196
2.45959 10616
2.4596 12076
2.4596 10616
2.45962 12076
2.45962 10616
2.45963 12076
2.45964 13536
2.45964 10616
2.45965 12076
2.45965 10616
2.45967 12076
2.45967 10616
2.45968 12076
2.45969 13536
2.4597 14996
2.4597 10616
2.45971 12076
2.45971 10616
2.45974 12076
2.45975 13536
2.45978 14996
2.4598 16456
2.45982 17916
2.45986 19376
2.45992 20836
2.46003 22296
2.46008 23756
2.46016 25216
2.46076 26676
2.46131 28136
2.46184 29596
2.46237 31056
2.46288 32516
2.46339 33976
2.46392 35436
2.46446 36896
2.4648 38356
2.46526 39816
2.46584 41276
2.46641 42736
2.46677 44196
2.46716 10616
2.46719 12076
2.46719 10616
2.4672 12076
2.46721 13536
2.46722 14996
2.46722 10616
2.46723 12076
2.46723 10616
2.46725 12076
2.46726 13536
2.46727 14996
2.46727 10616
2.46728 12076
2.46728 10616
2.4673 12076
2.4673 10616
2.46731 12076
2.46732 13536
2.46735 14996
2.46736 16456
2.46739 17916
2.46744 19376
2.46749 20836
2.46752 22296
2.46753 23756
2.46781 25216
2.46838 26676
2.46893 28136
2.46946 29596
2.46999 31056
2.4705 32516
2.47101 33976
2.47154 35436
2.47207 36896
2.47254 38356
2.47288 39816
2.47345 41276
2.47403 42736
2.47451 44196
2.47479 10616
2.4748 12076
2.4748 10616
2.47482 12076
2.47482 10616
2.47483 12076
2.47484 13536
2.47484 10616
2.47485 12076
2.47485 10616
2.47487 12076
2.47487 10616
2.47489 12076
2.4749 13536
2.4749 10616
2.47491 12076
2.47491 10616
2.47493 12076
2.47493 10616
2.47494 12076
2.47495 13536
2.47498 14996
2.475 16456
2.4751 17916
2.47523 19376
2.47526 20836
2.47528 22296
2.47538 23756
2.47544 25216
2.47608 26676
2.47674 28136
2.47744 29596
2.47813 31056
2.47862 10616
2.47866 12076
2.47866 10616
2.4787 12076
2.4787 10616
2.47871 12076
2.47871 10616
2.47872 12076
2.47872 10616
2.47873 12076
2.47875 13536
2.47876 14996
2.47877 16456
2.47878 17916
2.47879 19376
2.47881 20836
2.47883 22296
2.47884 23756
2.47935 25216
2.4799 26676
2.48045 28136
2.48099 29596
2.48151 31056
2.48202 32516
2.48253 33976
2.48306 35436
2.4836 36896
2.48415 38356
2.48456 39816
2.48498 41276
2.48556 42736
2.48616 44196
2.48641 45656
2.48662 11116
2.48666 12576
2.48666 10616
2.48676 12076
2.48682 13536
2.48687 14996
2.48688 16456
2.48689 17916
2.4869 19376
2.48691 20836
2.48693 22296
2.48694 23756
2.48711 25216
2.48766 26676
2.48822 28136
2.48875 29596
2.48927 31056
2.48977 32516
2.49026 33976
2.49076 35436
2.49127 36896
2.4918 38356
2.49235 39816
2.4927 41276
2.49322 42736
2.49377 44196
2.49431 45656
2.49447 11116
2.49448 12576
2.49448 10616
2.4945 12076
2.4945 10616
2.49451 12076
2.49451 10616
2.49452 12076
2.49452 11116
2.49453 12576
2.49453 10616
2.49455 12076
2.49455 10616
2.49457 12076
2.49457 10616
2.49458 12076
2.49458 11116
2.49459 12576
2.49459 10616
2.49462 12076
2.49462 10616
2.49464 12076
2.49466 13536
2.49467 14996
2.49469 16456
2.49472 17916
2.49473 19376
2.49475 20836
2.49478 22296
2.4948 23756
2.49518 25216
2.49575 26676
2.49629 28136
2.49682 29596
2.49735 31056
2.49786 32516
2.49837 33976
2.4989 35436
2.49943 36896
2.49999 38356
