1.00047 65535
1.00097 131072
1.50014 1460
1.50041 40348
1.5013 46348
1.50163 40348
1.50171 46348
1.50209 40348
1.50223 46348
1.50261 40348
1.5028 46348
1.5031 40348
1.50321 46348
1.50343 40348
1.50348 46348
1.50351 40348
1.50353 46348
1.50355 40348
1.50362 46348
1.50388 40348
1.50398 46348
1.50431 40348
1.50448 46348
1.5048 40348
1.50496 46348
1.50519 40348
1.50538 46348
1.50562 40348
1.50578 46348
1.50606 40348
1.50622 46348
1.50648 40348
1.50665 46348
1.50693 40348
1.5071 46348
1.50743 40348
1.50761 46348
1.50781 40348
1.50798 46348
1.50828 40348
1.5084 46348
1.50867 40348
1.50884 46348
1.50906 40348
1.50923 46348
1.50955 40348
1.5098 46348
1.51004 40348
1.51021 46348
1.51046 40348
1.5106 46348
1.51081 40348
1.511 46348
1.51124 40348
1.51141 46348
1.51163 40348
1.5118 46348
1.51207 40348
1.5121 46348
1.51212 40348
1.51224 46348
1.51256 40348
1.51272 46348
1.51295 40348
1.51313 46348
1.51338 40348
1.51355 46348
1.51376 40348
1.51393 46348
1.51419 40348
1.51436 46348
1.51459 40348
1.51477 46348
1.515 40348
1.51517 46348
1.5154 40348
1.51557 46348
1.51586 40348
1.516 46348
1.51628 40348
1.51645 46348
1.51669 40348
1.51686 46348
1.51712 40348
1.51726 46348
1.51752 40348
1.51769 46348
1.51792 40348
1.5181 46348
1.51833 40348
1.5185 46348
1.51873 40348
1.5189 46348
1.51916 40348
1.51933 46348
1.51956 40348
1.51974 46348
1.51999 40348
1.52016 46348
1.52037 40348
1.52054 46348
1.5208 40348
1.52097 46348
1.5212 40348
1.52138 46348
1.52163 40348
1.5218 46348
1.52201 40348
1.52218 46348
1.52244 40348
1.52261 46348
1.52284 40348
1.52302 46348
1.52327 40348
1.52344 46348
1.52365 40348
1.52382 46348
1.52408 40348
1.52425 46348
1.52448 40348
1.52466 46348
1.52491 40348
1.52508 46348
1.52529 40348
1.52546 46348
1.52572 40348
1.52589 46348
1.52612 40348
1.5263 46348
1.52655 40348
1.52672 46348
1.52693 40348
1.5271 46348
1.52736 40348
1.52753 46348
1.52776 40348
1.52791 46348
1.52814 40348
1.52832 46348
1.52855 40348
1.52872 46348
1.52895 40348
1.52912 46348
1.52938 40348
1.52955 46348
1.52978 40348
1.52996 46348
1.53019 40348
1.53036 46348
1.53059 40348
1.53076 46348
1.53102 40348
1.53119 46348
1.53142 40348
1.5316 46348
1.53183 40348
1.532 46348
1.53223 40348
1.5324 46348
1.53266 40348
1.53283 46348
1.53306 40348
1.53324 46348
1.53347 40348
1.53364 46348
1.53387 40348
1.53404 46348
1.53425 40348
1.53442 46348
1.53468 40348
1.53485 46348
1.53508 40348
1.53526 46348
1.53551 40348
1.53568 46348
1.53589 40348
1.53606 46348
1.53632 40348
1.53649 46348
1.53672 40348
1.5369 46348
1.53715 40348
1.53732 46348
1.53753 40348
1.5377 46348
1.53796 40348
1.53813 46348
1.53836 40348
1.53854 46348
1.53879 40348
1.53896 46348
1.53917 40348
1.53934 46348
1.5396 40348
1.53977 46348
1.54 40348
1.54015 46348
1.54038 40348
1.54056 46348
1.54079 40348
1.54096 46348
1.54119 40348
1.54136 46348
1.54162 40348
1.54179 46348
1.54202 40348
1.5422 46348
1.54243 40348
1.5426 46348
1.54283 40348
1.543 46348
1.54326 40348
1.54343 46348
1.54366 40348
1.54384 46348
1.54407 40348
1.54424 46348
1.54447 40348
1.54464 46348
1.5449 40348
1.54507 46348
1.5453 40348
1.54548 46348
1.54571 40348
1.54588 46348
1.54611 40348
1.54628 46348
1.54649 40348
1.54666 46348
1.54692 40348
1.54709 46348
1.54732 40348
1.5475 46348
1.54775 40348
1.54792 46348
1.54813 40348
1.5483 46348
1.54856 40348
1.54873 46348
1.54896 40348
1.54914 46348
1.54939 40348
1.54956 46348
1.54977 40348
1.54994 46348
1.5502 40348
1.55037 46348
1.5506 40348
1.55078 46348
1.55103 40348
1.5512 46348
1.55141 40348
1.55158 46348
1.55184 40348
1.55201 46348
1.55224 40348
1.55239 46348
1.55262 40348
1.5528 46348
1.55303 40348
1.5532 46348
1.55343 40348
1.5536 46348
1.55386 40348
1.55403 46348
1.55426 40348
1.55444 46348
1.55467 40348
1.55484 46348
1.55507 40348
1.55524 46348
1.5555 40348
1.55567 46348
1.5559 40348
1.55608 46348
1.55631 40348
1.55648 46348
1.55671 40348
1.55688 46348
1.55714 40348
1.55731 46348
1.55754 40348
1.55772 46348
1.55795 40348
1.55812 46348
1.55835 40348
1.55852 46348
1.55873 40348
1.5589 46348
1.55916 40348
1.55933 46348
1.55956 40348
1.55974 46348
1.55999 40348
1.56016 46348
1.56037 40348
1.56054 46348
1.5608 40348
1.56097 46348
1.5612 40348
1.56138 46348
1.56163 40348
1.5618 46348
1.56201 40348
1.56218 46348
1.56244 40348
1.56261 46348
1.56284 40348
1.56302 46348
1.56327 40348
1.56344 46348
1.56365 40348
1.56382 46348
1.56408 40348
1.56425 46348
1.56448 40348
1.56463 46348
1.56486 40348
1.56504 46348
1.56527 40348
1.56544 46348
1.56567 40348
1.56584 46348
1.5661 40348
1.56627 46348
1.5665 40348
1.56668 46348
1.56691 40348
1.56708 46348
1.56731 40348
1.56748 46348
1.56774 40348
1.56791 46348
1.56814 40348
1.56832 46348
1.56855 40348
1.56872 46348
1.56895 40348
1.56912 46348
1.56938 40348
1.56955 46348
1.56978 40348
1.56996 46348
1.57019 40348
1.57036 46348
1.57059 40348
1.57076 46348
1.57097 40348
1.57114 46348
1.5714 40348
1.57157 46348
1.5718 40348
1.57198 46348
1.57223 40348
1.5724 46348
1.57261 40348
1.57278 46348
1.57304 40348
1.57321 46348
1.57344 40348
1.57362 46348
1.57387 40348
1.57404 46348
1.57425 40348
1.57442 46348
1.57468 40348
1.57485 46348
1.57508 40348
1.57526 46348
1.57551 40348
1.57568 46348
1.57589 40348
1.57606 46348
1.57632 40348
1.57649 46348
1.57672 40348
1.57687 46348
1.5771 40348
1.57728 46348
1.57751 40348
1.57768 46348
1.57791 40348
1.57808 46348
1.57834 40348
1.57851 46348
1.57874 40348
1.57892 46348
1.57915 40348
1.57932 46348
1.57955 40348
1.57972 46348
1.57998 40348
1.58015 46348
1.58038 40348
1.58056 46348
1.58079 40348
1.58096 46348
1.58119 40348
1.58136 46348
1.58162 40348
1.58179 46348
1.58202 40348
1.5822 46348
1.58243 40348
1.5826 46348
1.58283 40348
1.583 46348
1.58321 40348
1.58338 46348
1.58364 40348
1.58381 46348
1.58404 40348
1.58422 46348
1.58447 40348
1.58464 46348
1.58485 40348
1.58502 46348
1.58528 40348
1.58545 46348
1.58568 40348
1.58586 46348
1.58611 40348
1.58628 46348
1.58649 40348
1.58666 46348
1.58692 40348
1.58709 46348
1.58732 40348
1.5875 46348
1.58775 40348
1.58792 46348
1.58813 40348
1.5883 46348
1.58856 40348
1.58873 46348
1.58896 40348
1.58911 46348
1.58934 40348
1.58952 46348
1.58975 40348
1.58992 46348
1.59015 40348
1.59032 46348
1.59058 40348
1.59075 46348
1.59098 40348
1.59116 46348
1.59139 40348
1.59156 46348
1.59179 40348
1.59196 46348
1.59222 40348
1.59239 46348
1.59262 40348
1.5928 46348
1.59303 40348
1.5932 46348
1.59343 40348
1.5936 46348
1.59386 40348
1.59403 46348
1.59426 40348
1.59444 46348
1.59467 40348
1.59484 46348
1.59507 40348
1.59524 46348
1.59545 40348
1.59562 46348
1.59588 40348
1.59605 46348
1.59628 40348
1.59646 46348
1.59671 40348
1.59688 46348
1.59709 40348
1.59726 46348
1.59752 40348
1.59769 46348
1.59792 40348
1.5981 46348
1.59835 40348
1.59852 46348
1.59873 40348
1.5989 46348
1.59916 40348
1.59933 46348
1.59956 40348
1.59974 46348
1.59999 40348
1.60016 46348
1.60037 40348
1.60054 46348
1.6008 40348
1.60097 46348
1.6012 40348
1.60135 46348
1.60158 40348
1.60176 46348
1.60199 40348
1.60216 46348
1.60239 40348
1.60256 46348
1.60282 40348
1.60299 46348
1.60322 40348
1.6034 46348
1.60363 40348
1.6038 46348
1.60403 40348
1.6042 46348
1.60446 40348
1.60463 46348
1.60486 40348
1.60504 46348
1.60527 40348
1.60544 46348
1.60567 40348
1.60584 46348
1.6061 40348
1.60627 46348
1.6065 40348
1.60668 46348
1.60691 40348
1.60708 46348
1.60731 40348
1.60748 46348
1.60769 40348
1.60786 46348
1.60812 40348
1.60829 46348
1.60852 40348
1.6087 46348
1.60895 40348
1.60912 46348
1.60933 40348
1.6095 46348
1.60976 40348
1.60993 46348
1.61016 40348
1.61034 46348
1.61059 40348
1.61076 46348
1.61097 40348
1.61114 46348
1.6114 40348
1.61157 46348
1.6118 40348
1.61198 46348
1.61223 40348
1.6124 46348
1.61261 40348
1.61278 46348
1.61304 40348
1.61321 46348
1.61344 40348
1.61359 46348
1.61382 40348
1.614 46348
1.61423 40348
1.6144 46348
1.61463 40348
1.6148 46348
1.61506 40348
1.61523 46348
1.61546 40348
1.61564 46348
1.61587 40348
1.61604 46348
1.61627 40348
1.61644 46348
1.6167 40348
1.61687 46348
1.6171 40348
1.61728 46348
1.61751 40348
1.61768 46348
1.61791 40348
1.61808 46348
1.61834 40348
1.61851 46348
1.61874 40348
1.61892 46348
1.61915 40348
1.61932 46348
1.61955 40348
1.61972 46348
1.61993 40348
1.6201 46348
1.62036 40348
1.62053 46348
1.62076 40348
1.62094 46348
1.62119 40348
1.62136 46348
1.62157 40348
1.62174 46348
1.622 40348
1.62217 46348
1.6224 40348
1.62258 46348
1.62283 40348
1.623 46348
1.62321 40348
1.62338 46348
1.62364 40348
1.62381 46348
1.62404 40348
1.62422 46348
1.62447 40348
1.62464 46348
1.62485 40348
1.62502 46348
1.62528 40348
1.62545 46348
1.62568 40348
1.62583 46348
1.62606 40348
1.62624 46348
1.62647 40348
1.62664 46348
1.62687 40348
1.62704 46348
1.6273 40348
1.62747 46348
1.6277 40348
1.62788 46348
1.62811 40348
1.62828 46348
1.62851 40348
1.62868 46348
1.62894 40348
1.62911 46348
1.62934 40348
1.62952 46348
1.62975 40348
1.62992 46348
1.63015 40348
1.63032 46348
1.63058 40348
1.63075 46348
1.63098 40348
1.63116 46348
1.63139 40348
1.63156 46348
1.63179 40348
1.63196 46348
1.63217 40348
1.63234 46348
1.6326 40348
1.63277 46348
1.633 40348
1.63318 46348
1.63343 40348
1.6336 46348
1.63381 40348
1.63398 46348
1.63424 40348
1.63441 46348
1.63464 40348
1.63482 46348
1.63507 40348
1.63524 46348
1.63545 40348
1.63562 46348
1.63588 40348
1.63605 46348
1.63628 40348
1.63646 46348
1.63671 40348
1.63688 46348
1.63709 40348
1.63726 46348
1.63752 40348
1.63769 46348
1.63792 40348
1.63807 46348
1.6383 40348
1.63848 46348
1.63871 40348
1.63888 46348
1.63911 40348
1.63928 46348
1.63954 40348
1.63971 46348
1.63994 40348
1.64012 46348
1.64035 40348
1.64052 46348
1.64075 40348
1.64092 46348
1.64118 40348
1.64135 46348
1.64158 40348
1.64176 46348
1.64199 40348
1.64216 46348
1.64239 40348
1.64256 46348
1.64282 40348
1.64299 46348
1.64322 40348
1.6434 46348
1.64363 40348
1.6438 46348
1.64403 40348
1.6442 46348
1.64441 40348
1.64458 46348
1.64484 40348
1.64501 46348
1.64524 40348
1.64542 46348
1.64567 40348
1.64584 46348
1.64605 40348
1.64622 46348
1.64648 40348
1.64665 46348
1.64688 40348
1.64706 46348
1.64731 40348
1.64748 46348
1.64769 40348
1.64786 46348
1.64812 40348
1.64829 46348
1.64852 40348
1.6487 46348
1.64895 40348
1.64912 46348
1.64933 40348
1.6495 46348
1.64976 40348
1.64993 46348
1.65016 40348
1.65031 46348
1.65054 40348
1.65072 46348
1.65095 40348
1.65112 46348
1.65135 40348
1.65152 46348
1.65178 40348
1.65195 46348
1.65218 40348
1.65236 46348
1.65259 40348
1.65276 46348
1.65299 40348
1.65316 46348
1.65342 40348
1.65359 46348
1.65382 40348
1.654 46348
1.65423 40348
1.6544 46348
1.65463 40348
1.6548 46348
1.65506 40348
1.65523 46348
1.65546 40348
1.65564 46348
1.65587 40348
1.65604 46348
1.65627 40348
1.65644 46348
1.65665 40348
1.65682 46348
1.65708 40348
1.65725 46348
1.65748 40348
1.65766 46348
1.65791 40348
1.65808 46348
1.65829 40348
1.65846 46348
1.65872 40348
1.65889 46348
1.65912 40348
1.6593 46348
1.65955 40348
1.65972 46348
1.65993 40348
1.6601 46348
1.66036 40348
1.66053 46348
1.66076 40348
1.66094 46348
1.66119 40348
1.66136 46348
1.66157 40348
1.66174 46348
1.662 40348
1.66217 46348
1.6624 40348
1.66255 46348
1.66278 40348
1.66296 46348
1.66319 40348
1.66336 46348
1.66359 40348
1.66376 46348
1.66402 40348
1.66419 46348
1.66442 40348
1.6646 46348
1.66483 40348
1.665 46348
1.66523 40348
1.6654 46348
1.66566 40348
1.66583 46348
1.66606 40348
1.66624 46348
1.66647 40348
1.66664 46348
1.66687 40348
1.66704 46348
1.6673 40348
1.66747 46348
1.6677 40348
1.66788 46348
1.66811 40348
1.66828 46348
1.66851 40348
1.66868 46348
1.66889 40348
1.66906 46348
1.66932 40348
1.66949 46348
1.66972 40348
1.6699 46348
1.67015 40348
1.67032 46348
1.67053 40348
1.6707 46348
1.67096 40348
1.67113 46348
1.67136 40348
1.67154 46348
1.67179 40348
1.67196 46348
1.67217 40348
1.67234 46348
1.6726 40348
1.67277 46348
1.673 40348
1.67318 46348
1.67343 40348
1.6736 46348
1.67381 40348
1.67398 46348
1.67424 40348
1.67441 46348
1.67464 40348
1.67479 46348
1.67502 40348
1.6752 46348
1.67543 40348
1.6756 46348
1.67583 40348
1.676 46348
1.67626 40348
1.67643 46348
1.67666 40348
1.67684 46348
1.67707 40348
1.67724 46348
1.67747 40348
1.67764 46348
1.6779 40348
1.67807 46348
1.6783 40348
1.67848 46348
1.67871 40348
1.67888 46348
1.67911 40348
1.67928 46348
1.67954 40348
1.67971 46348
1.67994 40348
1.68012 46348
1.68035 40348
1.68052 46348
1.68075 40348
1.68092 46348
1.68113 40348
1.6813 46348
1.68156 40348
1.68173 46348
1.68196 40348
1.68214 46348
1.68239 40348
1.68256 46348
1.68277 40348
1.68294 46348
1.6832 40348
1.68337 46348
1.6836 40348
1.68378 46348
1.68403 40348
1.6842 46348
1.68441 40348
1.68458 46348
1.68484 40348
1.68501 46348
1.68524 40348
1.68542 46348
1.68567 40348
1.68584 46348
1.68605 40348
1.68622 46348
1.68648 40348
1.68665 46348
1.68688 40348
1.68703 46348
1.68726 40348
1.68744 46348
1.68767 40348
1.68784 46348
1.68807 40348
1.68824 46348
1.6885 40348
1.68867 46348
1.6889 40348
1.68908 46348
1.68931 40348
1.68948 46348
1.68971 40348
1.68988 46348
1.69014 40348
1.69031 46348
1.69054 40348
1.69072 46348
1.69095 40348
1.69112 46348
1.69135 40348
1.69152 46348
1.69178 40348
1.69195 46348
1.69218 40348
1.69236 46348
1.69259 40348
1.69276 46348
1.69299 40348
1.69316 46348
1.69337 40348
1.69354 46348
1.6938 40348
1.69397 46348
1.6942 40348
1.69438 46348
1.69463 40348
1.6948 46348
1.69501 40348
1.69518 46348
1.69544 40348
1.69561 46348
1.69584 40348
1.69602 46348
1.69627 40348
1.69644 46348
1.69665 40348
1.69682 46348
1.69708 40348
1.69725 46348
1.69748 40348
1.69766 46348
1.69791 40348
1.69808 46348
1.69829 40348
1.69846 46348
1.69872 40348
1.69889 46348
1.69912 40348
1.69927 46348
1.6995 40348
1.69968 46348
1.69991 40348
1.70008 46348
1.70031 40348
1.70048 46348
1.70074 40348
1.70091 46348
1.70114 40348
1.70132 46348
1.70155 40348
1.70172 46348
1.70195 40348
1.70212 46348
1.70238 40348
1.70255 46348
1.70278 40348
1.70296 46348
1.70319 40348
1.70336 46348
1.70359 40348
1.70376 46348
1.70402 40348
1.70419 46348
1.70442 40348
1.7046 46348
1.70483 40348
1.705 46348
1.70523 40348
1.7054 46348
1.70561 40348
1.70578 46348
1.70604 40348
1.70621 46348
1.70644 40348
1.70662 46348
1.70687 40348
1.70704 46348
1.70725 40348
1.70742 46348
1.70768 40348
1.70785 46348
1.70808 40348
1.70826 46348
1.70851 40348
1.70868 46348
1.70889 40348
1.70906 46348
1.70932 40348
1.70949 46348
1.70972 40348
1.7099 46348
1.71015 40348
1.71032 46348
1.71053 40348
1.7107 46348
1.71096 40348
1.71113 46348
1.71136 40348
1.71151 46348
1.71174 40348
1.71192 46348
1.71215 40348
1.71232 46348
1.71255 40348
1.71272 46348
1.71298 40348
1.71315 46348
1.71338 40348
1.71356 46348
1.71379 40348
1.71396 46348
1.71419 40348
1.71436 46348
1.71462 40348
1.71479 46348
1.71502 40348
1.7152 46348
1.71543 40348
1.7156 46348
1.71583 40348
1.716 46348
1.71626 40348
1.71643 46348
1.71666 40348
1.71684 46348
1.71707 40348
1.71724 46348
1.71747 40348
1.71764 46348
1.71785 40348
1.71802 46348
1.71828 40348
1.71845 46348
1.71868 40348
1.71886 46348
1.71911 40348
1.71928 46348
1.71949 40348
1.71966 46348
1.71992 40348
1.72009 46348
1.72032 40348
1.7205 46348
1.72075 40348
1.72092 46348
1.72113 40348
1.7213 46348
1.72156 40348
1.72173 46348
1.72196 40348
1.72214 46348
1.72239 40348
1.72256 46348
1.72277 40348
1.72294 46348
1.7232 40348
1.72337 46348
1.7236 40348
1.72375 46348
1.72398 40348
1.72416 46348
1.72439 40348
1.72456 46348
1.72479 40348
1.72496 46348
1.72522 40348
1.72539 46348
1.72562 40348
1.7258 46348
1.72603 40348
1.7262 46348
1.72643 40348
1.7266 46348
1.72686 40348
1.72703 46348
1.72726 40348
1.72744 46348
1.72767 40348
1.72784 46348
1.72807 40348
1.72824 46348
1.7285 40348
1.72867 46348
1.7289 40348
1.72908 46348
1.72931 40348
1.72948 46348
1.72971 40348
1.72988 46348
1.73009 40348
1.73026 46348
1.73052 40348
1.73069 46348
1.73092 40348
1.7311 46348
1.73135 40348
1.73152 46348
1.73173 40348
1.7319 46348
1.73216 40348
1.73233 46348
1.73256 40348
1.73274 46348
1.73299 40348
1.73316 46348
1.73337 40348
1.73354 46348
1.7338 40348
1.73397 46348
1.7342 40348
1.73438 46348
1.73463 40348
1.7348 46348
1.73501 40348
1.73518 46348
1.73544 40348
1.73561 46348
1.73584 40348
1.73599 46348
1.73622 40348
1.7364 46348
1.73663 40348
1.7368 46348
1.73703 40348
1.7372 46348
1.73746 40348
1.73763 46348
1.73786 40348
1.73804 46348
1.73827 40348
1.73844 46348
1.73867 40348
1.73884 46348
1.7391 40348
1.73927 46348
1.7395 40348
1.73968 46348
1.73991 40348
1.74008 46348
1.74031 40348
1.74048 46348
1.74074 40348
1.74091 46348
1.74114 40348
1.74132 46348
1.74155 40348
1.74172 46348
1.74195 40348
1.74212 46348
1.74233 40348
1.7425 46348
1.74276 40348
1.74293 46348
1.74316 40348
1.74334 46348
1.74359 40348
1.74376 46348
1.74397 40348
1.74414 46348
1.7444 40348
1.74457 46348
1.7448 40348
1.74498 46348
1.74523 40348
1.7454 46348
1.74561 40348
1.74578 46348
1.74604 40348
1.74621 46348
1.74644 40348
1.74662 46348
1.74687 40348
1.74704 46348
1.74725 40348
1.74742 46348
1.74768 40348
1.74785 46348
1.74808 40348
1.74823 46348
1.74846 40348
1.74864 46348
1.74887 40348
1.74904 46348
1.74927 40348
1.74944 46348
1.7497 40348
1.74987 46348
1.7501 40348
1.75028 46348
1.75051 40348
1.75068 46348
1.75091 40348
1.75108 46348
1.75134 40348
1.75151 46348
1.75174 40348
1.75192 46348
1.75215 40348
1.75232 46348
1.75255 40348
1.75272 46348
1.75298 40348
1.75315 46348
1.75338 40348
1.75356 46348
1.75379 40348
1.75396 46348
1.75419 40348
1.75436 46348
1.75457 40348
1.75474 46348
1.755 40348
1.75517 46348
1.7554 40348
1.75558 46348
1.75583 40348
1.756 46348
1.75621 40348
1.75638 46348
1.75664 40348
1.75681 46348
1.75704 40348
1.75722 46348
1.75747 40348
1.75764 46348
1.75785 40348
1.75802 46348
1.75828 40348
1.75845 46348
1.75868 40348
1.75886 46348
1.75911 40348
1.75928 46348
1.75949 40348
1.75966 46348
1.75992 40348
1.76009 46348
1.76032 40348
1.76047 46348
1.7607 40348
1.76088 46348
1.76111 40348
1.76128 46348
1.76151 40348
1.76168 46348
1.76194 40348
1.76211 46348
1.76234 40348
1.76252 46348
1.76275 40348
1.76292 46348
1.76315 40348
1.76332 46348
1.76358 40348
1.76375 46348
1.76398 40348
1.76416 46348
1.76439 40348
1.76456 46348
1.76479 40348
1.76496 46348
1.76522 40348
1.76539 46348
1.76562 40348
1.7658 46348
1.76603 40348
1.7662 46348
1.76643 40348
1.7666 46348
1.76681 40348
1.76698 46348
1.76724 40348
1.76741 46348
1.76764 40348
1.76782 46348
1.76807 40348
1.76824 46348
1.76845 40348
1.76862 46348
1.76888 40348
1.76905 46348
1.76928 40348
1.76946 46348
1.76971 40348
1.76988 46348
1.77009 40348
1.77026 46348
1.77052 40348
1.77069 46348
1.77092 40348
1.7711 46348
1.77135 40348
1.77152 46348
1.77173 40348
1.7719 46348
1.77216 40348
1.77233 46348
1.77256 40348
1.77271 46348
1.77294 40348
1.77312 46348
1.77335 40348
1.77352 46348
1.77375 40348
1.77392 46348
1.77418 40348
1.77435 46348
1.77458 40348
1.77476 46348
1.77499 40348
1.77516 46348
1.77539 40348
1.77556 46348
1.77582 40348
1.77599 46348
1.77622 40348
1.7764 46348
1.77663 40348
1.7768 46348
1.77703 40348
1.7772 46348
1.77746 40348
1.77763 46348
1.77786 40348
1.77804 46348
1.77827 40348
1.77844 46348
1.77867 40348
1.77884 46348
1.77905 40348
1.77922 46348
1.77948 40348
1.77965 46348
1.77988 40348
1.78006 46348
1.78031 40348
1.78048 46348
1.78069 40348
1.78086 46348
1.78112 40348
1.78129 46348
1.78152 40348
1.7817 46348
1.78195 40348
1.78212 46348
1.78233 40348
1.7825 46348
1.78276 40348
1.78293 46348
1.78316 40348
1.78334 46348
1.78359 40348
1.78376 46348
1.78397 40348
1.78414 46348
1.7844 40348
1.78457 46348
1.7848 40348
1.78495 46348
1.78518 40348
1.78536 46348
1.78559 40348
1.78576 46348
1.78599 40348
1.78616 46348
1.78642 40348
1.78659 46348
1.78682 40348
1.787 46348
1.78723 40348
1.7874 46348
1.78763 40348
1.7878 46348
1.78806 40348
1.78823 46348
1.78846 40348
1.78864 46348
1.78887 40348
1.78904 46348
1.78927 40348
1.78944 46348
1.7897 40348
1.78987 46348
1.7901 40348
1.79028 46348
1.79051 40348
1.79068 46348
1.79091 40348
1.79108 46348
1.79129 40348
1.79146 46348
1.79172 40348
1.79189 46348
1.79212 40348
1.7923 46348
1.79255 40348
1.79272 46348
1.79293 40348
1.7931 46348
1.79336 40348
1.79353 46348
1.79376 40348
1.79394 46348
1.79419 40348
1.79436 46348
1.79457 40348
1.79474 46348
1.795 40348
1.79517 46348
1.7954 40348
1.79558 46348
1.79583 40348
1.796 46348
1.79621 40348
1.79638 46348
1.79664 40348
1.79681 46348
1.79704 40348
1.79719 46348
1.79742 40348
1.7976 46348
1.79783 40348
1.798 46348
1.79823 40348
1.7984 46348
1.79866 40348
1.79883 46348
1.79906 40348
1.79924 46348
1.79947 40348
1.79964 46348
1.79987 40348
1.80004 46348
1.8003 40348
1.80047 46348
1.8007 40348
1.80088 46348
1.80111 40348
1.80128 46348
1.80151 40348
1.80168 46348
1.80194 40348
1.80211 46348
1.80234 40348
1.80252 46348
1.80275 40348
1.80292 46348
1.80315 40348
1.80332 46348
1.80353 40348
1.8037 46348
1.80396 40348
1.80413 46348
1.80436 40348
1.80454 46348
1.80479 40348
1.80496 46348
1.80517 40348
1.80534 46348
1.8056 40348
1.80577 46348
1.806 40348
1.80618 46348
1.80643 40348
1.8066 46348
1.80681 40348
1.80698 46348
1.80724 40348
1.80741 46348
1.80764 40348
1.80782 46348
1.80807 40348
1.80824 46348
1.80845 40348
1.80862 46348
1.80888 40348
1.80905 46348
1.80928 40348
1.80943 46348
1.80966 40348
1.80984 46348
1.81007 40348
1.81024 46348
1.81047 40348
1.81064 46348
1.8109 40348
1.81107 46348
1.8113 40348
1.81148 46348
1.81171 40348
1.81188 46348
1.81211 40348
1.81228 46348
1.81254 40348
1.81271 46348
1.81294 40348
1.81312 46348
1.81335 40348
1.81352 46348
1.81375 40348
1.81392 46348
1.81418 40348
1.81435 46348
1.81458 40348
1.81476 46348
1.81499 40348
1.81516 46348
1.81539 40348
1.81556 46348
1.81577 40348
1.81594 46348
1.8162 40348
1.81637 46348
1.8166 40348
1.81678 46348
1.81703 40348
1.8172 46348
1.81741 40348
1.81758 46348
1.81784 40348
1.81801 46348
1.81824 40348
1.81842 46348
1.81867 40348
1.81884 46348
1.81905 40348
1.81922 46348
1.81948 40348
1.81965 46348
1.81988 40348
1.82006 46348
1.82031 40348
1.82048 46348
1.82069 40348
1.82086 46348
1.82112 40348
1.82129 46348
1.82152 40348
1.82167 46348
1.8219 40348
1.82208 46348
1.82231 40348
1.82248 46348
1.82271 40348
1.82288 46348
1.82314 40348
1.82331 46348
1.82354 40348
1.82372 46348
1.82395 40348
1.82412 46348
1.82435 40348
1.82452 46348
1.82478 40348
1.82495 46348
1.82518 40348
1.82536 46348
1.82559 40348
1.82576 46348
1.82599 40348
1.82616 46348
1.82642 40348
1.82659 46348
1.82682 40348
1.827 46348
1.82723 40348
1.8274 46348
1.82763 40348
1.8278 46348
1.82801 40348
1.82818 46348
1.82844 40348
1.82861 46348
1.82884 40348
1.82902 46348
1.82927 40348
1.82944 46348
1.82965 40348
1.82982 46348
1.83008 40348
1.83025 46348
1.83048 40348
1.83066 46348
1.83091 40348
1.83108 46348
1.83129 40348
1.83146 46348
1.83172 40348
1.83189 46348
1.83212 40348
1.8323 46348
1.83255 40348
1.83272 46348
1.83293 40348
1.8331 46348
1.83336 40348
1.83353 46348
1.83376 40348
1.83391 46348
1.83414 40348
1.83432 46348
1.83455 40348
1.83472 46348
1.83495 40348
1.83512 46348
1.83538 40348
1.83555 46348
1.83578 40348
1.83596 46348
1.83619 40348
1.83636 46348
1.83659 40348
1.83676 46348
1.83702 40348
1.83719 46348
1.83742 40348
1.8376 46348
1.83783 40348
1.838 46348
1.83823 40348
1.8384 46348
1.83866 40348
1.83883 46348
1.83906 40348
1.83924 46348
1.83947 40348
1.83964 46348
1.83987 40348
1.84004 46348
1.84025 40348
1.84042 46348
1.84068 40348
1.84085 46348
1.84108 40348
1.84126 46348
1.84151 40348
1.84168 46348
1.84189 40348
1.84206 46348
1.84232 40348
1.84249 46348
1.84272 40348
1.8429 46348
1.84315 40348
1.84332 46348
1.84353 40348
1.8437 46348
1.84396 40348
1.84413 46348
1.84436 40348
1.84454 46348
1.84479 40348
1.84496 46348
1.84517 40348
1.84534 46348
1.8456 40348
1.84577 46348
1.846 40348
1.84615 46348
1.84638 40348
1.84656 46348
1.84679 40348
1.84696 46348
1.84719 40348
1.84736 46348
1.84762 40348
1.84779 46348
1.84802 40348
1.8482 46348
1.84843 40348
1.8486 46348
1.84883 40348
1.849 46348
1.84926 40348
1.84943 46348
1.84966 40348
1.84984 46348
1.85007 40348
1.85024 46348
1.85047 40348
1.85064 46348
1.8509 40348
1.85107 46348
1.8513 40348
1.85148 46348
1.85171 40348
1.85188 46348
1.85211 40348
1.85228 46348
1.85249 40348
1.85266 46348
1.85292 40348
1.85309 46348
1.85332 40348
1.8535 46348
1.85375 40348
1.85392 46348
1.85413 40348
1.8543 46348
1.85456 40348
1.85473 46348
1.85496 40348
1.85514 46348
1.85539 40348
1.85556 46348
1.85577 40348
1.85594 46348
1.8562 40348
1.85637 46348
1.8566 40348
1.85678 46348
1.85703 40348
1.8572 46348
1.85741 40348
1.85758 46348
1.85784 40348
1.85801 46348
1.85824 40348
1.85839 46348
1.85862 40348
1.8588 46348
1.85903 40348
1.8592 46348
1.85943 40348
1.8596 46348
1.85986 40348
1.86003 46348
1.86026 40348
1.86044 46348
1.86067 40348
1.86084 46348
1.86107 40348
1.86124 46348
1.8615 40348
1.86167 46348
1.8619 40348
1.86208 46348
1.86231 40348
1.86248 46348
1.86271 40348
1.86288 46348
1.86314 40348
1.86331 46348
1.86354 40348
1.86372 46348
1.86395 40348
1.86412 46348
1.86435 40348
1.86452 46348
1.86473 40348
1.8649 46348
1.86516 40348
1.86533 46348
1.86556 40348
1.86574 46348
1.86599 40348
1.86616 46348
1.86637 40348
1.86654 46348
1.8668 40348
1.86697 46348
1.8672 40348
1.86738 46348
1.86763 40348
1.8678 46348
1.86801 40348
1.86818 46348
1.86844 40348
1.86861 46348
1.86884 40348
1.86902 46348
1.86927 40348
1.86944 46348
1.86965 40348
1.86982 46348
1.87008 40348
1.87025 46348
1.87048 40348
1.87063 46348
1.87086 40348
1.87104 46348
1.87127 40348
1.87144 46348
1.87167 40348
1.87184 46348
1.8721 40348
1.87227 46348
1.8725 40348
1.87268 46348
1.87291 40348
1.87308 46348
1.87331 40348
1.87348 46348
1.87374 40348
1.87391 46348
1.87414 40348
1.87432 46348
1.87455 40348
1.87472 46348
1.87495 40348
1.87512 46348
1.87538 40348
1.87555 46348
1.87578 40348
1.87596 46348
1.87619 40348
1.87636 46348
1.87659 40348
1.87676 46348
1.87697 40348
1.87714 46348
1.8774 40348
1.87757 46348
1.8778 40348
1.87798 46348
1.87823 40348
1.8784 46348
1.87861 40348
1.87878 46348
1.87904 40348
1.87921 46348
1.87944 40348
1.87962 46348
1.87987 40348
1.88004 46348
1.88025 40348
1.88042 46348
1.88068 40348
1.88085 46348
1.88108 40348
1.88126 46348
1.88151 40348
1.88168 46348
1.88189 40348
1.88206 46348
1.88232 40348
1.88249 46348
1.88272 40348
1.88287 46348
1.8831 40348
1.88328 46348
1.88351 40348
1.88368 46348
1.88391 40348
1.88408 46348
1.88434 40348
1.88451 46348
1.88474 40348
1.88492 46348
1.88515 40348
1.88532 46348
1.88555 40348
1.88572 46348
1.88598 40348
1.88615 46348
1.88638 40348
1.88656 46348
1.88679 40348
1.88696 46348
1.88719 40348
1.88736 46348
1.88762 40348
1.88779 46348
1.88802 40348
1.8882 46348
1.88843 40348
1.8886 46348
1.88883 40348
1.889 46348
1.88921 40348
1.88938 46348
1.88964 40348
1.88981 46348
1.89004 40348
1.89022 46348
1.89047 40348
1.89064 46348
1.89085 40348
1.89102 46348
1.89128 40348
1.89145 46348
1.89168 40348
1.89186 46348
1.89211 40348
1.89228 46348
1.89249 40348
1.89266 46348
1.89292 40348
1.89309 46348
1.89332 40348
1.8935 46348
1.89375 40348
1.89392 46348
1.89413 40348
1.8943 46348
1.89456 40348
1.89473 46348
1.89496 40348
1.89511 46348
1.89534 40348
1.89552 46348
1.89575 40348
1.89592 46348
1.89615 40348
1.89632 46348
1.89658 40348
1.89675 46348
1.89698 40348
1.89716 46348
1.89739 40348
1.89756 46348
1.89779 40348
1.89796 46348
1.89822 40348
1.89839 46348
1.89862 40348
1.8988 46348
1.89903 40348
1.8992 46348
1.89943 40348
1.8996 46348
1.89986 40348
1.90003 46348
1.90026 40348
1.90044 46348
1.90067 40348
1.90084 46348
1.90107 40348
1.90124 46348
1.90145 40348
1.90162 46348
1.90188 40348
1.90205 46348
1.90228 40348
1.90246 46348
1.90271 40348
1.90288 46348
1.90309 40348
1.90326 46348
1.90352 40348
1.90369 46348
1.90392 40348
1.9041 46348
1.90435 40348
1.90452 46348
1.90473 40348
1.9049 46348
1.90516 40348
1.90533 46348
1.90556 40348
1.90574 46348
1.90599 40348
1.90616 46348
1.90637 40348
1.90654 46348
1.9068 40348
1.90697 46348
1.9072 40348
1.90735 46348
1.90758 40348
1.90776 46348
1.90799 40348
1.90816 46348
1.90839 40348
1.90856 46348
1.90882 40348
1.90899 46348
1.90922 40348
1.9094 46348
1.90963 40348
1.9098 46348
1.91003 40348
1.9102 46348
1.91046 40348
1.91063 46348
1.91086 40348
1.91104 46348
1.91127 40348
1.91144 46348
1.91167 40348
1.91184 46348
1.9121 40348
1.91227 46348
1.9125 40348
1.91268 46348
1.91291 40348
1.91308 46348
1.91331 40348
1.91348 46348
1.91369 40348
1.91386 46348
1.91412 40348
1.91429 46348
1.91452 40348
1.9147 46348
1.91495 40348
1.91512 46348
1.91533 40348
1.9155 46348
1.91576 40348
1.91593 46348
1.91616 40348
1.91634 46348
1.91659 40348
1.91676 46348
1.91697 40348
1.91714 46348
1.9174 40348
1.91757 46348
1.9178 40348
1.91798 46348
1.91823 40348
1.9184 46348
1.91861 40348
1.91878 46348
1.91904 40348
1.91921 46348
1.91944 40348
1.91959 46348
1.91982 40348
1.92 46348
1.92023 40348
1.9204 46348
1.92063 40348
1.9208 46348
1.92106 40348
1.92123 46348
1.92146 40348
1.92164 46348
1.92187 40348
1.92204 46348
1.92227 40348
1.92244 46348
1.9227 40348
1.92287 46348
1.9231 40348
1.92328 46348
1.92351 40348
1.92368 46348
1.92391 40348
1.92408 46348
1.92434 40348
1.92451 46348
1.92474 40348
1.92492 46348
1.92515 40348
1.92532 46348
1.92555 40348
1.92572 46348
1.92593 40348
1.9261 46348
1.92636 40348
1.92653 46348
1.92676 40348
1.92694 46348
1.92719 40348
1.92736 46348
1.92757 40348
1.92774 46348
1.928 40348
1.92817 46348
1.9284 40348
1.92858 46348
1.92883 40348
1.929 46348
1.92921 40348
1.92938 46348
1.92964 40348
1.92981 46348
1.93004 40348
1.93022 46348
1.93047 40348
1.93064 46348
1.93085 40348
1.93102 46348
1.93128 40348
1.93145 46348
1.93168 40348
1.93183 46348
1.93206 40348
1.93224 46348
1.93247 40348
1.93264 46348
1.93287 40348
1.93304 46348
1.9333 40348
1.93347 46348
1.9337 40348
1.93388 46348
1.93411 40348
1.93428 46348
1.93451 40348
1.93468 46348
1.93494 40348
1.93511 46348
1.93534 40348
1.93552 46348
1.93575 40348
1.93592 46348
1.93615 40348
1.93632 46348
1.93658 40348
1.93675 46348
1.93698 40348
1.93716 46348
1.93739 40348
1.93756 46348
1.93779 40348
1.93796 46348
1.93817 40348
1.93834 46348
1.9386 40348
1.93877 46348
1.939 40348
1.93918 46348
1.93943 40348
1.9396 46348
1.93981 40348
1.93998 46348
1.94024 40348
1.94041 46348
1.94064 40348
1.94082 46348
1.94107 40348
1.94124 46348
1.94145 40348
1.94162 46348
1.94188 40348
1.94205 46348
1.94228 40348
1.94246 46348
1.94271 40348
1.94288 46348
1.94309 40348
1.94326 46348
1.94352 40348
1.94369 46348
1.94392 40348
1.94407 46348
1.9443 40348
1.94448 46348
1.94471 40348
1.94488 46348
1.94511 40348
1.94528 46348
1.94554 40348
1.94571 46348
1.94594 40348
1.94612 46348
1.94635 40348
1.94652 46348
1.94675 40348
1.94692 46348
1.94718 40348
1.94735 46348
1.94758 40348
1.94776 46348
1.94799 40348
1.94816 46348
1.94839 40348
1.94856 46348
1.94882 40348
1.94899 46348
1.94922 40348
1.9494 46348
1.94963 40348
1.9498 46348
1.95003 40348
1.9502 46348
1.95041 40348
1.95058 46348
1.95084 40348
1.95101 46348
1.95124 40348
1.95142 46348
1.95167 40348
1.95184 46348
1.95205 40348
1.95222 46348
1.95248 40348
1.95265 46348
1.95288 40348
1.95306 46348
1.95331 40348
1.95348 46348
1.95369 40348
1.95386 46348
1.95412 40348
1.95429 46348
1.95452 40348
1.9547 46348
1.95495 40348
1.95512 46348
1.95533 40348
1.9555 46348
1.95576 40348
1.95593 46348
1.95616 40348
1.95631 46348
1.95654 40348
1.95672 46348
1.95695 40348
1.95712 46348
1.95735 40348
1.95752 46348
1.95778 40348
1.95795 46348
1.95818 40348
1.95836 46348
1.95859 40348
1.95876 46348
1.95899 40348
1.95916 46348
1.95942 40348
1.95959 46348
1.95982 40348
1.96 46348
1.96023 40348
1.9604 46348
1.96063 40348
1.9608 46348
1.96106 40348
1.96123 46348
1.96146 40348
1.96164 46348
1.96187 40348
1.96204 46348
1.96227 40348
1.96244 46348
1.96265 40348
1.96282 46348
1.96308 40348
1.96325 46348
1.96348 40348
1.96366 46348
1.96391 40348
1.96408 46348
1.96429 40348
1.96446 46348
1.96472 40348
1.96489 46348
1.96512 40348
1.9653 46348
1.96555 40348
1.96572 46348
1.96593 40348
1.9661 46348
1.96636 40348
1.96653 46348
1.96676 40348
1.96694 46348
1.96719 40348
1.96736 46348
1.96757 40348
1.96774 46348
1.968 40348
1.96817 46348
1.9684 40348
1.96855 46348
1.96878 40348
1.96896 46348
1.96919 40348
1.96936 46348
1.96959 40348
1.96976 46348
1.97002 40348
1.97019 46348
1.97042 40348
1.9706 46348
1.97083 40348
1.971 46348
1.97123 40348
1.9714 46348
1.97166 40348
1.97183 46348
1.97206 40348
1.97224 46348
1.97247 40348
1.97264 46348
1.97287 40348
1.97304 46348
1.9733 40348
1.97347 46348
1.9737 40348
1.97388 46348
1.97411 40348
1.97428 46348
1.97451 40348
1.97468 46348
1.97489 40348
1.97506 46348
1.97532 40348
1.97549 46348
1.97572 40348
1.9759 46348
1.97615 40348
1.97632 46348
1.97653 40348
1.9767 46348
1.97696 40348
1.97713 46348
1.97736 40348
1.97754 46348
1.97779 40348
1.97796 46348
1.97817 40348
1.97834 46348
1.9786 40348
1.97877 46348
1.979 40348
1.97918 46348
1.97943 40348
1.9796 46348
1.97981 40348
1.97998 46348
1.98024 40348
1.98041 46348
1.98064 40348
1.98079 46348
1.98102 40348
1.9812 46348
1.98143 40348
1.9816 46348
1.98183 40348
1.982 46348
1.98226 40348
1.98243 46348
1.98266 40348
1.98284 46348
1.98307 40348
1.98324 46348
1.98347 40348
1.98364 46348
1.9839 40348
1.98407 46348
1.9843 40348
1.98448 46348
1.98471 40348
1.98488 46348
1.98511 40348
1.98528 46348
1.98554 40348
1.98571 46348
1.98594 40348
1.98612 46348
1.98635 40348
1.98652 46348
1.98675 40348
1.98692 46348
1.98713 40348
1.9873 46348
1.98756 40348
1.98773 46348
1.98796 40348
1.98814 46348
1.98839 40348
1.98856 46348
1.98877 40348
1.98894 46348
1.9892 40348
1.98937 46348
1.9896 40348
1.98978 46348
1.99003 40348
1.9902 46348
1.99041 40348
1.99058 46348
1.99084 40348
1.99101 46348
1.99124 40348
1.99142 46348
1.99167 40348
1.99184 46348
1.99205 40348
1.99222 46348
1.99248 40348
1.99265 46348
1.99288 40348
1.99303 46348
1.99326 40348
1.99344 46348
1.99367 40348
1.99384 46348
1.99407 40348
1.99424 46348
1.9945 40348
1.99467 46348
1.9949 40348
1.99508 46348
1.99531 40348
1.99548 46348
1.99571 40348
1.99588 46348
1.99614 40348
1.99631 46348
1.99654 40348
1.99672 46348
1.99695 40348
1.99712 46348
1.99735 40348
1.99752 46348
1.99778 40348
1.99795 46348
1.99818 40348
1.99836 46348
1.99859 40348
1.99876 46348
1.99899 40348
1.99916 46348
1.99937 40348
1.99954 46348
1.9998 40348
1.99997 46348
2.00016 6724
2.00038 7724
2.00214 6724
2.00445 7724
2.01365 8424
2.01419 23172
2.01421 30896
2.0143 46348
2.01468 40348
2.01493 46348
2.01515 40348
2.01532 46348
2.01557 40348
2.01574 46348
2.01596 40348
2.01613 46348
2.01638 40348
2.01655 46348
2.01679 40348
2.01694 46348
2.01716 40348
2.01733 46348
2.01758 40348
2.01775 46348
2.01799 40348
2.01817 46348
2.01841 40348
2.01858 46348
2.0188 40348
2.01897 46348
2.01922 40348
2.01939 46348
2.01963 40348
2.01981 46348
2.02005 40348
2.02022 46348
2.02044 40348
2.02061 46348
2.02086 40348
2.02103 46348
2.02127 40348
2.02145 46348
2.02169 40348
2.02186 46348
2.02208 40348
2.02225 46348
2.0225 40348
2.02267 46348
2.02291 40348
2.02306 46348
2.02328 40348
2.02345 46348
2.0237 40348
2.02387 46348
2.02411 40348
2.02429 46348
2.02453 40348
2.0247 46348
2.02492 40348
2.02509 46348
2.02534 40348
2.02551 46348
2.02575 40348
2.02593 46348
2.02617 40348
2.02634 46348
2.02656 40348
2.02673 46348
2.02698 40348
2.02715 46348
2.02739 40348
2.02757 46348
2.02781 40348
2.02798 46348
2.0282 40348
2.02837 46348
2.02862 40348
2.02879 46348
2.02903 40348
2.02918 46348
2.0294 40348
2.02957 46348
2.02982 40348
2.02999 46348
2.03023 40348
2.03041 46348
2.03065 40348
2.03082 46348
2.03104 40348
2.03121 46348
2.03146 40348
2.03163 46348
2.03187 40348
2.03205 46348
2.03229 40348
2.03246 46348
2.03268 40348
2.03285 46348
2.0331 40348
2.03327 46348
2.03351 40348
2.03369 46348
2.03393 40348
2.0341 46348
2.03432 40348
2.03449 46348
2.03474 40348
2.03491 46348
2.03515 40348
2.0353 46348
2.03552 40348
2.03569 46348
2.03594 40348
2.03611 46348
2.03635 40348
2.03653 46348
2.03677 40348
2.03694 46348
2.03716 40348
2.03733 46348
2.03758 40348
2.03775 46348
2.03799 40348
2.03817 46348
2.03841 40348
2.03858 46348
2.0388 40348
2.03897 46348
2.03922 40348
2.03939 46348
2.03963 40348
2.03981 46348
2.04005 40348
2.04022 46348
2.04044 40348
2.04061 46348
2.04086 40348
2.04103 46348
2.04127 40348
2.04142 46348
2.04164 40348
2.04181 46348
2.04206 40348
2.04223 46348
2.04247 40348
2.04265 46348
2.04289 40348
2.04306 46348
2.04328 40348
2.04345 46348
2.0437 40348
2.04387 46348
2.04411 40348
2.04429 46348
2.04453 40348
2.0447 46348
2.04492 40348
2.04509 46348
2.04534 40348
2.04551 46348
2.04575 40348
2.04593 46348
2.04617 40348
2.04634 46348
2.04656 40348
2.04673 46348
2.04698 40348
2.04715 46348
2.04739 40348
2.04754 46348
2.04776 40348
2.04793 46348
2.04818 40348
2.04835 46348
2.04859 40348
2.04877 46348
2.04901 40348
2.04918 46348
2.0494 40348
2.04957 46348
2.04982 40348
2.04999 46348
2.05023 40348
2.05041 46348
2.05065 40348
2.05082 46348
2.05104 40348
2.05121 46348
2.05146 40348
2.05163 46348
2.05187 40348
2.05205 46348
2.05229 40348
2.05246 46348
2.05268 40348
2.05285 46348
2.0531 40348
2.05327 46348
2.05351 40348
2.05366 46348
2.05388 40348
2.05405 46348
2.0543 40348
2.05447 46348
2.05471 40348
2.05489 46348
2.05513 40348
2.0553 46348
2.05552 40348
2.05569 46348
2.05594 40348
2.05611 46348
2.05635 40348
2.05653 46348
2.05677 40348
2.05694 46348
2.05716 40348
2.05733 46348
2.05758 40348
2.05775 46348
2.05799 40348
2.05817 46348
2.05841 40348
2.05858 46348
2.0588 40348
2.05897 46348
2.05922 40348
2.05939 46348
2.05963 40348
2.05978 46348
2.06 40348
2.06017 46348
2.06042 40348
2.06059 46348
2.06083 40348
2.06101 46348
2.06125 40348
2.06142 46348
2.06164 40348
2.06181 46348
2.06206 40348
2.06223 46348
2.06247 40348
2.06265 46348
2.06289 40348
2.06306 46348
2.06328 40348
2.06345 46348
2.0637 40348
2.06387 46348
2.06411 40348
2.06429 46348
2.06453 40348
2.0647 46348
2.06492 40348
2.06509 46348
2.06534 40348
2.06551 46348
2.06575 40348
2.0659 46348
2.06612 40348
2.06629 46348
2.06654 40348
2.06671 46348
2.06695 40348
2.06713 46348
2.06737 40348
2.06754 46348
2.06776 40348
2.06793 46348
2.06818 40348
2.06835 46348
2.06859 40348
2.06877 46348
2.06901 40348
2.06918 46348
2.0694 40348
2.06957 46348
2.06982 40348
2.06999 46348
2.07023 40348
2.07041 46348
2.07065 40348
2.07082 46348
2.07104 40348
2.07121 46348
2.07146 40348
2.07163 46348
2.07187 40348
2.07202 46348
2.07224 40348
2.07241 46348
2.07266 40348
2.07283 46348
2.07307 40348
2.07325 46348
2.07349 40348
2.07366 46348
2.07388 40348
2.07405 46348
2.0743 40348
2.07447 46348
2.07471 40348
2.07489 46348
2.07513 40348
2.0753 46348
2.07552 40348
2.07569 46348
2.07594 40348
2.07611 46348
2.07635 40348
2.07653 46348
2.07677 40348
2.07694 46348
2.07716 40348
2.07733 46348
2.07758 40348
2.07775 46348
2.07799 40348
2.07814 46348
2.07836 40348
2.07853 46348
2.07878 40348
2.07895 46348
2.07919 40348
2.07937 46348
2.07961 40348
2.07978 46348
2.08 40348
2.08017 46348
2.08042 40348
2.08059 46348
2.08083 40348
2.08101 46348
2.08125 40348
2.08142 46348
2.08164 40348
2.08181 46348
2.08206 40348
2.08223 46348
2.08247 40348
2.08265 46348
2.08289 40348
2.08306 46348
2.08328 40348
2.08345 46348
2.0837 40348
2.08387 46348
2.08411 40348
2.08426 46348
2.08448 40348
2.08465 46348
2.0849 40348
2.08507 46348
2.08531 40348
2.08549 46348
2.08573 40348
2.0859 46348
2.08612 40348
2.08629 46348
2.08654 40348
2.08671 46348
2.08695 40348
2.08713 46348
2.08737 40348
2.08754 46348
2.08776 40348
2.08793 46348
2.08818 40348
2.08835 46348
2.08859 40348
2.08877 46348
2.08901 40348
2.08918 46348
2.0894 40348
2.08957 46348
2.08982 40348
2.08999 46348
2.09023 40348
2.09038 46348
2.0906 40348
2.09077 46348
2.09102 40348
2.09119 46348
2.09143 40348
2.09161 46348
2.09185 40348
2.09202 46348
2.09224 40348
2.09241 46348
2.09266 40348
2.09283 46348
2.09307 40348
2.09325 46348
2.09349 40348
2.09366 46348
2.09388 40348
2.09405 46348
2.0943 40348
2.09447 46348
2.09471 40348
2.09489 46348
2.09513 40348
2.0953 46348
2.09552 40348
2.09569 46348
2.09594 40348
2.09611 46348
2.09635 40348
2.0965 46348
2.09672 40348
2.09689 46348
2.09714 40348
2.09731 46348
2.09755 40348
2.09773 46348
2.09797 40348
2.09814 46348
2.09836 40348
2.09853 46348
2.09878 40348
2.09895 46348
2.09919 40348
2.09937 46348
2.09961 40348
2.09978 46348
2.1 40348
2.10042 46348
2.10066 40348
2.10085 46348
2.10109 40348
2.10126 46348
2.10148 40348
2.10165 46348
2.1019 40348
2.10207 46348
2.10231 40348
2.10249 46348
2.10273 40348
2.1029 46348
2.10312 40348
2.10329 46348
2.10354 40348
2.10371 46348
2.10395 40348
2.10413 46348
2.10437 40348
2.10454 46348
2.10476 40348
2.10493 46348
2.10518 40348
2.10535 46348
2.10559 40348
2.10577 46348
2.10601 40348
2.10618 46348
2.1064 40348
2.10657 46348
2.10679 40348
2.10697 46348
2.10721 40348
2.10738 46348
2.1076 40348
2.10777 46348
2.10802 40348
2.10819 46348
2.10843 40348
2.10861 46348
2.10885 40348
2.10902 46348
2.10924 40348
2.10941 46348
2.10966 40348
2.10983 46348
2.11007 40348
2.11025 46348
2.11049 40348
2.11066 46348
2.11088 40348
2.11105 46348
2.1113 40348
2.11147 46348
2.11171 40348
2.11189 46348
2.11213 40348
2.1123 46348
2.11252 40348
2.11269 46348
2.11291 40348
2.11309 46348
2.11333 40348
2.1135 46348
2.11372 40348
2.11389 46348
2.11414 40348
2.11431 46348
2.11455 40348
2.11473 46348
2.11497 40348
2.11514 46348
2.11536 40348
2.11553 46348
2.11578 40348
2.11595 46348
2.11619 40348
2.11637 46348
2.11661 40348
2.11678 46348
2.117 40348
2.11717 46348
2.11742 40348
2.11759 46348
2.11783 40348
2.11801 46348
2.11825 40348
2.11842 46348
2.11864 40348
2.11881 46348
2.11903 40348
2.11921 46348
2.11945 40348
2.11962 46348
2.11984 40348
2.12001 46348
2.12026 40348
2.12043 46348
2.12067 40348
2.12085 46348
2.12109 40348
2.12126 46348
2.12148 40348
2.12165 46348
2.1219 40348
2.12207 46348
2.12231 40348
2.12249 46348
2.12273 40348
2.1229 46348
2.12312 40348
2.12329 46348
2.12354 40348
2.12371 46348
2.12395 40348
2.12413 46348
2.12437 40348
2.12454 46348
2.12476 40348
2.12493 46348
2.12515 40348
2.12533 46348
2.12557 40348
2.12574 46348
2.12596 40348
2.12613 46348
2.12638 40348
2.12655 46348
2.12679 40348
2.12697 46348
2.12721 40348
2.12738 46348
2.1276 40348
2.12777 46348
2.12802 40348
2.12819 46348
2.12843 40348
2.12861 46348
2.12885 40348
2.12902 46348
2.12924 40348
2.12941 46348
2.12966 40348
2.12983 46348
2.13007 40348
2.13025 46348
2.13049 40348
2.13066 46348
2.13088 40348
2.13105 46348
2.13127 40348
2.13145 46348
2.13169 40348
2.13186 46348
2.13208 40348
2.13225 46348
2.1325 40348
2.13267 46348
2.13291 40348
2.13309 46348
2.13333 40348
2.1335 46348
2.13372 40348
2.13389 46348
2.13414 40348
2.13431 46348
2.13455 40348
2.13473 46348
2.13497 40348
2.13514 46348
2.13536 40348
2.13553 46348
2.13578 40348
2.13595 46348
2.13619 40348
2.13637 46348
2.13661 40348
2.13678 46348
2.137 40348
2.13717 46348
2.13739 40348
2.13757 46348
2.13781 40348
2.13798 46348
2.1382 40348
2.13837 46348
2.13862 40348
2.13879 46348
2.13903 40348
2.13921 46348
2.13945 40348
2.13962 46348
2.13984 40348
2.14001 46348
2.14026 40348
2.14043 46348
2.14067 40348
2.14085 46348
2.14109 40348
2.14126 46348
2.14148 40348
2.14165 46348
2.1419 40348
2.14207 46348
2.14231 40348
2.14249 46348
2.14273 40348
2.1429 46348
2.14312 40348
2.14329 46348
2.14351 40348
2.14369 46348
2.14393 40348
2.1441 46348
2.14432 40348
2.14449 46348
2.14474 40348
2.14491 46348
2.14515 40348
2.14533 46348
2.14557 40348
2.14574 46348
2.14596 40348
2.14613 46348
2.14638 40348
2.14655 46348
2.14679 40348
2.14697 46348
2.14721 40348
2.14738 46348
2.1476 40348
2.14777 46348
2.14802 40348
2.14819 46348
2.14843 40348
2.14861 46348
2.14885 40348
2.14902 46348
2.14924 40348
2.14941 46348
2.14963 40348
2.14981 46348
2.15005 40348
2.15022 46348
2.15044 40348
2.15061 46348
2.15086 40348
2.15103 46348
2.15127 40348
2.15145 46348
2.15169 40348
2.15186 46348
2.15208 40348
2.15225 46348
2.1525 40348
2.15267 46348
2.15291 40348
2.15309 46348
2.15333 40348
2.1535 46348
2.15372 40348
2.15389 46348
2.15414 40348
2.15431 46348
2.15455 40348
2.15473 46348
2.15497 40348
2.15514 46348
2.15536 40348
2.15553 46348
2.15575 40348
2.15593 46348
2.15617 40348
2.15634 46348
2.15656 40348
2.15673 46348
2.15698 40348
2.15715 46348
2.15739 40348
2.15757 46348
2.15781 40348
2.15798 46348
2.1582 40348
2.15837 46348
2.15862 40348
2.15879 46348
2.15903 40348
2.15921 46348
2.15945 40348
2.15962 46348
2.15984 40348
2.16001 46348
2.16026 40348
2.16043 46348
2.16067 40348
2.16085 46348
2.16109 40348
2.16126 46348
2.16148 40348
2.16165 46348
2.16187 40348
2.16205 46348
2.16229 40348
2.16246 46348
2.16268 40348
2.16285 46348
2.1631 40348
2.16327 46348
2.16351 40348
2.16369 46348
2.16393 40348
2.1641 46348
2.16432 40348
2.16449 46348
2.16474 40348
2.16491 46348
2.16515 40348
2.16533 46348
2.16557 40348
2.16574 46348
2.16596 40348
2.16613 46348
2.16638 40348
2.16655 46348
2.16679 40348
2.16697 46348
2.16721 40348
2.16738 46348
2.1676 40348
2.16777 46348
2.16799 40348
2.16817 46348
2.16841 40348
2.16858 46348
2.1688 40348
2.16897 46348
2.16922 40348
2.16939 46348
2.16963 40348
2.16981 46348
2.17005 40348
2.17022 46348
2.17044 40348
2.17061 46348
2.17086 40348
2.17103 46348
2.17127 40348
2.17145 46348
2.17169 40348
2.17186 46348
2.17208 40348
2.17225 46348
2.1725 40348
2.17267 46348
2.17291 40348
2.17309 46348
2.17333 40348
2.1735 46348
2.17372 40348
2.17389 46348
2.17411 40348
2.17429 46348
2.17453 40348
2.1747 46348
2.17492 40348
2.17509 46348
2.17534 40348
2.17551 46348
2.17575 40348
2.17593 46348
2.17617 40348
2.17634 46348
2.17656 40348
2.17673 46348
2.17698 40348
2.17715 46348
2.17739 40348
2.17757 46348
2.17781 40348
2.17798 46348
2.1782 40348
2.17837 46348
2.17862 40348
2.17879 46348
2.17903 40348
2.17921 46348
2.17945 40348
2.17962 46348
2.17984 40348
2.18001 46348
2.18023 40348
2.18041 46348
2.18065 40348
2.18082 46348
2.18104 40348
2.18121 46348
2.18146 40348
2.18163 46348
2.18187 40348
2.18205 46348
2.18229 40348
2.18246 46348
2.18268 40348
2.18285 46348
2.1831 40348
2.18327 46348
2.18351 40348
2.18369 46348
2.18393 40348
2.1841 46348
2.18432 40348
2.18449 46348
2.18474 40348
2.18491 46348
2.18515 40348
2.18533 46348
2.18557 40348
2.18574 46348
2.18596 40348
2.18613 46348
2.18635 40348
2.18653 46348
2.18677 40348
2.18694 46348
2.18716 40348
2.18733 46348
2.18758 40348
2.18775 46348
2.18799 40348
2.18817 46348
2.18841 40348
2.18858 46348
2.1888 40348
2.18897 46348
2.18922 40348
2.18939 46348
2.18963 40348
2.18981 46348
2.19005 40348
2.19022 46348
2.19044 40348
2.19061 46348
2.19086 40348
2.19103 46348
2.19127 40348
2.19145 46348
2.19169 40348
2.19186 46348
2.19208 40348
2.19225 46348
2.19247 40348
2.19265 46348
2.19289 40348
2.19306 46348
2.19328 40348
2.19345 46348
2.1937 40348
2.19387 46348
2.19411 40348
2.19429 46348
2.19453 40348
2.1947 46348
2.19492 40348
2.19509 46348
2.19534 40348
2.19551 46348
2.19575 40348
2.19593 46348
2.19617 40348
2.19634 46348
2.19656 40348
2.19673 46348
2.19698 40348
2.19715 46348
2.19739 40348
2.19757 46348
2.19781 40348
2.19798 46348
2.1982 40348
2.19837 46348
2.19859 40348
2.19877 46348
2.19901 40348
2.19918 46348
2.1994 40348
2.19957 46348
2.19982 40348
2.19999 46348
2.20023 40348
2.20041 46348
2.20065 40348
2.20082 46348
2.20104 40348
2.20121 46348
2.20146 40348
2.20163 46348
2.20187 40348
2.20205 46348
2.20229 40348
2.20246 46348
2.20268 40348
2.20285 46348
2.2031 40348
2.20327 46348
2.20351 40348
2.20369 46348
2.20393 40348
2.2041 46348
2.20432 40348
2.20449 46348
2.20471 40348
2.20489 46348
2.20513 40348
2.2053 46348
2.20552 40348
2.20569 46348
2.20594 40348
2.20611 46348
2.20635 40348
2.20653 46348
2.20677 40348
2.20694 46348
2.20716 40348
2.20733 46348
2.20758 40348
2.20775 46348
2.20799 40348
2.20817 46348
2.20841 40348
2.20858 46348
2.2088 40348
2.20897 46348
2.20922 40348
2.20939 46348
2.20963 40348
2.20981 46348
2.21005 40348
2.21022 46348
2.21044 40348
2.21061 46348
2.21083 40348
2.21101 46348
2.21125 40348
2.21142 46348
2.21164 40348
2.21181 46348
2.21206 40348
2.21223 46348
2.21247 40348
2.21265 46348
2.21289 40348
2.21306 46348
2.21328 40348
2.21345 46348
2.2137 40348
2.21387 46348
2.21411 40348
2.21429 46348
2.21453 40348
2.2147 46348
2.21492 40348
2.21509 46348
2.21534 40348
2.21551 46348
2.21575 40348
2.21593 46348
2.21617 40348
2.21634 46348
2.21656 40348
2.21673 46348
2.21695 40348
2.21713 46348
2.21737 40348
2.21754 46348
2.21776 40348
2.21793 46348
2.21818 40348
2.21835 46348
2.21859 40348
2.21877 46348
2.21901 40348
2.21918 46348
2.2194 40348
2.21957 46348
2.21982 40348
2.21999 46348
2.22023 40348
2.22041 46348
2.22065 40348
2.22082 46348
2.22104 40348
2.22121 46348
2.22146 40348
2.22163 46348
2.22187 40348
2.22205 46348
2.22229 40348
2.22246 46348
2.22268 40348
2.22285 46348
2.22307 40348
2.22325 46348
2.22349 40348
2.22366 46348
2.22388 40348
2.22405 46348
2.2243 40348
2.22447 46348
2.22471 40348
2.22489 46348
2.22513 40348
2.2253 46348
2.22552 40348
2.22569 46348
2.22594 40348
2.22611 46348
2.22635 40348
2.22653 46348
2.22677 40348
2.22694 46348
2.22716 40348
2.22733 46348
2.22758 40348
2.22775 46348
2.22799 40348
2.22817 46348
2.22841 40348
2.22858 46348
2.2288 40348
2.22897 46348
2.22919 40348
2.22937 46348
2.22961 40348
2.22978 46348
2.23 40348
2.23017 46348
2.23042 40348
2.23059 46348
2.23083 40348
2.23101 46348
2.23125 40348
2.23142 46348
2.23164 40348
2.23181 46348
2.23206 40348
2.23223 46348
2.23247 40348
2.23265 46348
2.23289 40348
2.23306 46348
2.23328 40348
2.23345 46348
2.2337 40348
2.23387 46348
2.23411 40348
2.23429 46348
2.23453 40348
2.2347 46348
2.23492 40348
2.23509 46348
2.23531 40348
2.23549 46348
2.23573 40348
2.2359 46348
2.23612 40348
2.23629 46348
2.23654 40348
2.23671 46348
2.23695 40348
2.23713 46348
2.23737 40348
2.23754 46348
2.23776 40348
2.23793 46348
2.23818 40348
2.23835 46348
2.23859 40348
2.23877 46348
2.23901 40348
2.23918 46348
2.2394 40348
2.23957 46348
2.23982 40348
2.23999 46348
2.24023 40348
2.24041 46348
2.24065 40348
2.24082 46348
2.24104 40348
2.24121 46348
2.24143 40348
2.24161 46348
2.24185 40348
2.24202 46348
2.24224 40348
2.24241 46348
2.24266 40348
2.24283 46348
2.24307 40348
2.24325 46348
2.24349 40348
2.24366 46348
2.24388 40348
2.24405 46348
2.2443 40348
2.24447 46348
2.24471 40348
2.24489 46348
2.24513 40348
2.2453 46348
2.24552 40348
2.24569 46348
2.24594 40348
2.24611 46348
2.24635 40348
2.24653 46348
2.24677 40348
2.24694 46348
