1.00047 65535
1.00097 131072
1.50014 1460
1.50041 34076
1.50129 46348
1.50163 34076
1.50174 46348
1.50222 34076
1.50239 46348
1.50278 34076
1.50294 46348
1.50328 34076
1.50343 46348
1.50381 34076
1.50399 46348
1.50434 34076
1.50447 46348
1.50479 34076
1.50496 46348
1.50528 34076
1.50545 46348
1.50576 34076
1.50594 46348
1.50628 34076
1.50644 46348
1.50677 34076
1.50694 46348
1.50727 34076
1.50743 46348
1.50776 34076
1.50794 46348
1.50825 34076
1.50843 46348
1.50873 34076
1.50892 46348
1.50922 34076
1.50939 46348
1.50974 34076
1.50988 46348
1.5102 34076
1.51037 46348
1.51068 34076
1.51086 46348
1.5112 34076
1.51136 46348
1.51169 34076
1.51186 46348
1.5122 34076
1.51235 46348
1.51269 34076
1.51283 46348
1.51317 34076
1.51335 46348
1.51365 34076
1.51384 46348
1.51414 34076
1.51431 46348
1.51463 34076
1.5148 46348
1.51515 34076
1.51529 46348
1.51563 34076
1.51578 46348
1.51611 34076
1.51627 46348
1.5166 34076
1.51677 46348
1.51709 34076
1.51726 46348
1.51758 34076
1.51775 46348
1.5181 34076
1.51824 46348
1.51858 34076
1.51873 46348
1.51906 34076
1.51922 46348
1.51955 34076
1.51972 46348
1.52004 34076
1.52021 46348
1.52053 34076
1.5207 46348
1.52104 34076
1.52119 46348
1.52153 34076
1.52171 46348
1.52201 34076
1.5222 46348
1.52251 34076
1.52267 46348
1.523 34076
1.52317 46348
1.52348 34076
1.52366 46348
1.52398 34076
1.52414 46348
1.52447 34076
1.52464 46348
1.52496 34076
1.52513 46348
1.52545 34076
1.52562 46348
1.52594 34076
1.52611 46348
1.52646 34076
1.5266 46348
1.52692 34076
1.52709 46348
1.5274 34076
1.52758 46348
1.52792 34076
1.52808 46348
1.52841 34076
1.52858 46348
1.52892 34076
1.52907 46348
1.5294 34076
1.52955 46348
1.52989 34076
1.53007 46348
1.53037 34076
1.53056 46348
1.53086 34076
1.53103 46348
1.53135 34076
1.53152 46348
1.53187 34076
1.53201 46348
1.53235 34076
1.5325 46348
1.53283 34076
1.53299 46348
1.53332 34076
1.53349 46348
1.53381 34076
1.53398 46348
1.5343 34076
1.53447 46348
1.53481 34076
1.53496 46348
1.5353 34076
1.53548 46348
1.53578 34076
1.53597 46348
1.53628 34076
1.53644 46348
1.53677 34076
1.53694 46348
1.53725 34076
1.53743 46348
1.53775 34076
1.53791 46348
1.53824 34076
1.53841 46348
1.53873 34076
1.5389 46348
1.53922 34076
1.53939 46348
1.53971 34076
1.53988 46348
1.54023 34076
1.54037 46348
1.54069 34076
1.54086 46348
1.54117 34076
1.54135 46348
1.54169 34076
1.54185 46348
1.54218 34076
1.54235 46348
1.54269 34076
1.54284 46348
1.54317 34076
1.54332 46348
1.54366 34076
1.54384 46348
1.54414 34076
1.54433 46348
1.54463 34076
1.5448 46348
1.54512 34076
1.54529 46348
1.54564 34076
1.54578 46348
1.54612 34076
1.54627 46348
1.5466 34076
1.54676 46348
1.54709 34076
1.54726 46348
1.54758 34076
1.54775 46348
1.54807 34076
1.54824 46348
1.54858 34076
1.54873 46348
1.54907 34076
1.54925 46348
1.54955 34076
1.54974 46348
1.55005 34076
1.55021 46348
1.55054 34076
1.55071 46348
1.55102 34076
1.5512 46348
1.55152 34076
1.55168 46348
1.55201 34076
1.55218 46348
1.5525 34076
1.55267 46348
1.55299 34076
1.55316 46348
1.55348 34076
1.55365 46348
1.554 34076
1.55414 46348
1.55446 34076
1.55463 46348
1.55494 34076
1.55512 46348
1.55546 34076
1.55562 46348
1.55595 34076
1.55612 46348
1.55646 34076
1.55661 46348
1.55694 34076
1.55709 46348
1.55743 34076
1.55761 46348
1.55791 34076
1.5581 46348
1.5584 34076
1.55857 46348
1.55889 34076
1.55906 46348
1.55941 34076
1.55955 46348
1.55989 34076
1.56004 46348
1.56037 34076
1.56053 46348
1.56086 34076
1.56103 46348
1.56135 34076
1.56152 46348
1.56184 34076
1.56201 46348
1.56235 34076
1.5625 46348
1.56284 34076
1.56302 46348
1.56332 34076
1.56351 46348
1.56382 34076
1.56398 46348
1.56431 34076
1.56448 46348
1.56479 34076
1.56497 46348
1.56529 34076
1.56545 46348
1.56578 34076
1.56595 46348
1.56627 34076
1.56644 46348
1.56676 34076
1.56693 46348
1.56725 34076
1.56742 46348
1.56777 34076
1.56791 46348
1.56823 34076
1.5684 46348
1.56871 34076
1.56889 46348
1.56923 34076
1.56939 46348
1.56972 34076
1.56989 46348
1.57023 34076
1.57038 46348
1.57071 34076
1.57086 46348
1.5712 34076
1.57138 46348
1.57168 34076
1.57187 46348
1.57217 34076
1.57234 46348
1.57266 34076
1.57283 46348
1.57318 34076
1.57332 46348
1.57366 34076
1.57381 46348
1.57414 34076
1.5743 46348
1.57463 34076
1.5748 46348
1.57512 34076
1.57529 46348
1.57561 34076
1.57578 46348
1.57612 34076
1.57627 46348
1.57661 34076
1.57679 46348
1.57709 34076
1.57728 46348
1.57759 34076
1.57775 46348
1.57808 34076
1.57825 46348
1.57856 34076
1.57874 46348
1.57906 34076
1.57922 46348
1.57955 34076
1.57972 46348
1.58004 34076
1.58021 46348
1.58053 34076
1.5807 46348
1.58102 34076
1.58119 46348
1.58154 34076
1.58168 46348
1.582 34076
1.58217 46348
1.58248 34076
1.58266 46348
1.583 34076
1.58316 46348
1.58349 34076
1.58366 46348
1.584 34076
1.58415 46348
1.58448 34076
1.58463 46348
1.58497 34076
1.58515 46348
1.58545 34076
1.58564 46348
1.58594 34076
1.58611 46348
1.58643 34076
1.5866 46348
1.58695 34076
1.58709 46348
1.58743 34076
1.58758 46348
1.58791 34076
1.58807 46348
1.5884 34076
1.58857 46348
1.58889 34076
1.58906 46348
1.58938 34076
1.58955 46348
1.58989 34076
1.59004 46348
1.59038 34076
1.59056 46348
1.59086 34076
1.59105 46348
1.59136 34076
1.59152 46348
1.59185 34076
1.59202 46348
1.59233 34076
1.59251 46348
1.59283 34076
1.59299 46348
1.59332 34076
1.59349 46348
1.59381 34076
1.59398 46348
1.5943 34076
1.59447 46348
1.59479 34076
1.59496 46348
1.59531 34076
1.59545 46348
1.59577 34076
1.59594 46348
1.59625 34076
1.59643 46348
1.59677 34076
1.59693 46348
1.59726 34076
1.59743 46348
1.59777 34076
1.59792 46348
1.59825 34076
1.5984 46348
1.59874 34076
1.59892 46348
1.59922 34076
1.59941 46348
1.59971 34076
1.59988 46348
1.6002 34076
1.60037 46348
1.60072 34076
1.60086 46348
1.6012 34076
1.60135 46348
1.60168 34076
1.60184 46348
1.60217 34076
1.60234 46348
1.60266 34076
1.60283 46348
1.60315 34076
1.60332 46348
1.60366 34076
1.60381 46348
1.60415 34076
1.60433 46348
1.60463 34076
1.60482 46348
1.60513 34076
1.60529 46348
1.60562 34076
1.60579 46348
1.6061 34076
1.60628 46348
1.6066 34076
1.60676 46348
1.60709 34076
1.60726 46348
1.60758 34076
1.60775 46348
1.60807 34076
1.60824 46348
1.60856 34076
1.60873 46348
1.60908 34076
1.60922 46348
1.60954 34076
1.60971 46348
1.61002 34076
1.6102 46348
1.61054 34076
1.6107 46348
1.61103 34076
1.6112 46348
1.61154 34076
1.61169 46348
1.61202 34076
1.61217 46348
1.61251 34076
1.61269 46348
1.61299 34076
1.61318 46348
1.61348 34076
1.61365 46348
1.61397 34076
1.61414 46348
1.61449 34076
1.61463 46348
1.61497 34076
1.61512 46348
1.61545 34076
1.61561 46348
1.61594 34076
1.61611 46348
1.61643 34076
1.6166 46348
1.61692 34076
1.61709 46348
1.61743 34076
1.61758 46348
1.61792 34076
1.6181 46348
1.6184 34076
1.61859 46348
1.6189 34076
1.61906 46348
1.61939 34076
1.61956 46348
1.61987 34076
1.62005 46348
1.62037 34076
1.62053 46348
1.62086 34076
1.62103 46348
1.62135 34076
1.62152 46348
1.62184 34076
1.62201 46348
1.62233 34076
1.6225 46348
1.62285 34076
1.62299 46348
1.62331 34076
1.62348 46348
1.62379 34076
1.62397 46348
1.62431 34076
1.62447 46348
1.6248 34076
1.62497 46348
1.62531 34076
1.62546 46348
1.62579 34076
1.62594 46348
1.62628 34076
1.62646 46348
1.62676 34076
1.62695 46348
1.62725 34076
1.62742 46348
1.62774 34076
1.62791 46348
1.62826 34076
1.6284 46348
1.62874 34076
1.62889 46348
1.62922 34076
1.62938 46348
1.62971 34076
1.62988 46348
1.6302 34076
1.63037 46348
1.63069 34076
1.63086 46348
1.6312 34076
1.63135 46348
1.63169 34076
1.63187 46348
1.63217 34076
1.63236 46348
1.63267 34076
1.63283 46348
1.63316 34076
1.63333 46348
1.63364 34076
1.63382 46348
1.63414 34076
1.6343 46348
1.63463 34076
1.6348 46348
1.63512 34076
1.63529 46348
1.63561 34076
1.63578 46348
1.6361 34076
1.63627 46348
1.63662 34076
1.63676 46348
1.63708 34076
1.63725 46348
1.63756 34076
1.63774 46348
1.63808 34076
1.63824 46348
1.63857 34076
1.63874 46348
1.63908 34076
1.63923 46348
1.63956 34076
1.63971 46348
1.64005 34076
1.64023 46348
1.64053 34076
1.64072 46348
1.64102 34076
1.64119 46348
1.64151 34076
1.64168 46348
1.64203 34076
1.64217 46348
1.64251 34076
1.64266 46348
1.64299 34076
1.64315 46348
1.64348 34076
1.64365 46348
1.64397 34076
1.64414 46348
1.64446 34076
1.64463 46348
1.64497 34076
1.64512 46348
1.64546 34076
1.64564 46348
1.64594 34076
1.64613 46348
1.64644 34076
1.6466 46348
1.64693 34076
1.6471 46348
1.64741 34076
1.64759 46348
1.64791 34076
1.64807 46348
1.6484 34076
1.64857 46348
1.64889 34076
1.64906 46348
1.64938 34076
1.64955 46348
1.64987 34076
1.65004 46348
1.65039 34076
1.65053 46348
1.65085 34076
1.65102 46348
1.65133 34076
1.65151 46348
1.65185 34076
1.65201 46348
1.65234 34076
1.65251 46348
1.65285 34076
1.653 46348
1.65333 34076
1.65348 46348
1.65382 34076
1.654 46348
1.6543 34076
1.65449 46348
1.65479 34076
1.65496 46348
1.65528 34076
1.65545 46348
1.6558 34076
1.65594 46348
1.65628 34076
1.65643 46348
1.65676 34076
1.65692 46348
1.65725 34076
1.65742 46348
1.65774 34076
1.65791 46348
1.65823 34076
1.6584 46348
1.65874 34076
1.65889 46348
1.65923 34076
1.65941 46348
1.65971 34076
1.6599 46348
1.66021 34076
1.66037 46348
1.6607 34076
1.66087 46348
1.66118 34076
1.66136 46348
1.66168 34076
1.66184 46348
1.66217 34076
1.66234 46348
1.66266 34076
1.66283 46348
1.66315 34076
1.66332 46348
1.66364 34076
1.66381 46348
1.66416 34076
1.6643 46348
1.66462 34076
1.66479 46348
1.6651 34076
1.66528 46348
1.66562 34076
1.66578 46348
1.66611 34076
1.66628 46348
1.66662 34076
1.66677 46348
1.6671 34076
1.66725 46348
1.66759 34076
1.66777 46348
1.66807 34076
1.66826 46348
1.66856 34076
1.66873 46348
1.66905 34076
1.66922 46348
1.66957 34076
1.66971 46348
1.67005 34076
1.6702 46348
1.67053 34076
1.67069 46348
1.67102 34076
1.67119 46348
1.67151 34076
1.67168 46348
1.672 34076
1.67217 46348
1.67251 34076
1.67266 46348
1.673 34076
1.67318 46348
1.67348 34076
1.67367 46348
1.67398 34076
1.67414 46348
1.67447 34076
1.67464 46348
1.67495 34076
1.67513 46348
1.67545 34076
1.67561 46348
1.67594 34076
1.67611 46348
1.67643 34076
1.6766 46348
1.67692 34076
1.67709 46348
1.67741 34076
1.67758 46348
1.67793 34076
1.67807 46348
1.67839 34076
1.67856 46348
1.67887 34076
1.67905 46348
1.67939 34076
1.67955 46348
1.67988 34076
1.68005 46348
1.68039 34076
1.68054 46348
1.68087 34076
1.68102 46348
1.68136 34076
1.68154 46348
1.68184 34076
1.68203 46348
1.68233 34076
1.6825 46348
1.68282 34076
1.68299 46348
1.68334 34076
1.68348 46348
1.68382 34076
1.68397 46348
1.6843 34076
1.68446 46348
1.68479 34076
1.68496 46348
1.68528 34076
1.68545 46348
1.68577 34076
1.68594 46348
1.68628 34076
1.68643 46348
1.68677 34076
1.68695 46348
1.68725 34076
1.68744 46348
1.68775 34076
1.68791 46348
1.68824 34076
1.68841 46348
1.68872 34076
1.6889 46348
1.68922 34076
1.68938 46348
1.68971 34076
1.68988 46348
1.6902 34076
1.69037 46348
1.69069 34076
1.69086 46348
1.69118 34076
1.69135 46348
1.6917 34076
1.69184 46348
1.69216 34076
1.69233 46348
1.69264 34076
1.69282 46348
1.69316 34076
1.69332 46348
1.69365 34076
1.69382 46348
1.69416 34076
1.69431 46348
1.69464 34076
1.69479 46348
1.69513 34076
1.69531 46348
1.69561 34076
1.6958 46348
1.6961 34076
1.69627 46348
1.69659 34076
1.69676 46348
1.69711 34076
1.69725 46348
1.69759 34076
1.69774 46348
1.69807 34076
1.69823 46348
1.69856 34076
1.69873 46348
1.69905 34076
1.69922 46348
1.69954 34076
1.69971 46348
1.70005 34076
1.7002 46348
1.70054 34076
1.70072 46348
1.70102 34076
1.70121 46348
1.70152 34076
1.70168 46348
1.70201 34076
1.70218 46348
1.70249 34076
1.70267 46348
1.70299 34076
1.70315 46348
1.70348 34076
1.70365 46348
1.70397 34076
1.70414 46348
1.70446 34076
1.70463 46348
1.70495 34076
1.70512 46348
1.70547 34076
1.70561 46348
1.70593 34076
1.7061 46348
1.70641 34076
1.70659 46348
1.70693 34076
1.70709 46348
1.70742 34076
1.70759 46348
1.70793 34076
1.70808 46348
1.70841 34076
1.70856 46348
1.7089 34076
1.70908 46348
1.70938 34076
1.70957 46348
1.70987 34076
1.71004 46348
1.71036 34076
1.71053 46348
1.71088 34076
1.71102 46348
1.71136 34076
1.71151 46348
1.71184 34076
1.712 46348
1.71233 34076
1.7125 46348
1.71282 34076
1.71299 46348
1.71331 34076
1.71348 46348
1.71382 34076
1.71397 46348
1.71431 34076
1.71449 46348
1.71479 34076
1.71498 46348
1.71529 34076
1.71545 46348
1.71578 34076
1.71595 46348
1.71626 34076
1.71644 46348
1.71676 34076
1.71692 46348
1.71725 34076
1.71742 46348
1.71774 34076
1.71791 46348
1.71823 34076
1.7184 46348
1.71872 34076
1.71889 46348
1.71924 34076
1.71938 46348
1.7197 34076
1.71987 46348
1.72018 34076
1.72036 46348
1.7207 34076
1.72086 46348
1.72119 34076
1.72136 46348
1.7217 34076
1.72185 46348
1.72218 34076
1.72233 46348
1.72267 34076
1.72285 46348
1.72315 34076
1.72334 46348
1.72364 34076
1.72381 46348
1.72413 34076
1.7243 46348
1.72465 34076
1.72479 46348
1.72513 34076
1.72528 46348
1.72561 34076
1.72577 46348
1.7261 34076
1.72627 46348
1.72659 34076
1.72676 46348
1.72708 34076
1.72725 46348
1.72759 34076
1.72774 46348
1.72808 34076
1.72826 46348
1.72856 34076
1.72875 46348
1.72906 34076
1.72922 46348
1.72955 34076
1.72972 46348
1.73003 34076
1.73021 46348
1.73053 34076
1.73069 46348
1.73102 34076
1.73119 46348
1.73151 34076
1.73168 46348
1.732 34076
1.73217 46348
1.73249 34076
1.73266 46348
1.73301 34076
1.73315 46348
1.73347 34076
1.73364 46348
1.73395 34076
1.73413 46348
1.73447 34076
1.73463 46348
1.73496 34076
1.73513 46348
1.73547 34076
1.73562 46348
1.73595 34076
1.7361 46348
1.73644 34076
1.73662 46348
1.73692 34076
1.73711 46348
1.73741 34076
1.73758 46348
1.7379 34076
1.73807 46348
1.73842 34076
1.73856 46348
1.7389 34076
1.73905 46348
1.73938 34076
1.73954 46348
1.73987 34076
1.74004 46348
1.74036 34076
1.74053 46348
1.74085 34076
1.74102 46348
1.74136 34076
1.74151 46348
1.74185 34076
1.74203 46348
1.74233 34076
1.74252 46348
1.74283 34076
1.74299 46348
1.74332 34076
1.74349 46348
1.7438 34076
1.74398 46348
1.7443 34076
1.74446 46348
1.74479 34076
1.74496 46348
1.74528 34076
1.74545 46348
1.74577 34076
1.74594 46348
1.74626 34076
1.74643 46348
1.74678 34076
1.74692 46348
1.74724 34076
1.74741 46348
1.74772 34076
1.7479 46348
1.74824 34076
1.7484 46348
1.74873 34076
1.7489 46348
1.74924 34076
1.74939 46348
1.74972 34076
1.74987 46348
1.75021 34076
1.75039 46348
1.75069 34076
1.75088 46348
1.75118 34076
1.75135 46348
1.75167 34076
1.75184 46348
1.75219 34076
1.75233 46348
1.75267 34076
1.75282 46348
1.75315 34076
1.75331 46348
1.75364 34076
1.75381 46348
1.75413 34076
1.7543 46348
1.75462 34076
1.75479 46348
1.75513 34076
1.75528 46348
1.75562 34076
1.7558 46348
1.7561 34076
1.75629 46348
1.7566 34076
1.75676 46348
1.75709 34076
1.75726 46348
1.75757 34076
1.75775 46348
1.75807 34076
1.75823 46348
1.75856 34076
1.75873 46348
1.75905 34076
1.75922 46348
1.75954 34076
1.75971 46348
1.76003 34076
1.7602 46348
1.76055 34076
1.76069 46348
1.76101 34076
1.76118 46348
1.76149 34076
1.76167 46348
1.76201 34076
1.76217 46348
1.7625 34076
1.76267 46348
1.76301 34076
1.76316 46348
1.76349 34076
1.76364 46348
1.76398 34076
1.76416 46348
1.76446 34076
1.76465 46348
1.76495 34076
1.76512 46348
1.76544 34076
1.76561 46348
1.76596 34076
1.7661 46348
1.76644 34076
1.76659 46348
1.76692 34076
1.76708 46348
1.76741 34076
1.76758 46348
1.7679 34076
1.76807 46348
1.76839 34076
1.76856 46348
1.7689 34076
1.76905 46348
1.76939 34076
1.76957 46348
1.76987 34076
1.77006 46348
1.77037 34076
1.77053 46348
1.77086 34076
1.77103 46348
1.77134 34076
1.77152 46348
1.77184 34076
1.772 46348
1.77233 34076
1.7725 46348
1.77282 34076
1.77299 46348
1.77331 34076
1.77348 46348
1.7738 34076
1.77397 46348
1.77432 34076
1.77446 46348
1.77478 34076
1.77495 46348
1.77526 34076
1.77544 46348
1.77578 34076
1.77594 46348
1.77627 34076
1.77644 46348
1.77678 34076
1.77693 46348
1.77726 34076
1.77741 46348
1.77775 34076
1.77793 46348
1.77823 34076
1.77842 46348
1.77872 34076
1.77889 46348
1.77921 34076
1.77938 46348
1.77973 34076
1.77987 46348
1.78021 34076
1.78036 46348
1.78069 34076
1.78085 46348
1.78118 34076
1.78135 46348
1.78167 34076
1.78184 46348
1.78216 34076
1.78233 46348
1.78267 34076
1.78282 46348
1.78316 34076
1.78334 46348
1.78364 34076
1.78383 46348
1.78414 34076
1.7843 46348
1.78463 34076
1.7848 46348
1.78511 34076
1.78529 46348
1.78561 34076
1.78577 46348
1.7861 34076
1.78627 46348
1.78659 34076
1.78676 46348
1.78708 34076
1.78725 46348
1.78757 34076
1.78774 46348
1.78809 34076
1.78823 46348
1.78855 34076
1.78872 46348
1.78903 34076
1.78921 46348
1.78955 34076
1.78971 46348
1.79004 34076
1.79021 46348
1.79055 34076
1.7907 46348
1.79103 34076
1.79118 46348
1.79152 34076
1.7917 46348
1.792 34076
1.79219 46348
1.79249 34076
1.79266 46348
1.79298 34076
1.79315 46348
1.7935 34076
1.79364 46348
1.79398 34076
1.79413 46348
1.79446 34076
1.79462 46348
1.79495 34076
1.79512 46348
1.79544 34076
1.79561 46348
1.79593 34076
1.7961 46348
1.79644 34076
1.79659 46348
1.79693 34076
1.79711 46348
1.79741 34076
1.7976 46348
1.79791 34076
1.79807 46348
1.7984 34076
1.79857 46348
1.79888 34076
1.79906 46348
1.79938 34076
1.79954 46348
1.79987 34076
1.80004 46348
1.80036 34076
1.80053 46348
1.80085 34076
1.80102 46348
1.80134 34076
1.80151 46348
1.80186 34076
1.802 46348
1.80232 34076
1.80249 46348
1.8028 34076
1.80298 46348
1.80332 34076
1.80348 46348
1.80381 34076
1.80398 46348
1.80432 34076
1.80447 46348
1.8048 34076
1.80495 46348
1.80529 34076
1.80547 46348
1.80577 34076
1.80596 46348
1.80626 34076
1.80643 46348
1.80675 34076
1.80692 46348
1.80727 34076
1.80741 46348
1.80775 34076
1.8079 46348
1.80823 34076
1.80839 46348
1.80872 34076
1.80889 46348
1.80921 34076
1.80938 46348
1.8097 34076
1.80987 46348
1.81021 34076
1.81036 46348
1.8107 34076
1.81088 46348
1.81118 34076
1.81137 46348
1.81168 34076
1.81184 46348
1.81217 34076
1.81234 46348
1.81265 34076
1.81283 46348
1.81315 34076
1.81331 46348
1.81364 34076
1.81381 46348
1.81413 34076
1.8143 46348
1.81462 34076
1.81479 46348
1.81511 34076
1.81528 46348
1.81563 34076
1.81577 46348
1.81609 34076
1.81626 46348
1.81657 34076
1.81675 46348
1.81709 34076
1.81725 46348
1.81758 34076
1.81775 46348
1.81809 34076
1.81824 46348
1.81857 34076
1.81872 46348
1.81906 34076
1.81924 46348
1.81954 34076
1.81973 46348
1.82003 34076
1.8202 46348
1.82052 34076
1.82069 46348
1.82104 34076
1.82118 46348
1.82152 34076
1.82167 46348
1.822 34076
1.82216 46348
1.82249 34076
1.82266 46348
1.82298 34076
1.82315 46348
1.82347 34076
1.82364 46348
1.82398 34076
1.82413 46348
1.82447 34076
1.82465 46348
1.82495 34076
1.82514 46348
1.82545 34076
1.82561 46348
1.82594 34076
1.82611 46348
1.82642 34076
1.8266 46348
1.82692 34076
1.82708 46348
1.82741 34076
1.82758 46348
1.8279 34076
1.82807 46348
1.82839 34076
1.82856 46348
1.82888 34076
1.82905 46348
1.8294 34076
1.82954 46348
1.82986 34076
1.83003 46348
1.83034 34076
1.83052 46348
1.83086 34076
1.83102 46348
1.83135 34076
1.83152 46348
1.83186 34076
1.83201 46348
1.83234 34076
1.83249 46348
1.83283 34076
1.83301 46348
1.83331 34076
1.8335 46348
1.8338 34076
1.83397 46348
1.83429 34076
1.83446 46348
1.83481 34076
1.83495 46348
1.83529 34076
1.83544 46348
1.83577 34076
1.83593 46348
1.83626 34076
1.83643 46348
1.83675 34076
1.83692 46348
1.83724 34076
1.83741 46348
1.83775 34076
1.8379 46348
1.83824 34076
1.83842 46348
1.83872 34076
1.83891 46348
1.83922 34076
1.83938 46348
1.83971 34076
1.83988 46348
1.84019 34076
1.84037 46348
1.84069 34076
1.84085 46348
1.84118 34076
1.84135 46348
1.84167 34076
1.84184 46348
1.84216 34076
1.84233 46348
1.84265 34076
1.84282 46348
1.84317 34076
1.84331 46348
1.84363 34076
1.8438 46348
1.84411 34076
1.84429 46348
1.84463 34076
1.84479 46348
1.84512 34076
1.84529 46348
1.84563 34076
1.84578 46348
1.84611 34076
1.84626 46348
1.8466 34076
1.84678 46348
1.84708 34076
1.84727 46348
1.84757 34076
1.84774 46348
1.84806 34076
1.84823 46348
1.84858 34076
1.84872 46348
1.84906 34076
1.84921 46348
1.84954 34076
1.8497 46348
1.85003 34076
1.8502 46348
1.85052 34076
1.85069 46348
1.85101 34076
1.85118 46348
1.85152 34076
1.85167 46348
1.85201 34076
1.85219 46348
1.85249 34076
1.85268 46348
1.85299 34076
1.85315 46348
1.85348 34076
1.85365 46348
1.85396 34076
1.85414 46348
1.85446 34076
1.85462 46348
1.85495 34076
1.85512 46348
1.85544 34076
1.85561 46348
1.85593 34076
1.8561 46348
1.85642 34076
1.85659 46348
1.85694 34076
1.85708 46348
1.8574 34076
1.85757 46348
1.85788 34076
1.85806 46348
1.8584 34076
1.85856 46348
1.85889 34076
1.85906 46348
1.8594 34076
1.85955 46348
1.85988 34076
1.86003 46348
1.86037 34076
1.86055 46348
1.86085 34076
1.86104 46348
1.86134 34076
1.86151 46348
1.86183 34076
1.862 46348
1.86235 34076
1.86249 46348
1.86283 34076
1.86298 46348
1.86331 34076
1.86347 46348
1.8638 34076
1.86397 46348
1.86429 34076
1.86446 46348
1.86478 34076
1.86495 46348
1.86529 34076
1.86544 46348
1.86578 34076
1.86596 46348
1.86626 34076
1.86645 46348
1.86676 34076
1.86692 46348
1.86725 34076
1.86742 46348
1.86773 34076
1.86791 46348
1.86823 34076
1.86839 46348
1.86872 34076
1.86889 46348
1.86921 34076
1.86938 46348
1.8697 34076
1.86987 46348
1.87019 34076
1.87036 46348
1.87071 34076
1.87085 46348
1.87117 34076
1.87134 46348
1.87165 34076
1.87183 46348
1.87217 34076
1.87233 46348
1.87266 34076
1.87283 46348
1.87317 34076
1.87332 46348
1.87365 34076
1.8738 46348
1.87414 34076
1.87432 46348
1.87462 34076
1.87481 46348
1.87511 34076
1.87528 46348
1.8756 34076
1.87577 46348
1.87612 34076
1.87626 46348
1.8766 34076
1.87675 46348
1.87708 34076
1.87724 46348
1.87757 34076
1.87774 46348
1.87806 34076
1.87823 46348
1.87855 34076
1.87872 46348
1.87906 34076
1.87921 46348
1.87955 34076
1.87973 46348
1.88003 34076
1.88022 46348
1.88053 34076
1.88069 46348
1.88102 34076
1.88119 46348
1.8815 34076
1.88168 46348
1.882 34076
1.88216 46348
1.88249 34076
1.88266 46348
1.88298 34076
1.88315 46348
1.88347 34076
1.88364 46348
1.88396 34076
1.88413 46348
1.88448 34076
1.88462 46348
1.88494 34076
1.88511 46348
1.88542 34076
1.8856 46348
1.88594 34076
1.8861 46348
1.88643 34076
1.8866 46348
1.88694 34076
1.88709 46348
1.88742 34076
1.88757 46348
1.88791 34076
1.88809 46348
1.88839 34076
1.88858 46348
1.88888 34076
1.88905 46348
1.88937 34076
1.88954 46348
1.88989 34076
1.89003 46348
1.89037 34076
1.89052 46348
1.89085 34076
1.89101 46348
1.89134 34076
1.89151 46348
1.89183 34076
1.892 46348
1.89232 34076
1.89249 46348
1.89283 34076
1.89298 46348
1.89332 34076
1.8935 46348
1.8938 34076
1.89399 46348
1.8943 34076
1.89446 46348
1.89479 34076
1.89496 46348
1.89527 34076
1.89545 46348
1.89577 34076
1.89593 46348
1.89626 34076
1.89643 46348
1.89675 34076
1.89692 46348
1.89724 34076
1.89741 46348
1.89773 34076
1.8979 46348
1.89825 34076
1.89839 46348
1.89871 34076
1.89888 46348
1.89919 34076
1.89937 46348
1.89971 34076
1.89987 46348
1.9002 34076
1.90037 46348
1.90071 34076
1.90086 46348
1.90119 34076
1.90134 46348
1.90168 34076
1.90186 46348
1.90216 34076
1.90235 46348
1.90265 34076
1.90282 46348
1.90314 34076
1.90331 46348
1.90366 34076
1.9038 46348
1.90414 34076
1.90429 46348
1.90462 34076
1.90478 46348
1.90511 34076
1.90528 46348
1.9056 34076
1.90577 46348
1.90609 34076
1.90626 46348
1.9066 34076
1.90675 46348
1.90709 34076
1.90727 46348
1.90757 34076
1.90776 46348
1.90807 34076
1.90823 46348
1.90856 34076
1.90873 46348
1.90904 34076
1.90922 46348
1.90954 34076
1.9097 46348
1.91003 34076
1.9102 46348
1.91052 34076
1.91069 46348
1.91101 34076
1.91118 46348
1.9115 34076
1.91167 46348
1.91202 34076
1.91216 46348
1.91248 34076
1.91265 46348
1.91296 34076
1.91314 46348
1.91348 34076
1.91364 46348
1.91397 34076
1.91414 46348
1.91448 34076
1.91463 46348
1.91496 34076
1.91511 46348
1.91545 34076
1.91563 46348
1.91593 34076
1.91612 46348
1.91642 34076
1.91659 46348
1.91691 34076
1.91708 46348
1.91743 34076
1.91757 46348
1.91791 34076
1.91806 46348
1.91839 34076
1.91855 46348
1.91888 34076
1.91905 46348
1.91937 34076
1.91954 46348
1.91986 34076
1.92003 46348
1.92037 34076
1.92052 46348
1.92086 34076
1.92104 46348
1.92134 34076
1.92153 46348
1.92184 34076
1.922 46348
1.92233 34076
1.9225 46348
1.92281 34076
1.92299 46348
1.92331 34076
1.92347 46348
1.9238 34076
1.92397 46348
1.92429 34076
1.92446 46348
1.92478 34076
1.92495 46348
1.92527 34076
1.92544 46348
1.92579 34076
1.92593 46348
1.92625 34076
1.92642 46348
1.92673 34076
1.92691 46348
1.92725 34076
1.92741 46348
1.92774 34076
1.92791 46348
1.92825 34076
1.9284 46348
1.92873 34076
1.92888 46348
1.92922 34076
1.9294 46348
1.9297 34076
1.92989 46348
1.93019 34076
1.93036 46348
1.93068 34076
1.93085 46348
1.9312 34076
1.93134 46348
1.93168 34076
1.93183 46348
1.93216 34076
1.93232 46348
1.93265 34076
1.93282 46348
1.93314 34076
1.93331 46348
1.93363 34076
1.9338 46348
1.93414 34076
1.93429 46348
1.93463 34076
1.93481 46348
1.93511 34076
1.9353 46348
1.93561 34076
1.93577 46348
1.9361 34076
1.93627 46348
1.93658 34076
1.93676 46348
1.93708 34076
1.93724 46348
1.93757 34076
1.93774 46348
1.93806 34076
1.93823 46348
1.93855 34076
1.93872 46348
1.93904 34076
1.93921 46348
1.93956 34076
1.9397 46348
1.94002 34076
1.94019 46348
1.9405 34076
1.94068 46348
1.94102 34076
1.94118 46348
1.94151 34076
1.94168 46348
1.94202 34076
1.94217 46348
1.9425 34076
1.94265 46348
1.94299 34076
1.94317 46348
1.94347 34076
1.94366 46348
1.94396 34076
1.94413 46348
1.94445 34076
1.94462 46348
1.94497 34076
1.94511 46348
1.94545 34076
1.9456 46348
1.94593 34076
1.94609 46348
1.94642 34076
1.94659 46348
1.94691 34076
1.94708 46348
1.9474 34076
1.94757 46348
1.94791 34076
1.94806 46348
1.9484 34076
1.94858 46348
1.94888 34076
1.94907 46348
1.94938 34076
1.94954 46348
1.94987 34076
1.95004 46348
1.95035 34076
1.95053 46348
1.95085 34076
1.95101 46348
1.95134 34076
1.95151 46348
1.95183 34076
1.952 46348
1.95232 34076
1.95249 46348
1.95281 34076
1.95298 46348
1.95333 34076
1.95347 46348
1.95379 34076
1.95396 46348
1.95427 34076
1.95445 46348
1.95479 34076
1.95495 46348
1.95528 34076
1.95545 46348
1.95579 34076
1.95594 46348
1.95627 34076
1.95642 46348
1.95676 34076
1.95694 46348
1.95724 34076
1.95743 46348
1.95773 34076
1.9579 46348
1.95822 34076
1.95839 46348
1.95874 34076
1.95888 46348
1.95922 34076
1.95937 46348
1.9597 34076
1.95986 46348
1.96019 34076
1.96036 46348
1.96068 34076
1.96085 46348
1.96117 34076
1.96134 46348
1.96168 34076
1.96183 46348
1.96217 34076
1.96235 46348
1.96265 34076
1.96284 46348
1.96315 34076
1.96331 46348
1.96364 34076
1.96381 46348
1.96412 34076
1.9643 46348
1.96462 34076
1.96478 46348
1.96511 34076
1.96528 46348
1.9656 34076
1.96577 46348
1.96609 34076
1.96626 46348
1.96658 34076
1.96675 46348
1.9671 34076
1.96724 46348
1.96756 34076
1.96773 46348
1.96804 34076
1.96822 46348
1.96856 34076
1.96872 46348
1.96905 34076
1.96922 46348
1.96956 34076
1.96971 46348
1.97004 34076
1.97019 46348
1.97053 34076
1.97071 46348
1.97101 34076
1.9712 46348
1.9715 34076
1.97167 46348
1.97199 34076
1.97216 46348
1.97251 34076
1.97265 46348
1.97299 34076
1.97314 46348
1.97347 34076
1.97363 46348
1.97396 34076
1.97413 46348
1.97445 34076
1.97462 46348
1.97494 34076
1.97511 46348
1.97545 34076
1.9756 46348
1.97594 34076
1.97612 46348
1.97642 34076
1.97661 46348
1.97692 34076
1.97708 46348
1.97741 34076
1.97758 46348
1.97789 34076
1.97807 46348
1.97839 34076
1.97855 46348
1.97888 34076
1.97905 46348
1.97937 34076
1.97954 46348
1.97986 34076
1.98003 46348
1.98035 34076
1.98052 46348
1.98087 34076
1.98101 46348
1.98133 34076
1.9815 46348
1.98181 34076
1.98199 46348
1.98233 34076
1.98249 46348
1.98282 34076
1.98299 46348
1.98333 34076
1.98348 46348
1.98381 34076
1.98396 46348
1.9843 34076
1.98448 46348
1.98478 34076
1.98497 46348
1.98527 34076
1.98544 46348
1.98576 34076
1.98593 46348
1.98628 34076
1.98642 46348
1.98676 34076
1.98691 46348
1.98724 34076
1.9874 46348
1.98773 34076
1.9879 46348
1.98822 34076
1.98839 46348
1.98871 34076
1.98888 46348
1.98922 34076
1.98937 46348
1.98971 34076
1.98989 46348
1.99019 34076
1.99038 46348
1.99069 34076
1.99085 46348
1.99118 34076
1.99135 46348
1.99166 34076
1.99184 46348
1.99216 34076
1.99232 46348
1.99265 34076
1.99282 46348
1.99314 34076
1.99331 46348
1.99363 34076
1.9938 46348
1.99412 34076
1.99429 46348
1.99464 34076
1.99478 46348
1.9951 34076
1.99527 46348
1.99558 34076
1.99576 46348
1.9961 34076
1.99626 46348
1.99659 34076
1.99676 46348
1.9971 34076
1.99725 46348
1.99758 34076
1.99773 46348
1.99807 34076
1.99825 46348
1.99855 34076
1.99874 46348
1.99904 34076
1.99921 46348
1.99953 34076
1.9997 46348
2.00005 34076
2.00016 5676
2.00034 7724
2.00223 5676
2.00455 7724
2.0137 8424
2.01429 30896
2.01436 46348
2.0148 34076
2.01503 46348
2.01557 34076
2.01564 46348
2.01597 34076
2.01614 46348
2.01647 34076
2.01665 46348
2.01698 34076
2.01712 46348
2.01749 34076
2.01766 46348
2.01802 34076
2.01818 46348
2.01848 34076
2.01865 46348
2.01897 34076
2.01914 46348
2.01945 34076
2.01963 46348
2.01997 34076
2.02013 46348
2.02046 34076
2.02064 46348
2.02097 34076
2.02113 46348
2.02144 34076
2.0216 46348
2.02195 34076
2.0221 46348
2.02241 34076
2.02258 46348
2.02292 34076
2.0231 46348
2.02341 34076
2.02359 46348
2.0239 34076
2.02407 46348
2.02439 34076
2.02456 46348
2.02488 34076
2.02505 46348
2.02535 34076
2.02552 46348
2.02585 34076
2.02601 46348
2.02635 34076
2.02654 46348
2.02687 34076
2.02701 46348
2.02734 34076
2.0275 46348
2.02783 34076
2.028 46348
2.02832 34076
2.02849 46348
2.02882 34076
2.02898 46348
2.02931 34076
2.02949 46348
2.0298 34076
2.02997 46348
2.03029 34076
2.03046 46348
2.03078 34076
2.03095 46348
2.03126 34076
2.03144 46348
2.03177 34076
2.03195 46348
2.03226 34076
2.03243 46348
2.03275 34076
2.03292 46348
2.03322 34076
2.03339 46348
2.03372 34076
2.03388 46348
2.03422 34076
2.03441 46348
2.03474 34076
2.03488 46348
2.03521 34076
2.03537 46348
2.0357 34076
2.03587 46348
2.03619 34076
2.03636 46348
2.03669 34076
2.03685 46348
2.03717 34076
2.03736 46348
2.03767 34076
2.03783 46348
2.03815 34076
2.03833 46348
2.03865 34076
2.03881 46348
2.03915 34076
2.03931 46348
2.03963 34076
2.03982 46348
2.04012 34076
2.04029 46348
2.04062 34076
2.04078 46348
2.04113 34076
2.04128 46348
2.04161 34076
2.04176 46348
2.0421 34076
2.04228 46348
2.04258 34076
2.04277 46348
2.04308 34076
2.04324 46348
2.04357 34076
2.04374 46348
2.04405 34076
2.04423 46348
2.04455 34076
2.04471 46348
2.04504 34076
2.04521 46348
2.04553 34076
2.0457 46348
2.04602 34076
2.04619 46348
2.04654 34076
2.04668 46348
2.04702 34076
2.04717 46348
2.0475 34076
2.04766 46348
2.04799 34076
2.04816 46348
2.04848 34076
2.04865 46348
2.04897 34076
2.04914 46348
2.04949 34076
2.04963 46348
2.04997 34076
2.05012 46348
2.05045 34076
2.05061 46348
2.05094 34076
2.05111 46348
2.05143 34076
2.0516 46348
2.05192 34076
2.05209 46348
2.05244 34076
2.05258 46348
2.05292 34076
2.0531 46348
2.0534 34076
2.05359 46348
2.0539 34076
2.05406 46348
2.05439 34076
2.05456 46348
2.05487 34076
2.05505 46348
2.05537 34076
2.05553 46348
2.05586 34076
2.05603 46348
2.05635 34076
2.05652 46348
2.05684 34076
2.05701 46348
2.05733 34076
2.0575 46348
2.05785 34076
2.05799 46348
2.05831 34076
2.05848 46348
2.05879 34076
2.05897 46348
2.05931 34076
2.05947 46348
2.0598 34076
2.05997 46348
2.06031 34076
2.06046 46348
2.06079 34076
2.06094 46348
2.06128 34076
2.06146 46348
2.06176 34076
2.06195 46348
2.06225 34076
2.06242 46348
2.06274 34076
2.06291 46348
2.06326 34076
2.0634 46348
2.06374 34076
2.06389 46348
2.06422 34076
2.06438 46348
2.06471 34076
2.06488 46348
2.0652 34076
2.06537 46348
2.06569 34076
2.06586 46348
2.06621 34076
2.06635 46348
2.06669 34076
2.06687 46348
2.06717 34076
2.06736 46348
2.06767 34076
2.06783 46348
2.06816 34076
2.06833 46348
2.06864 34076
2.06882 46348
2.06914 34076
2.0693 46348
2.06963 34076
2.0698 46348
2.07012 34076
2.07029 46348
2.07061 34076
2.07078 46348
2.0711 34076
2.07127 46348
2.07162 34076
2.07176 46348
2.07208 34076
2.07225 46348
2.07256 34076
2.07274 46348
2.07308 34076
2.07324 46348
2.07357 34076
2.07374 46348
2.07408 34076
2.07423 46348
2.07456 34076
2.07471 46348
2.07505 34076
2.07523 46348
2.07553 34076
2.07572 46348
2.07602 34076
2.07619 46348
2.07651 34076
2.07668 46348
2.07703 34076
2.07717 46348
2.07751 34076
2.07766 46348
2.07799 34076
2.07815 46348
2.07848 34076
2.07865 46348
2.07897 34076
2.07914 46348
2.07946 34076
2.07963 46348
2.07998 34076
2.08012 46348
2.08046 34076
2.08064 46348
2.08094 34076
2.08113 46348
2.08144 34076
2.0816 46348
2.08193 34076
2.0821 46348
2.08241 34076
2.08259 46348
2.08291 34076
2.08307 46348
2.0834 34076
2.08357 46348
2.08389 34076
2.08406 46348
2.08438 34076
2.08455 46348
2.08487 34076
2.08504 46348
2.08539 34076
2.08553 46348
2.08585 34076
2.08602 46348
2.08633 34076
2.08651 46348
2.08685 34076
2.08701 46348
2.08734 34076
2.08751 46348
2.08785 34076
2.088 46348
2.08833 34076
2.08848 46348
2.08882 34076
2.089 46348
2.0893 34076
2.08949 46348
2.08979 34076
2.08996 46348
2.09028 34076
2.09045 46348
2.0908 34076
2.09094 46348
2.09128 34076
2.09143 46348
2.09176 34076
2.09192 46348
2.09225 34076
2.09242 46348
2.09274 34076
2.09291 46348
2.09323 34076
2.0934 46348
2.09375 34076
2.09389 46348
2.09423 34076
2.09441 46348
2.09471 34076
2.0949 46348
2.09521 34076
2.09537 46348
2.0957 34076
2.09587 46348
2.09618 34076
2.09636 46348
2.09668 34076
2.09684 46348
2.09717 34076
2.09734 46348
2.09766 34076
2.09783 46348
2.09815 34076
2.09832 46348
2.09864 34076
2.09881 46348
2.09916 34076
2.0993 46348
2.09962 34076
2.09979 46348
2.1001 34076
2.10043 46348
2.10073 34076
2.1009 46348
2.10122 34076
2.10139 46348
2.1017 34076
2.10188 46348
2.1022 34076
2.10239 46348
2.10269 34076
2.10286 46348
2.10319 34076
2.10335 46348
2.10369 34076
2.10385 46348
2.10418 34076
2.10436 46348
2.10467 34076
2.10485 46348
2.10516 34076
2.10533 46348
2.10565 34076
2.10582 46348
2.10614 34076
2.10631 46348
2.10661 34076
2.10678 46348
2.10711 34076
2.10727 46348
2.10761 34076
2.1078 46348
2.10813 34076
2.10827 46348
2.1086 34076
2.10876 46348
2.10909 34076
2.10926 46348
2.10958 34076
2.10975 46348
2.11008 34076
2.11024 46348
2.11057 34076
2.11075 46348
2.11106 34076
2.11123 46348
2.11155 34076
2.11172 46348
2.11204 34076
2.11221 46348
2.11252 34076
2.1127 46348
2.11303 34076
2.11321 46348
2.11352 34076
2.11369 46348
2.11401 34076
2.11418 46348
2.1145 34076
2.11467 46348
2.11499 34076
2.11516 46348
2.11549 34076
2.11565 46348
2.11597 34076
2.11616 46348
2.11646 34076
2.11663 46348
2.11696 34076
2.11712 46348
2.11746 34076
2.11762 46348
2.11795 34076
2.11813 46348
2.11844 34076
2.11862 46348
2.11893 34076
2.1191 46348
2.11942 34076
2.11959 46348
2.11991 34076
2.12008 46348
2.12038 34076
2.12055 46348
2.12088 34076
2.12104 46348
2.12138 34076
2.12157 46348
2.1219 34076
2.12204 46348
2.12237 34076
2.12253 46348
2.12286 34076
2.12303 46348
2.12335 34076
2.12352 46348
2.12385 34076
2.12401 46348
2.12434 34076
2.12452 46348
2.12483 34076
2.125 46348
2.12532 34076
2.12549 46348
2.12581 34076
2.12598 46348
2.12629 34076
2.12647 46348
2.1268 34076
2.12698 46348
2.12729 34076
2.12746 46348
2.12778 34076
2.12795 46348
2.12827 34076
2.12844 46348
2.12876 34076
2.12893 46348
2.12926 34076
2.12942 46348
2.12974 34076
2.12993 46348
2.13023 34076
2.1304 46348
2.13073 34076
2.13089 46348
2.13123 34076
2.13139 46348
2.13172 34076
2.1319 46348
2.13221 34076
2.13239 46348
2.1327 34076
2.13287 46348
2.13319 34076
2.13336 46348
2.13368 34076
2.13385 46348
2.13415 34076
2.13432 46348
2.13465 34076
2.13481 46348
2.13515 34076
2.13534 46348
2.13567 34076
2.13581 46348
2.13614 34076
2.1363 46348
2.13663 34076
2.1368 46348
2.13712 34076
2.13729 46348
2.13762 34076
2.13778 46348
2.13811 34076
2.13829 46348
2.1386 34076
2.13877 46348
2.13909 34076
2.13926 46348
2.13958 34076
2.13975 46348
2.14006 34076
2.14024 46348
2.14057 34076
2.14075 46348
2.14106 34076
2.14123 46348
2.14155 34076
2.14172 46348
2.14204 34076
2.14221 46348
2.14253 34076
2.1427 46348
2.14303 34076
2.14319 46348
2.14351 34076
2.1437 46348
2.144 34076
2.14417 46348
2.1445 34076
2.14466 46348
2.145 34076
2.14516 46348
2.14549 34076
2.14567 46348
2.14598 34076
2.14616 46348
2.14647 34076
2.14664 46348
2.14696 34076
2.14713 46348
2.14745 34076
2.14762 46348
2.14792 34076
2.14809 46348
2.14842 34076
2.14858 46348
2.14892 34076
2.14911 46348
2.14944 34076
2.14958 46348
2.14991 34076
2.15007 46348
2.1504 34076
2.15057 46348
2.15089 34076
2.15106 46348
2.15139 34076
2.15155 46348
2.15188 34076
2.15206 46348
2.15237 34076
2.15254 46348
2.15286 34076
2.15303 46348
2.15335 34076
2.15352 46348
2.15383 34076
2.15401 46348
2.15434 34076
2.15452 46348
2.15483 34076
2.155 46348
2.15532 34076
2.15549 46348
2.15581 34076
2.15598 46348
2.1563 34076
2.15647 46348
2.1568 34076
2.15696 46348
2.15728 34076
2.15747 46348
2.15777 34076
2.15794 46348
2.15827 34076
2.15843 46348
2.15877 34076
2.15893 46348
2.15926 34076
2.15944 46348
2.15975 34076
2.15993 46348
2.16024 34076
2.16041 46348
2.16073 34076
2.1609 46348
2.16122 34076
2.16139 46348
2.16169 34076
2.16186 46348
2.16219 34076
2.16235 46348
2.16269 34076
2.16288 46348
2.16321 34076
2.16335 46348
2.16368 34076
2.16384 46348
2.16417 34076
2.16434 46348
2.16466 34076
2.16483 46348
2.16516 34076
2.16532 46348
2.16565 34076
2.16583 46348
2.16614 34076
2.16631 46348
2.16663 34076
2.1668 46348
2.16712 34076
2.16729 46348
2.1676 34076
2.16778 46348
2.16811 34076
2.16829 46348
2.1686 34076
2.16877 46348
2.16909 34076
2.16926 46348
2.16958 34076
2.16975 46348
2.17007 34076
2.17024 46348
2.17057 34076
2.17073 46348
2.17105 34076
2.17124 46348
2.17154 34076
2.17171 46348
2.17204 34076
2.1722 46348
2.17254 34076
2.1727 46348
2.17303 34076
2.17321 46348
2.17352 34076
2.1737 46348
2.17401 34076
2.17418 46348
2.1745 34076
2.17467 46348
2.17499 34076
2.17516 46348
2.17546 34076
2.17563 46348
2.17596 34076
2.17612 46348
2.17646 34076
2.17665 46348
2.17698 34076
2.17712 46348
2.17745 34076
2.17761 46348
2.17794 34076
2.17811 46348
2.17843 34076
2.1786 46348
2.17893 34076
2.17909 46348
2.17942 34076
2.1796 46348
2.17991 34076
2.18008 46348
2.1804 34076
2.18057 46348
2.18089 34076
2.18106 46348
2.18137 34076
2.18155 46348
2.18188 34076
2.18206 46348
2.18237 34076
2.18254 46348
2.18286 34076
2.18303 46348
2.18335 34076
2.18352 46348
2.18384 34076
2.18401 46348
2.18434 34076
2.1845 46348
2.18482 34076
2.18501 46348
2.18531 34076
2.18548 46348
2.18581 34076
2.18597 46348
2.18631 34076
2.18647 46348
2.1868 34076
2.18698 46348
2.18729 34076
2.18747 46348
2.18778 34076
2.18795 46348
2.18827 34076
2.18844 46348
2.18876 34076
2.18893 46348
2.18923 34076
2.1894 46348
2.18973 34076
2.18989 46348
2.19023 34076
2.19042 46348
2.19075 34076
2.19089 46348
2.19122 34076
2.19138 46348
2.19171 34076
2.19188 46348
2.1922 34076
2.19237 46348
2.1927 34076
2.19286 46348
2.19319 34076
2.19337 46348
2.19368 34076
2.19385 46348
2.19417 34076
2.19434 46348
2.19466 34076
2.19483 46348
2.19514 34076
2.19532 46348
2.19565 34076
2.19583 46348
2.19614 34076
2.19631 46348
2.19663 34076
2.1968 46348
2.19712 34076
2.19729 46348
2.19761 34076
2.19778 46348
2.19811 34076
2.19827 46348
2.19859 34076
2.19878 46348
2.19908 34076
2.19925 46348
2.19958 34076
2.19974 46348
2.20008 34076
2.20024 46348
2.20057 34076
2.20075 46348
2.20106 34076
2.20124 46348
2.20155 34076
2.20172 46348
2.20204 34076
2.20221 46348
2.20253 34076
2.2027 46348
2.203 34076
2.20317 46348
2.2035 34076
2.20366 46348
2.204 34076
2.20419 46348
2.20452 34076
2.20466 46348
2.20499 34076
2.20515 46348
2.20548 34076
2.20565 46348
2.20597 34076
2.20614 46348
2.20647 34076
2.20663 46348
2.20696 34076
2.20714 46348
2.20745 34076
2.20762 46348
2.20794 34076
2.20811 46348
2.20843 34076
2.2086 46348
2.20891 34076
2.20909 46348
2.20942 34076
2.2096 46348
2.20991 34076
2.21008 46348
2.2104 34076
2.21057 46348
2.21089 34076
2.21106 46348
2.21138 34076
2.21155 46348
2.21188 34076
2.21204 46348
2.21236 34076
2.21255 46348
2.21285 34076
2.21302 46348
2.21335 34076
2.21351 46348
2.21385 34076
2.21401 46348
2.21434 34076
2.21452 46348
2.21483 34076
2.21501 46348
2.21532 34076
2.21549 46348
2.21581 34076
2.21598 46348
2.2163 34076
2.21647 46348
2.21677 34076
2.21694 46348
2.21727 34076
2.21743 46348
2.21777 34076
2.21796 46348
2.21829 34076
2.21843 46348
2.21876 34076
2.21892 46348
2.21925 34076
2.21942 46348
2.21974 34076
2.21991 46348
2.22024 34076
2.2204 46348
2.22073 34076
2.22091 46348
2.22122 34076
2.22139 46348
2.22171 34076
2.22188 46348
2.2222 34076
2.22237 46348
2.22268 34076
2.22286 46348
2.22319 34076
2.22337 46348
2.22368 34076
2.22385 46348
2.22417 34076
2.22434 46348
2.22466 34076
2.22483 46348
2.22515 34076
2.22532 46348
2.22565 34076
2.22581 46348
2.22613 34076
2.22632 46348
2.22662 34076
2.22679 46348
2.22712 34076
2.22728 46348
2.22762 34076
2.22778 46348
2.22811 34076
2.22829 46348
2.2286 34076
2.22878 46348
2.22909 34076
2.22926 46348
2.22958 34076
2.22975 46348
2.23007 34076
2.23024 46348
2.23054 34076
2.23071 46348
2.23104 34076
2.2312 46348
2.23154 34076
2.23173 46348
2.23206 34076
2.2322 46348
2.23253 34076
2.23269 46348
2.23302 34076
2.23319 46348
2.23351 34076
2.23368 46348
2.23401 34076
2.23417 46348
2.2345 34076
2.23468 46348
2.23499 34076
2.23516 46348
2.23548 34076
2.23565 46348
2.23597 34076
2.23614 46348
2.23645 34076
2.23663 46348
2.23696 34076
2.23714 46348
2.23745 34076
2.23762 46348
2.23794 34076
2.23811 46348
2.23843 34076
2.2386 46348
2.23892 34076
2.23909 46348
2.23942 34076
2.23958 46348
2.2399 34076
2.24009 46348
2.24039 34076
2.24056 46348
2.24089 34076
2.24105 46348
2.24139 34076
2.24155 46348
2.24188 34076
2.24206 46348
2.24237 34076
2.24255 46348
2.24286 34076
2.24303 46348
2.24335 34076
2.24352 46348
2.24384 34076
2.24401 46348
2.24431 34076
2.24448 46348
2.24481 34076
2.24497 46348
2.24531 34076
2.2455 46348
2.24583 34076
2.24597 46348
2.2463 34076
2.24646 46348
