0.0 0
1.00006 6.3168e-05
1.00016 6.7593e-05
1.00019 7.4525e-05
1.00026 7.7455e-05
1.00028 8.3079e-05
1.00031 8.8e-05
1.00033 9.5366e-05
1.00036 9.5691e-05
1.00038 9.9035e-05
1.00041 0.000101961
1.00043 0.000107581
1.00046 0.000112499
1.00048 0.000119862
1.0005 0.000126305
1.00053 0.000135002
1.00055 0.000142606
1.00058 0.00015232
1.0006 0.00016082
1.00063 0.000171317
1.00065 0.000180502
1.00068 0.000191599
1.0007 0.000201309
1.00072 0.000212865
1.00075 0.000222976
1.00077 0.000234884
1.0008 0.000245303
1.00082 0.00025748
1.00085 0.000268135
1.00087 0.000280518
1.0009 0.000291353
1.00092 0.000303893
1.00095 0.000314866
1.00097 0.000324467
1.00099 0.000332868
1.00102 0.000340219
1.00104 0.000346651
1.00107 0.000352279
1.00109 0.000357204
1.00112 0.000361513
1.00114 0.000365283
1.00117 0.000368582
1.00119 0.000371469
1.00121 0.000373995
1.00124 0.000376205
1.00126 0.000378139
1.00129 0.000379831
1.00131 0.000381312
1.00134 0.000382608
1.00136 0.000383742
1.00139 0.000384734
1.00141 0.000385602
1.00143 0.000389421
1.00146 0.000392763
1.00148 0.000395687
1.00151 0.000398246
1.00153 0.000400485
1.00156 0.000402444
1.00158 0.000404158
1.00161 0.000405658
1.00163 0.00040697
1.00166 0.000408118
1.00168 0.000409123
1.0017 0.000410002
1.00173 0.000410771
1.00175 0.000411444
1.00178 0.000412033
1.0018 0.000412548
1.00183 0.000412999
1.00185 0.000413394
1.00188 0.000413739
1.0019 0.000414041
1.00192 0.000414305
1.00195 0.000417596
1.00197 0.000420476
1.002 0.000422996
1.00202 0.000425201
1.00205 0.00042713
1.00207 0.000428818
1.0021 0.000430295
1.00212 0.000431588
1.00214 0.000432719
1.00217 0.000433709
1.00219 0.000434575
1.00222 0.000435333
1.00224 0.000435996
1.00227 0.000436576
1.00229 0.000437084
1.00232 0.000437528
1.00234 0.000437917
1.00237 0.000438257
1.00239 0.000438554
1.00241 0.000438814
1.00244 0.000439042
1.00246 0.000442301
1.00249 0.000445153
1.00251 0.000447648
1.00254 0.000449832
1.00256 0.000451743
1.00259 0.000453415
1.00261 0.000454878
1.00263 0.000456158
1.00266 0.000457278
1.00268 0.000458258
1.00271 0.000459115
1.00273 0.000459865
1.00276 0.000460521
1.00278 0.000461095
1.00281 0.000461598
1.00283 0.000462038
1.00285 0.000462423
1.00288 0.00046276
1.0029 0.000463055
1.00293 0.000463313
1.00295 0.000463538
1.00298 0.000466795
1.003 0.000469645
1.00303 0.000472139
1.00305 0.000474321
1.00307 0.00047623
1.0031 0.000477901
1.00312 0.000479363
1.00315 0.000480642
1.00317 0.000481761
1.0032 0.00048274
1.00322 0.000483597
1.00325 0.000484347
1.00327 0.000485003
1.0033 0.000485577
1.00332 0.000486079
1.00334 0.000486519
1.00337 0.000486904
1.00339 0.000487241
1.00342 0.000487535
1.00344 0.000487793
1.00347 0.000488018
1.00349 0.000491275
1.00352 0.000494125
1.00354 0.000496619
1.00356 0.000498801
1.00359 0.00050071
1.00361 0.000502381
1.00364 0.000503843
1.00366 0.000505122
1.00369 0.000506241
1.00371 0.00050722
1.00374 0.000508077
1.00376 0.000508827
1.00378 0.000509483
1.00381 0.000510057
1.00383 0.000510559
1.00386 0.000510999
1.00388 0.000511384
1.00391 0.000511721
1.00393 0.000512015
1.00396 0.000512273
1.00398 0.000512498
1.00401 0.000515755
1.00403 0.000518605
1.00405 0.000521099
1.00408 0.000523281
1.0041 0.00052519
1.00413 0.000526861
1.00415 0.000528323
1.00418 0.000529602
1.0042 0.000530721
1.00423 0.0005317
1.00425 0.000532557
1.00427 0.000533307
1.0043 0.000533963
1.00432 0.000534537
1.00435 0.000535039
1.00437 0.000535479
1.0044 0.000535864
1.00442 0.000536201
1.00445 0.000536495
1.00447 0.000536753
1.00449 0.000536978
1.00452 0.000540235
1.00454 0.000543085
1.00457 0.000545579
1.00459 0.000547761
1.00462 0.00054967
1.00464 0.000551341
1.00467 0.000552803
1.00469 0.000554082
1.00472 0.000555201
1.00474 0.00055618
1.00476 0.000557037
1.00479 0.000557787
1.00481 0.000558443
1.00484 0.000559017
1.00486 0.000559519
1.00489 0.000559959
1.00491 0.000560344
1.00494 0.000560681
1.00496 0.000560975
1.00498 0.000561233
1.00501 0.000561458
1.00503 0.000564715
1.00506 0.000567565
1.00508 0.000570059
1.00511 0.000572241
1.00513 0.00057415
1.00516 0.000575821
1.00518 0.000577283
1.0052 0.000578562
1.00523 0.000579681
1.00525 0.00058066
1.00528 0.000581517
1.0053 0.000582267
1.00533 0.000582923
1.00535 0.000583497
1.00538 0.000583999
1.0054 0.000584439
1.00543 0.000584824
1.00545 0.000585161
1.00547 0.000585455
1.0055 0.000585713
1.00552 0.000585938
1.00555 0.000589195
1.00557 0.000592045
1.0056 0.000594539
1.00562 0.000596721
1.00565 0.00059863
1.00567 0.000600301
1.00569 0.000601763
1.00572 0.000603042
1.00574 0.000604161
1.00577 0.00060514
1.00579 0.000605997
1.00582 0.000606747
1.00584 0.000607403
1.00587 0.000607977
1.00589 0.000608479
1.00591 0.000608919
1.00594 0.000609304
1.00596 0.000609641
1.00599 0.000609935
1.00601 0.000610193
1.00604 0.000610418
1.00606 0.000613675
1.00609 0.000616525
1.00611 0.000619019
1.00613 0.000621201
1.00616 0.00062311
1.00618 0.000624781
1.00621 0.000626243
1.00623 0.000627522
1.00626 0.000628641
1.00628 0.00062962
1.00631 0.000630477
1.00633 0.000631227
1.00636 0.000631883
1.00638 0.000632457
1.0064 0.000632959
1.00643 0.000633399
1.00645 0.000633784
1.00648 0.000634121
1.0065 0.000634415
1.00653 0.000634673
1.00655 0.000634898
1.00658 0.000638155
1.0066 0.000641005
1.00662 0.000643499
1.00665 0.000645681
1.00667 0.00064759
1.0067 0.000649261
1.00672 0.000650723
1.00675 0.000652002
1.00677 0.000653121
1.0068 0.0006541
1.00682 0.000654957
1.00684 0.000655707
1.00687 0.000656363
1.00689 0.000656937
1.00692 0.000657439
1.00694 0.000657879
1.00697 0.000658264
1.00699 0.000658601
1.00702 0.000658895
1.00704 0.000659153
1.00707 0.000659378
1.00709 0.000662635
1.00711 0.000665485
1.00714 0.000667979
1.00716 0.000670161
1.00719 0.00067207
1.00721 0.000673741
1.00724 0.000675203
1.00726 0.000676482
1.00729 0.000677601
1.00731 0.00067858
1.00733 0.000679437
1.00736 0.000680187
1.00738 0.000680843
1.00741 0.000681417
1.00743 0.000681919
1.00746 0.000682359
1.00748 0.000682744
1.00751 0.000683081
1.00753 0.000683375
1.00755 0.000683633
1.00758 0.000683858
1.0076 0.000687115
1.00763 0.000689965
1.00765 0.000692459
1.00768 0.000694641
1.0077 0.00069655
1.00773 0.000698221
1.00775 0.000699683
1.00778 0.000700962
1.0078 0.000702081
1.00782 0.00070306
1.00785 0.000703917
1.00787 0.000704667
1.0079 0.000705323
1.00792 0.000705897
1.00795 0.000706399
1.00797 0.000706839
1.008 0.000707224
1.00802 0.000707561
1.00804 0.000707855
1.00807 0.000708113
1.00809 0.000708338
1.00812 0.000711595
1.00814 0.000714445
1.00817 0.000716939
1.00819 0.000719121
1.00822 0.00072103
1.00824 0.000722701
1.00826 0.000724163
1.00829 0.000725442
1.00831 0.000726561
1.00834 0.00072754
1.00836 0.000728397
1.00839 0.000729147
1.00841 0.000729803
1.00844 0.000730377
1.00846 0.000730879
1.00849 0.000731319
1.00851 0.000731704
1.00853 0.000732041
1.00856 0.000732335
1.00858 0.000732593
1.00861 0.000732818
1.00863 0.000736075
1.00866 0.000738925
1.00868 0.000741419
1.00871 0.000743601
1.00873 0.00074551
1.00875 0.000747181
1.00878 0.000748643
1.0088 0.000749922
1.00883 0.000751041
1.00885 0.00075202
1.00888 0.000752877
1.0089 0.000753627
1.00893 0.000754283
1.00895 0.000754857
1.00897 0.000755359
1.009 0.000755799
1.00902 0.000756184
1.00905 0.000756521
1.00907 0.000756815
1.0091 0.000757073
1.00912 0.000757298
1.00915 0.000760555
1.00917 0.000763405
1.00919 0.000765899
1.00922 0.000768081
1.00924 0.00076999
1.00927 0.000771661
1.00929 0.000773123
1.00932 0.000774402
1.00934 0.000775521
1.00937 0.0007765
1.00939 0.000777357
1.00942 0.000778107
1.00944 0.000778763
1.00946 0.000779337
1.00949 0.000779839
1.00951 0.000780279
1.00954 0.000780664
1.00956 0.000781001
1.00959 0.000781295
1.00961 0.000781553
1.00964 0.000781778
1.00966 0.000785035
1.00968 0.000787885
1.00971 0.000790379
1.00973 0.000792561
1.00976 0.00079447
1.00978 0.000796141
1.00981 0.000797603
1.00983 0.000798882
1.00986 0.000800001
1.00988 0.00080098
1.0099 0.000801837
1.00993 0.000802587
1.00995 0.000803243
1.00998 0.000803817
1.01 0.000804319
1.01003 0.000804759
1.01005 0.000805144
1.01008 0.000805481
1.0101 0.000805775
1.01013 0.000806033
1.01015 0.000806258
1.01017 0.000809515
1.0102 0.000812365
1.01022 0.000814859
1.01025 0.000817041
1.01027 0.00081895
1.0103 0.000820621
1.01032 0.000822083
1.01035 0.000823362
1.01037 0.000824481
1.01039 0.00082546
1.01042 0.000826317
1.01044 0.000827067
1.01047 0.000827723
1.01049 0.000828297
1.01052 0.000828799
1.01054 0.000829239
1.01057 0.000829624
1.01059 0.000829961
1.01061 0.000830255
1.01064 0.000830513
1.01066 0.000830738
1.01069 0.000833995
1.01071 0.000836845
1.01074 0.000839339
1.01076 0.000841521
1.01079 0.00084343
1.01081 0.000845101
1.01084 0.000846563
1.01086 0.000847842
1.01088 0.000848961
1.01091 0.00084994
1.01093 0.000850797
1.01096 0.000851547
1.01098 0.000852203
1.01101 0.000852777
1.01103 0.000853279
1.01106 0.000853719
1.01108 0.000854104
1.0111 0.000854441
1.01113 0.000854735
1.01115 0.000854993
1.01118 0.000855218
1.0112 0.000858475
1.01123 0.000861325
1.01125 0.000863819
1.01128 0.000866001
1.0113 0.00086791
1.01132 0.000869581
1.01135 0.000871043
1.01137 0.000872322
1.0114 0.000873441
1.01142 0.00087442
1.01145 0.000875277
1.01147 0.000876027
1.0115 0.000876683
1.01152 0.000877257
1.01155 0.000877759
1.01157 0.000878199
1.01159 0.000878584
1.01162 0.000878921
1.01164 0.000879215
1.01167 0.000879473
1.01169 0.000879698
1.01172 0.000882955
1.01174 0.000885805
1.01177 0.000888299
1.01179 0.000890481
1.01181 0.00089239
1.01184 0.000894061
1.01186 0.000895523
1.01189 0.000896802
1.01191 0.000897921
1.01194 0.0008989
1.01196 0.000899757
1.01199 0.000900507
1.01201 0.000901163
1.01203 0.000901737
1.01206 0.000902239
1.01208 0.000902679
1.01211 0.000903064
1.01213 0.000903401
1.01216 0.000903695
1.01218 0.000903953
1.01221 0.000904178
1.01223 0.000907435
1.01225 0.000910285
1.01228 0.000912779
1.0123 0.000914961
1.01233 0.00091687
1.01235 0.000918541
1.01238 0.000920003
1.0124 0.000921282
1.01243 0.000922401
1.01245 0.00092338
1.01248 0.000924237
1.0125 0.000924987
1.01252 0.000925643
1.01255 0.000926217
1.01257 0.000926719
1.0126 0.000927159
1.01262 0.000927544
1.01265 0.000927881
1.01267 0.000928175
1.0127 0.000928433
1.01272 0.000928658
1.01274 0.000931915
1.01277 0.000934765
1.01279 0.000937259
1.01282 0.000939441
1.01284 0.00094135
1.01287 0.000943021
1.01289 0.000944483
1.01292 0.000945762
1.01294 0.000946881
1.01296 0.00094786
1.01299 0.000948717
1.01301 0.000949467
1.01304 0.000950123
1.01306 0.000950697
1.01309 0.000951199
1.01311 0.000951639
1.01314 0.000952024
1.01316 0.000952361
1.01319 0.000952655
1.01321 0.000952913
1.01323 0.000953138
1.01326 0.000956395
1.01328 0.000959245
1.01331 0.000961739
1.01333 0.000963921
1.01336 0.00096583
1.01338 0.000967501
1.01341 0.000968963
1.01343 0.000970242
1.01345 0.000971361
1.01348 0.00097234
1.0135 0.000973197
1.01353 0.000973947
1.01355 0.000974603
1.01358 0.000975177
1.0136 0.000975679
1.01363 0.000976119
1.01365 0.000976504
1.01367 0.000976841
1.0137 0.000977135
1.01372 0.000977393
1.01375 0.000977618
1.01377 0.000980875
1.0138 0.000983725
1.01382 0.000986219
1.01385 0.000988401
1.01387 0.00099031
1.0139 0.000991981
1.01392 0.000993443
1.01394 0.000994722
1.01397 0.000995841
1.01399 0.00099682
1.01402 0.000997677
1.01404 0.000998427
1.01407 0.000999083
1.01409 0.000999657
1.01412 0.00100016
1.01414 0.0010006
1.01416 0.00100098
1.01419 0.00100132
1.01421 0.00100161
1.01424 0.00100187
1.01426 0.0010021
1.01429 0.00100535
1.01431 0.0010082
1.01434 0.0010107
1.01436 0.00101288
1.01438 0.00101479
1.01441 0.00101646
1.01443 0.00101792
1.01446 0.0010192
1.01448 0.00102032
1.01451 0.0010213
1.01453 0.00102216
1.01456 0.00102291
1.01458 0.00102356
1.01461 0.00102414
1.01463 0.00102464
1.01465 0.00102508
1.01468 0.00102546
1.0147 0.0010258
1.01473 0.00102609
1.01475 0.00102635
1.01478 0.00102658
1.0148 0.00102983
1.01483 0.00103268
1.01485 0.00103518
1.01487 0.00103736
1.0149 0.00103927
1.01492 0.00104094
1.01495 0.0010424
1.01497 0.00104368
1.015 0.0010448
1.01502 0.00104578
1.01505 0.00104664
1.01507 0.00104739
1.01509 0.00104804
1.01512 0.00104862
1.01514 0.00104912
1.01517 0.00104956
1.01519 0.00104994
1.01522 0.00105028
1.01524 0.00105057
1.01527 0.00105083
1.01529 0.00105106
1.01531 0.00105431
1.01534 0.00105717
1.01536 0.00105966
1.01539 0.00106184
1.01541 0.00106375
1.01544 0.00106542
1.01546 0.00106688
1.01549 0.00106816
1.01551 0.00106928
1.01554 0.00107026
1.01556 0.00107112
1.01558 0.00107187
1.01561 0.00107252
1.01563 0.0010731
1.01566 0.0010736
1.01568 0.00107404
1.01571 0.00107442
1.01573 0.00107476
1.01576 0.00107506
1.01578 0.00107531
1.0158 0.00107554
1.01583 0.0010788
1.01585 0.00108165
1.01588 0.00108414
1.0159 0.00108632
1.01593 0.00108823
1.01595 0.0010899
1.01598 0.00109136
1.016 0.00109264
1.01602 0.00109376
1.01605 0.00109474
1.01607 0.0010956
1.0161 0.00109635
1.01612 0.001097
1.01615 0.00109758
1.01617 0.00109808
1.0162 0.00109852
1.01622 0.0010989
1.01625 0.00109924
1.01627 0.00109954
1.01629 0.00109979
1.01632 0.00110002
1.01634 0.00110327
1.01637 0.00110612
1.01639 0.00110862
1.01642 0.0011108
1.01644 0.00111271
1.01647 0.00111438
1.01649 0.00111584
1.01651 0.00111712
1.01654 0.00111824
1.01656 0.00111922
1.01659 0.00112008
1.01661 0.00112083
1.01664 0.00112148
1.01666 0.00112206
1.01669 0.00112256
1.01671 0.001123
1.01673 0.00112338
1.01676 0.00112372
1.01678 0.00112401
1.01681 0.00112427
1.01683 0.0011245
1.01686 0.00112776
1.01688 0.00113061
1.01691 0.0011331
1.01693 0.00113528
1.01696 0.00113719
1.01698 0.00113886
1.017 0.00114032
1.01703 0.0011416
1.01705 0.00114272
1.01708 0.0011437
1.0171 0.00114456
1.01713 0.00114531
1.01715 0.00114596
1.01718 0.00114654
1.0172 0.00114704
1.01722 0.00114748
1.01725 0.00114786
1.01727 0.0011482
1.0173 0.0011485
1.01732 0.00114875
1.01735 0.00114898
1.01737 0.00115223
1.0174 0.00115508
1.01742 0.00115758
1.01744 0.00115976
1.01747 0.00116167
1.01749 0.00116334
1.01752 0.0011648
1.01754 0.00116608
1.01757 0.0011672
1.01759 0.00116818
1.01762 0.00116904
1.01764 0.00116979
1.01767 0.00117044
1.01769 0.00117102
1.01771 0.00117152
1.01774 0.00117196
1.01776 0.00117234
1.01779 0.00117268
1.01781 0.00117297
1.01784 0.00117323
1.01786 0.00117346
1.01789 0.00117672
1.01791 0.00117957
1.01793 0.00118206
1.01796 0.00118424
1.01798 0.00118615
1.01801 0.00118782
1.01803 0.00118928
1.01806 0.00119056
1.01808 0.00119168
1.01811 0.00119266
1.01813 0.00119352
1.01815 0.00119427
1.01818 0.00119492
1.0182 0.0011955
1.01823 0.001196
1.01825 0.00119644
1.01828 0.00119682
1.0183 0.00119716
1.01833 0.00119746
1.01835 0.00119771
1.01837 0.00119794
1.0184 0.00120119
1.01842 0.00120404
1.01845 0.00120654
1.01847 0.00120872
1.0185 0.00121063
1.01852 0.0012123
1.01855 0.00121376
1.01857 0.00121504
1.0186 0.00121616
1.01862 0.00121714
1.01864 0.001218
1.01867 0.00121875
1.01869 0.0012194
1.01872 0.00121998
1.01874 0.00122048
1.01877 0.00122092
1.01879 0.0012213
1.01882 0.00122164
1.01884 0.00122193
1.01886 0.00122219
1.01889 0.00122242
1.01891 0.00122567
1.01894 0.00122852
1.01896 0.00123102
1.01899 0.0012332
1.01901 0.00123511
1.01904 0.00123678
1.01906 0.00123824
1.01908 0.00123952
1.01911 0.00124064
1.01913 0.00124162
1.01916 0.00124248
1.01918 0.00124323
1.01921 0.00124388
1.01923 0.00124446
1.01926 0.00124496
1.01928 0.0012454
1.01931 0.00124578
1.01933 0.00124612
1.01935 0.00124641
1.01938 0.00124667
1.0194 0.0012469
1.01943 0.00125015
1.01945 0.001253
1.01948 0.0012555
1.0195 0.00125768
1.01953 0.00125959
1.01955 0.00126126
1.01957 0.00126272
1.0196 0.001264
1.01962 0.00126512
1.01965 0.0012661
1.01967 0.00126696
1.0197 0.00126771
1.01972 0.00126836
1.01975 0.00126894
1.01977 0.00126944
1.01979 0.00126988
1.01982 0.00127026
1.01984 0.0012706
1.01987 0.00127089
1.01989 0.00127115
1.01992 0.00127138
1.01994 0.00127464
1.01997 0.00127749
1.01999 0.00127998
1.02002 0.00128216
1.02004 0.00128407
1.02006 0.00128574
1.02009 0.0012872
1.02011 0.00128848
1.02014 0.0012896
1.02016 0.00129058
1.02019 0.00129144
1.02021 0.00129219
1.02024 0.00129284
1.02026 0.00129342
1.02028 0.00129392
1.02031 0.00129436
1.02033 0.00129474
1.02036 0.00129508
1.02038 0.00129538
1.02041 0.00129563
1.02043 0.00129586
1.02046 0.00129911
1.02048 0.00130196
1.0205 0.00130446
1.02053 0.00130664
1.02055 0.00130855
1.02058 0.00131022
1.0206 0.00131168
1.02063 0.00131296
1.02065 0.00131408
1.02068 0.00131506
1.0207 0.00131592
1.02073 0.00131667
1.02075 0.00131732
1.02077 0.0013179
1.0208 0.0013184
1.02082 0.00131884
1.02085 0.00131922
1.02087 0.00131956
1.0209 0.00131985
1.02092 0.00132011
1.02095 0.00132034
1.02097 0.00132359
1.02099 0.00132644
1.02102 0.00132894
1.02104 0.00133112
1.02107 0.00133303
1.02109 0.0013347
1.02112 0.00133616
1.02114 0.00133744
1.02117 0.00133856
1.02119 0.00133954
1.02121 0.0013404
1.02124 0.00134115
1.02126 0.0013418
1.02129 0.00134238
1.02131 0.00134288
1.02134 0.00134332
1.02136 0.0013437
1.02139 0.00134404
1.02141 0.00134433
1.02143 0.00134459
1.02146 0.00134482
1.02148 0.00134808
1.02151 0.00135092
1.02153 0.00135342
1.02156 0.0013556
1.02158 0.00135751
1.02161 0.00135918
1.02163 0.00136064
1.02166 0.00136192
1.02168 0.00136304
1.0217 0.00136402
1.02173 0.00136488
1.02175 0.00136563
1.02178 0.00136628
1.0218 0.00136686
1.02183 0.00136736
1.02185 0.0013678
1.02188 0.00136818
1.0219 0.00136852
1.02192 0.00136882
1.02195 0.00136907
1.02197 0.0013693
1.022 0.00137255
1.02202 0.0013754
1.02205 0.0013779
1.02207 0.00138008
1.0221 0.00138199
1.02212 0.00138366
1.02214 0.00138512
1.02217 0.0013864
1.02219 0.00138752
1.02222 0.0013885
1.02224 0.00138936
1.02227 0.00139011
1.02229 0.00139076
1.02232 0.00139134
1.02234 0.00139184
1.02237 0.00139228
1.02239 0.00139266
1.02241 0.001393
1.02244 0.00139329
1.02246 0.00139355
1.02249 0.00139378
1.02251 0.00139704
1.02254 0.00139989
1.02256 0.00140238
1.02259 0.00140456
1.02261 0.00140647
1.02263 0.00140814
1.02266 0.0014096
1.02268 0.00141088
1.02271 0.001412
1.02273 0.00141298
1.02276 0.00141384
1.02278 0.00141459
1.02281 0.00141524
1.02283 0.00141582
1.02285 0.00141632
1.02288 0.00141676
1.0229 0.00141714
1.02293 0.00141748
1.02295 0.00141778
1.02298 0.00141803
1.023 0.00141826
1.02303 0.00142151
1.02305 0.00142436
1.02308 0.00142686
1.0231 0.00142904
1.02312 0.00143095
1.02315 0.00143262
1.02317 0.00143408
1.0232 0.00143536
1.02322 0.00143648
1.02325 0.00143746
1.02327 0.00143832
1.0233 0.00143907
1.02332 0.00143972
1.02334 0.0014403
1.02337 0.0014408
1.02339 0.00144124
1.02342 0.00144162
1.02344 0.00144196
1.02347 0.00144225
1.02349 0.00144251
1.02352 0.00144274
1.02354 0.001446
1.02356 0.00144885
1.02359 0.00145134
1.02361 0.00145352
1.02364 0.00145543
1.02366 0.0014571
1.02369 0.00145856
1.02371 0.00145984
1.02374 0.00146096
1.02376 0.00146194
1.02379 0.0014628
1.02381 0.00146355
1.02383 0.0014642
1.02386 0.00146478
1.02388 0.00146528
1.02391 0.00146572
1.02393 0.0014661
1.02396 0.00146644
1.02398 0.00146674
1.02401 0.00146699
1.02403 0.00146722
1.02405 0.00147047
1.02408 0.00147332
1.0241 0.00147582
1.02413 0.001478
1.02415 0.00147991
1.02418 0.00148158
1.0242 0.00148304
1.02423 0.00148432
1.02425 0.00148544
1.02427 0.00148642
1.0243 0.00148728
1.02432 0.00148803
1.02435 0.00148868
1.02437 0.00148926
1.0244 0.00148976
1.02442 0.0014902
1.02445 0.00149058
1.02447 0.00149092
1.02449 0.00149121
1.02452 0.00149147
1.02454 0.0014917
1.02457 0.00149496
1.02459 0.00149781
1.02462 0.0015003
1.02464 0.00150248
1.02467 0.00150439
1.02469 0.00150606
1.02472 0.00150752
1.02474 0.0015088
1.02476 0.00150992
1.02479 0.0015109
1.02481 0.00151176
1.02484 0.00151251
1.02486 0.00151316
1.02489 0.00151374
1.02491 0.00151424
1.02494 0.00151468
1.02496 0.00151506
1.02498 0.0015154
1.02501 0.0015157
1.02503 0.00151595
1.02506 0.00151618
1.02508 0.00151943
1.02511 0.00152228
1.02513 0.00152478
1.02516 0.00152696
1.02518 0.00152887
1.0252 0.00153054
1.02523 0.001532
1.02525 0.00153328
1.02528 0.0015344
1.0253 0.00153538
1.02533 0.00153624
1.02535 0.00153699
1.02538 0.00153764
1.0254 0.00153822
1.02543 0.00153872
1.02545 0.00153916
1.02547 0.00153954
1.0255 0.00153988
1.02552 0.00154017
1.02555 0.00154043
1.02557 0.00154066
1.0256 0.00154391
1.02562 0.00154676
1.02565 0.00154926
1.02567 0.00155144
1.02569 0.00155335
1.02572 0.00155502
1.02574 0.00155648
1.02577 0.00155776
1.02579 0.00155888
1.02582 0.00155986
1.02584 0.00156072
1.02587 0.00156147
1.02589 0.00156212
1.02591 0.0015627
1.02594 0.0015632
1.02596 0.00156364
1.02599 0.00156402
1.02601 0.00156436
1.02604 0.00156465
1.02606 0.00156491
1.02609 0.00156514
1.02611 0.00156839
1.02614 0.00157124
1.02616 0.00157374
1.02618 0.00157592
1.02621 0.00157783
1.02623 0.0015795
1.02626 0.00158096
1.02628 0.00158224
1.02631 0.00158336
1.02633 0.00158434
1.02636 0.0015852
1.02638 0.00158595
1.0264 0.0015866
1.02643 0.00158718
1.02645 0.00158768
1.02648 0.00158812
1.0265 0.0015885
1.02653 0.00158884
1.02655 0.00158913
1.02658 0.00158939
1.0266 0.00158962
1.02662 0.00159288
1.02665 0.00159573
1.02667 0.00159822
1.0267 0.0016004
1.02672 0.00160231
1.02675 0.00160398
1.02677 0.00160544
1.0268 0.00160672
1.02682 0.00160784
1.02685 0.00160882
1.02687 0.00160968
1.02689 0.00161043
1.02692 0.00161108
1.02694 0.00161166
1.02697 0.00161216
1.02699 0.0016126
1.02702 0.00161298
1.02704 0.00161332
1.02707 0.00161362
1.02709 0.00161387
1.02711 0.0016141
1.02714 0.00161736
1.02716 0.0016202
1.02719 0.0016227
1.02721 0.00162488
1.02724 0.00162679
1.02726 0.00162846
1.02729 0.00162992
1.02731 0.0016312
1.02733 0.00163232
1.02736 0.0016333
1.02738 0.00163416
1.02741 0.00163491
1.02743 0.00163556
1.02746 0.00163614
1.02748 0.00163664
1.02751 0.00163708
1.02753 0.00163746
1.02755 0.0016378
1.02758 0.0016381
1.0276 0.00163835
1.02763 0.00163858
1.02765 0.00164183
1.02768 0.00164468
1.0277 0.00164718
1.02773 0.00164936
1.02775 0.00165127
1.02778 0.00165294
1.0278 0.0016544
1.02782 0.00165568
1.02785 0.0016568
1.02787 0.00165778
1.0279 0.00165864
1.02792 0.00165939
1.02795 0.00166004
1.02797 0.00166062
1.028 0.00166112
1.02802 0.00166156
1.02804 0.00166194
1.02807 0.00166228
1.02809 0.00166257
1.02812 0.00166283
1.02814 0.00166306
1.02817 0.00166632
1.02819 0.00166917
1.02822 0.00167166
1.02824 0.00167384
1.02826 0.00167575
1.02829 0.00167742
1.02831 0.00167888
1.02834 0.00168016
1.02836 0.00168128
1.02839 0.00168226
1.02841 0.00168312
1.02844 0.00168387
1.02846 0.00168452
1.02849 0.0016851
1.02851 0.0016856
1.02853 0.00168604
1.02856 0.00168642
1.02858 0.00168676
1.02861 0.00168706
1.02863 0.00168731
1.02866 0.00168754
1.02868 0.00169079
1.02871 0.00169364
1.02873 0.00169614
1.02875 0.00169832
1.02878 0.00170023
1.0288 0.0017019
1.02883 0.00170336
1.02885 0.00170464
1.02888 0.00170576
1.0289 0.00170674
1.02893 0.0017076
1.02895 0.00170835
1.02897 0.001709
1.029 0.00170958
1.02902 0.00171008
1.02905 0.00171052
1.02907 0.0017109
1.0291 0.00171124
1.02912 0.00171153
1.02915 0.00171179
1.02917 0.00171202
1.0292 0.00171528
1.02922 0.00171813
1.02924 0.00172062
1.02927 0.0017228
1.02929 0.00172471
1.02932 0.00172638
1.02934 0.00172784
1.02937 0.00172912
1.02939 0.00173024
1.02942 0.00173122
1.02944 0.00173208
1.02946 0.00173283
1.02949 0.00173348
1.02951 0.00173406
1.02954 0.00173456
1.02956 0.001735
1.02959 0.00173538
1.02961 0.00173572
1.02964 0.00173602
1.02966 0.00173627
1.02968 0.0017365
1.02971 0.00173975
1.02973 0.0017426
1.02976 0.0017451
1.02978 0.00174728
1.02981 0.00174919
1.02983 0.00175086
1.02986 0.00175232
1.02988 0.0017536
1.02991 0.00175472
1.02993 0.0017557
1.02995 0.00175656
1.02998 0.00175731
1.03 0.00175796
1.03003 0.00175854
1.03005 0.00175904
1.03008 0.00175948
1.0301 0.00175986
1.03013 0.0017602
1.03015 0.00176049
1.03017 0.00176075
1.0302 0.00176098
1.03022 0.00176423
1.03025 0.00176709
1.03027 0.00176958
1.0303 0.00177176
1.03032 0.00177367
1.03035 0.00177534
1.03037 0.0017768
1.03039 0.00177808
1.03042 0.0017792
1.03044 0.00178018
1.03047 0.00178104
1.03049 0.00178179
1.03052 0.00178244
1.03054 0.00178302
1.03057 0.00178352
1.03059 0.00178396
1.03061 0.00178434
1.03064 0.00178468
1.03066 0.00178497
1.03069 0.00178523
1.03071 0.00178546
1.03074 0.00178871
1.03076 0.00179156
1.03079 0.00179406
1.03081 0.00179624
1.03084 0.00179815
1.03086 0.00179982
1.03088 0.00180128
1.03091 0.00180256
1.03093 0.00180368
1.03096 0.00180466
1.03098 0.00180552
1.03101 0.00180627
1.03103 0.00180692
1.03106 0.0018075
1.03108 0.001808
1.0311 0.00180844
1.03113 0.00180882
1.03115 0.00180916
1.03118 0.00180945
1.0312 0.00180971
1.03123 0.00180994
1.03125 0.0018132
1.03128 0.00181605
1.0313 0.00181854
1.03132 0.00182072
1.03135 0.00182263
1.03137 0.0018243
1.0314 0.00182576
1.03142 0.00182704
1.03145 0.00182816
1.03147 0.00182914
1.0315 0.00183
1.03152 0.00183075
1.03155 0.0018314
1.03157 0.00183198
1.03159 0.00183248
1.03162 0.00183292
1.03164 0.0018333
1.03167 0.00183364
1.03169 0.00183394
1.03172 0.00183419
1.03174 0.00183442
1.03177 0.00183767
1.03179 0.00184052
1.03181 0.00184302
1.03184 0.0018452
1.03186 0.00184711
1.03189 0.00184878
1.03191 0.00185024
1.03194 0.00185152
1.03196 0.00185264
1.03199 0.00185362
1.03201 0.00185448
1.03203 0.00185523
1.03206 0.00185588
1.03208 0.00185646
1.03211 0.00185696
1.03213 0.0018574
1.03216 0.00185778
1.03218 0.00185812
1.03221 0.00185841
1.03223 0.00185867
1.03226 0.0018589
1.03228 0.00186215
1.0323 0.001865
1.03233 0.0018675
1.03235 0.00186968
1.03238 0.00187159
1.0324 0.00187326
1.03243 0.00187472
1.03245 0.001876
1.03248 0.00187712
1.0325 0.0018781
1.03252 0.00187896
1.03255 0.00187971
1.03257 0.00188036
1.0326 0.00188094
1.03262 0.00188144
1.03265 0.00188188
1.03267 0.00188226
1.0327 0.0018826
1.03272 0.00188289
1.03274 0.00188315
1.03277 0.00188338
1.03279 0.00188664
1.03282 0.00188948
1.03284 0.00189198
1.03287 0.00189416
1.03289 0.00189607
1.03292 0.00189774
1.03294 0.0018992
1.03297 0.00190048
1.03299 0.0019016
1.03301 0.00190258
1.03304 0.00190344
1.03306 0.00190419
1.03309 0.00190484
1.03311 0.00190542
1.03314 0.00190592
1.03316 0.00190636
1.03319 0.00190674
1.03321 0.00190708
1.03323 0.00190737
1.03326 0.00190763
1.03328 0.00190786
1.03331 0.00191111
1.03333 0.00191396
1.03336 0.00191646
1.03338 0.00191864
1.03341 0.00192055
1.03343 0.00192222
1.03345 0.00192368
1.03348 0.00192496
1.0335 0.00192608
1.03353 0.00192706
1.03355 0.00192792
1.03358 0.00192867
1.0336 0.00192932
1.03363 0.0019299
1.03365 0.0019304
1.03367 0.00193084
1.0337 0.00193122
1.03372 0.00193156
1.03375 0.00193185
1.03377 0.00193211
1.0338 0.00193234
1.03382 0.0019356
1.03385 0.00193845
1.03387 0.00194094
1.0339 0.00194312
1.03392 0.00194503
1.03394 0.0019467
1.03397 0.00194816
1.03399 0.00194944
1.03402 0.00195056
1.03404 0.00195154
1.03407 0.0019524
1.03409 0.00195315
1.03412 0.0019538
1.03414 0.00195438
1.03416 0.00195488
1.03419 0.00195532
1.03421 0.0019557
1.03424 0.00195604
1.03426 0.00195634
1.03429 0.00195659
1.03431 0.00195682
1.03434 0.00196007
1.03436 0.00196292
1.03438 0.00196542
1.03441 0.0019676
1.03443 0.00196951
1.03446 0.00197118
1.03448 0.00197264
1.03451 0.00197392
1.03453 0.00197504
1.03456 0.00197602
1.03458 0.00197688
1.03461 0.00197763
1.03463 0.00197828
1.03465 0.00197886
1.03468 0.00197936
1.0347 0.0019798
1.03473 0.00198018
1.03475 0.00198052
1.03478 0.00198081
1.0348 0.00198107
1.03483 0.0019813
1.03485 0.00198455
1.03487 0.0019874
1.0349 0.0019899
1.03492 0.00199208
1.03495 0.00199399
1.03497 0.00199566
1.035 0.00199712
1.03502 0.0019984
1.03505 0.00199952
1.03507 0.0020005
1.03509 0.00200136
1.03512 0.00200211
1.03514 0.00200276
1.03517 0.00200334
1.03519 0.00200384
1.03522 0.00200428
1.03524 0.00200466
1.03527 0.002005
1.03529 0.00200529
1.03532 0.00200555
1.03534 0.00200578
1.03536 0.00200904
1.03539 0.00201189
1.03541 0.00201438
1.03544 0.00201656
1.03546 0.00201847
1.03549 0.00202014
1.03551 0.0020216
1.03554 0.00202288
1.03556 0.002024
1.03558 0.00202498
1.03561 0.00202584
1.03563 0.00202659
1.03566 0.00202724
1.03568 0.00202782
1.03571 0.00202832
1.03573 0.00202876
1.03576 0.00202914
1.03578 0.00202948
1.0358 0.00202978
1.03583 0.00203003
1.03585 0.00203026
1.03588 0.00203352
1.0359 0.00203637
1.03593 0.00203886
1.03595 0.00204104
1.03598 0.00204295
1.036 0.00204462
1.03603 0.00204608
1.03605 0.00204736
1.03607 0.00204848
1.0361 0.00204946
1.03612 0.00205032
1.03615 0.00205107
1.03617 0.00205172
1.0362 0.0020523
1.03622 0.0020528
1.03625 0.00205324
1.03627 0.00205362
1.03629 0.00205396
1.03632 0.00205426
1.03634 0.00205451
1.03637 0.00205474
1.03639 0.00205799
1.03642 0.00206084
1.03644 0.00206334
1.03647 0.00206552
1.03649 0.00206743
1.03651 0.0020691
1.03654 0.00207056
1.03656 0.00207184
1.03659 0.00207296
1.03661 0.00207394
1.03664 0.0020748
1.03666 0.00207555
1.03669 0.0020762
1.03671 0.00207678
1.03673 0.00207728
1.03676 0.00207772
1.03678 0.0020781
1.03681 0.00207844
1.03683 0.00207873
1.03686 0.00207899
1.03688 0.00207922
1.03691 0.00208247
1.03693 0.00208532
1.03696 0.00208782
1.03698 0.00209
1.037 0.00209191
1.03703 0.00209358
1.03705 0.00209504
1.03708 0.00209632
1.0371 0.00209744
1.03713 0.00209842
1.03715 0.00209928
1.03718 0.00210003
1.0372 0.00210068
1.03722 0.00210126
1.03725 0.00210176
1.03727 0.0021022
1.0373 0.00210258
1.03732 0.00210292
1.03735 0.00210321
1.03737 0.00210347
1.0374 0.0021037
1.03742 0.00210695
1.03744 0.00210981
1.03747 0.0021123
1.03749 0.00211448
1.03752 0.00211639
1.03754 0.00211806
1.03757 0.00211952
1.03759 0.0021208
1.03762 0.00212192
1.03764 0.0021229
1.03767 0.00212376
1.03769 0.00212451
1.03771 0.00212516
1.03774 0.00212574
1.03776 0.00212624
1.03779 0.00212668
1.03781 0.00212706
1.03784 0.0021274
1.03786 0.00212769
1.03789 0.00212795
1.03791 0.00212818
1.03793 0.00213144
1.03796 0.00213429
1.03798 0.00213678
1.03801 0.00213896
1.03803 0.00214087
1.03806 0.00214254
1.03808 0.002144
1.03811 0.00214528
1.03813 0.0021464
1.03815 0.00214738
1.03818 0.00214824
1.0382 0.00214899
1.03823 0.00214964
1.03825 0.00215022
1.03828 0.00215072
1.0383 0.00215116
1.03833 0.00215154
1.03835 0.00215188
1.03838 0.00215218
1.0384 0.00215243
1.03842 0.00215266
1.03845 0.00215592
1.03847 0.00215876
1.0385 0.00216126
1.03852 0.00216344
1.03855 0.00216535
1.03857 0.00216702
1.0386 0.00216848
1.03862 0.00216976
1.03864 0.00217088
1.03867 0.00217186
1.03869 0.00217272
1.03872 0.00217347
1.03874 0.00217412
1.03877 0.0021747
1.03879 0.0021752
1.03882 0.00217564
1.03884 0.00217602
1.03886 0.00217636
1.03889 0.00217665
1.03891 0.00217691
1.03894 0.00217714
1.03896 0.00217733
1.03899 0.00217751
1.03901 0.00217766
1.03904 0.00217779
1.03906 0.00217791
1.03909 0.00217801
1.03911 0.0021781
1.03913 0.00217817
1.03916 0.00217824
1.03918 0.0021783
1.03921 0.00217835
1.03923 0.0021784
1.03926 0.00217844
1.03928 0.00217847
1.03931 0.0021785
1.03933 0.00217853
1.03935 0.00217855
1.03938 0.00217857
1.0394 0.00217859
1.03943 0.00217861
1.03945 0.00217862
1.03948 0.00217863
1.0395 0.00217864
1.03953 0.00217865
1.03955 0.00217866
1.03957 0.00217867
1.0396 0.00217867
1.03962 0.00217868
1.03965 0.00217868
1.03967 0.00217869
1.0397 0.00217869
1.03972 0.00217869
1.03975 0.0021787
1.03977 0.0021787
1.03979 0.0021787
1.03982 0.0021787
1.03984 0.0021787
1.03987 0.00217871
1.03989 0.00217871
1.03992 0.00217871
1.03994 0.00217871
1.03997 0.00217871
1.03999 0.00217871
1.04002 0.00217871
1.04004 0.00217871
1.1022 0.00218213
1.10222 0.00218513
1.10225 0.00218775
1.10227 0.00219004
1.1023 0.00219204
1.10232 0.0021938
1.10234 0.00219533
1.10237 0.00219667
1.10239 0.00219785
1.10242 0.00219888
1.10244 0.00219978
1.10247 0.00220056
1.10249 0.00220125
1.10252 0.00220186
1.10254 0.00220238
1.10256 0.00220285
1.10259 0.00220325
1.10261 0.0022036
1.10264 0.00220391
1.10266 0.00220418
1.10269 0.00220442
1.10271 0.00220463
1.10274 0.00220481
1.10276 0.00220497
1.10278 0.00220511
1.10281 0.00220523
1.10283 0.00220533
1.10286 0.00220543
1.10288 0.00220551
1.10291 0.00220558
1.10293 0.00220564
1.10296 0.0022057
1.10298 0.00220574
1.10301 0.00220579
1.10303 0.00220582
1.10305 0.00220585
1.10308 0.00220588
1.1031 0.00220591
1.10313 0.00220593
1.10315 0.00220594
1.10318 0.00220596
1.1032 0.00220597
1.10323 0.00220599
1.10325 0.002206
1.10327 0.00220601
1.1033 0.00220602
1.10332 0.00220602
1.10335 0.00220603
1.10337 0.00220604
1.1034 0.00220604
1.10342 0.00220605
1.10345 0.00220605
1.10347 0.00220605
1.10349 0.00220606
1.10352 0.00220606
1.10354 0.00220606
1.10357 0.00220606
1.10359 0.00220607
1.10362 0.00220607
1.10364 0.00220607
1.10367 0.00220607
1.10369 0.00220607
1.10372 0.00220607
1.10374 0.00220607
1.10376 0.00220607
1.10379 0.00220607
1.10438 0.00220265
1.1044 0.00219966
1.10443 0.00219704
1.10445 0.00219475
1.10447 0.00219275
1.1045 0.00219099
1.10452 0.00218946
1.10455 0.00218812
1.10457 0.00218694
1.1046 0.00218591
1.10462 0.00218501
1.10465 0.00218423
1.10467 0.00218354
1.10469 0.00218293
1.10472 0.00218241
1.10474 0.00218195
1.10477 0.00218154
1.10479 0.00218119
1.10482 0.00218088
1.10484 0.00218061
1.10487 0.00218037
1.10489 0.00218017
1.10491 0.00217998
1.10494 0.00217983
1.10496 0.00217969
1.10499 0.00217957
1.10501 0.00217946
1.10504 0.00217937
1.10506 0.00217929
1.10509 0.00217921
1.10511 0.00217915
1.10513 0.0021791
1.10516 0.00217905
1.10518 0.00217901
1.10521 0.00217897
1.10523 0.00217894
1.10526 0.00217891
1.10528 0.00217889
1.10531 0.00217887
1.10533 0.00217885
1.10536 0.00217883
1.10538 0.00217882
1.1054 0.0021788
1.10543 0.00217879
1.10545 0.00217878
1.10548 0.00217878
1.1055 0.00217877
1.10553 0.00217876
1.10555 0.00217876
1.10558 0.00217875
1.1056 0.00217875
1.10562 0.00217874
1.10565 0.00217874
1.10567 0.00217874
1.1057 0.00217873
1.10572 0.00217873
1.10575 0.00217873
1.10577 0.00217873
1.1058 0.00217873
1.10582 0.00217873
1.10584 0.00217872
1.10587 0.00217872
1.10589 0.00217872
1.10592 0.00217872
1.10594 0.00217872
1.10597 0.00217872
1.3022 0.00218214
1.30223 0.00218513
1.30225 0.00218775
1.30228 0.00219004
1.3023 0.00219205
1.30232 0.0021938
1.30235 0.00219533
1.30237 0.00219668
1.3024 0.00219785
1.30242 0.00219888
1.30245 0.00219978
1.30247 0.00220057
1.3025 0.00220126
1.30252 0.00220186
1.30254 0.00220239
1.30257 0.00220285
1.30259 0.00220325
1.30262 0.0022036
1.30264 0.00220391
1.30267 0.00220418
1.30269 0.00220442
1.30272 0.00220463
1.30274 0.00220481
1.30276 0.00220497
1.30279 0.00220511
1.30281 0.00220523
1.30284 0.00220533
1.30286 0.00220543
1.30289 0.00220551
1.30291 0.00220558
1.30294 0.00220564
1.30296 0.0022057
1.30299 0.00220574
1.30301 0.00220579
1.30303 0.00220582
1.30306 0.00220585
1.30308 0.00220588
1.30311 0.00220591
1.30313 0.00220593
1.30316 0.00220594
1.30318 0.00220596
1.30321 0.00220597
1.30323 0.00220599
1.30325 0.002206
1.30328 0.00220601
1.3033 0.00220602
1.30333 0.00220602
1.30335 0.00220603
1.30338 0.00220604
1.3034 0.00220604
1.30343 0.00220605
1.30345 0.00220605
1.30347 0.00220605
1.3035 0.00220606
1.30352 0.00220606
1.30355 0.00220606
1.30357 0.00220606
1.3036 0.00220607
1.30362 0.00220607
1.30365 0.00220607
1.30367 0.00220607
1.3037 0.00220607
1.30372 0.00220607
1.30374 0.00220607
1.30377 0.00220607
1.30379 0.00220607
1.30438 0.00220265
1.30441 0.00219966
1.30443 0.00219704
1.30445 0.00219475
1.30448 0.00219275
1.3045 0.00219099
1.30453 0.00218946
1.30455 0.00218812
1.30458 0.00218694
1.3046 0.00218591
1.30463 0.00218501
1.30465 0.00218423
1.30467 0.00218354
1.3047 0.00218293
1.30472 0.00218241
1.30475 0.00218195
1.30477 0.00218154
1.3048 0.00218119
1.30482 0.00218088
1.30485 0.00218061
1.30487 0.00218037
1.30489 0.00218017
1.30492 0.00217998
1.30494 0.00217983
1.30497 0.00217969
1.30499 0.00217957
1.30502 0.00217946
1.30504 0.00217937
1.30507 0.00217929
1.30509 0.00217921
1.30511 0.00217915
1.30514 0.0021791
1.30516 0.00217905
1.30519 0.00217901
1.30521 0.00217897
1.30524 0.00217894
1.30526 0.00217891
1.30529 0.00217889
1.30531 0.00217887
1.30534 0.00217885
1.30536 0.00217883
1.30538 0.00217882
1.30541 0.0021788
1.30543 0.00217879
1.30546 0.00217878
1.30548 0.00217878
1.30551 0.00217877
1.30553 0.00217876
1.30556 0.00217876
1.30558 0.00217875
1.3056 0.00217875
1.30563 0.00217874
1.30565 0.00217874
1.30568 0.00217874
1.3057 0.00217873
1.30573 0.00217873
1.30575 0.00217873
1.30578 0.00217873
1.3058 0.00217873
1.30582 0.00217873
1.30585 0.00217872
1.30587 0.00217872
1.3059 0.00217872
1.30592 0.00217872
1.30595 0.00217872
1.30597 0.00217872
2.00216 0.00217875
2.0022 0.00218109
2.00223 0.00218313
2.00225 0.00218492
2.00228 0.00218649
2.0023 0.00218785
2.00232 0.00218905
2.00235 0.0021901
2.00237 0.00219102
2.0024 0.00219182
2.00242 0.00219252
2.00245 0.00219314
2.00247 0.00219367
2.0025 0.00219414
2.00252 0.00219455
2.00254 0.00219491
2.00257 0.00219523
2.00259 0.00219551
2.00262 0.00219575
2.00264 0.00219596
2.00267 0.00219614
2.00269 0.0021963
2.00272 0.00219645
2.00274 0.00219657
2.00276 0.00219668
2.00279 0.00219677
2.00281 0.00219686
2.00284 0.00219693
2.00286 0.00219699
2.00289 0.00219705
2.00291 0.0021971
2.00294 0.00219714
2.00296 0.00219718
2.00299 0.00219721
2.00301 0.00219724
2.00303 0.00219726
2.00306 0.00219728
2.00308 0.0021973
2.00311 0.00219732
2.00313 0.00219733
2.00316 0.00219735
2.00318 0.00219736
2.00321 0.00219737
2.00323 0.00219738
2.00325 0.00219738
2.00328 0.00219739
2.0033 0.0021974
2.00333 0.0021974
2.00335 0.00219741
2.00338 0.00219741
2.0034 0.00219741
2.00343 0.00219742
2.00345 0.00219742
2.00347 0.00219742
2.0035 0.00219742
2.00352 0.00219742
2.00355 0.00219743
2.00357 0.00219743
2.0036 0.00219743
2.00362 0.00219743
2.00365 0.00219743
2.00367 0.00219743
2.00369 0.00219743
2.00372 0.00219743
2.00884 0.00217367
2.00887 0.00215747
2.0089 0.00214636
2.00892 0.00213969
2.00894 0.00213539
2.00896 0.00213469
2.00897 0.0021356
2.009 0.00213946
2.00902 0.0021459
2.00903 0.00215306
2.00906 0.00216239
2.00907 0.00217208
2.0091 0.00218362
2.00912 0.00219677
2.00913 0.00220982
2.00916 0.00222429
2.00917 0.00223848
2.00919 0.00225396
2.00922 0.00227056
2.00923 0.00228662
2.00925 0.00230374
2.00927 0.00232024
2.00929 0.00233774
2.00932 0.00235611
2.00933 0.00237372
2.00935 0.00239218
2.00936 0.00240987
2.00939 0.0024284
2.00941 0.00244768
2.00943 0.00246608
2.00945 0.00248524
2.00946 0.00250354
2.00949 0.0025226
2.00951 0.00254235
2.00952 0.00256115
2.00955 0.00258067
2.00956 0.00259927
2.00958 0.00261861
2.00961 0.0026386
2.00962 0.00265761
2.00965 0.00267731
2.00966 0.00269608
2.00968 0.00271556
2.00971 0.00273566
2.00972 0.00275478
2.00974 0.00277458
2.00976 0.00279342
2.00978 0.00281298
2.00981 0.00283314
2.00982 0.00285232
2.00984 0.00287216
2.00985 0.00289105
2.00988 0.00291064
2.0099 0.00293084
2.00992 0.00295004
2.00994 0.00296991
2.00996 0.00299035
2.00999 0.00301129
2.01001 0.00303268
2.01004 0.00305446
2.01084 0.0029235
2.01087 0.00280739
2.01089 0.00270579
2.01092 0.00261689
2.01093 0.0025391
2.01096 0.00247104
2.01097 0.00241148
2.01099 0.00235937
2.01102 0.00231377
2.01103 0.00227387
2.01105 0.00223896
2.01107 0.00220842
2.01109 0.00218169
2.01111 0.0021583
2.01113 0.00213784
2.01115 0.00211993
2.01116 0.00210426
2.0112 0.00209216
2.01124 0.0020831
2.01125 0.00207517
2.01127 0.00206823
2.01129 0.00206216
2.01131 0.00205685
2.01134 0.00205221
2.01135 0.00204814
2.01137 0.00204458
2.01138 0.00204147
2.01141 0.00203874
2.01143 0.00203636
2.01145 0.00203427
2.01147 0.00203245
2.01148 0.00203085
2.01151 0.00202946
2.01153 0.00202823
2.01154 0.00202716
2.01157 0.00202623
2.01158 0.00202541
2.0116 0.00202469
2.01163 0.00202406
2.01164 0.00202505
2.01167 0.00202744
2.01168 0.00202799
2.01169 0.00202849
2.01171 0.00202891
2.01174 0.00202929
2.01175 0.00202962
2.01178 0.0020299
2.01179 0.00203016
2.01181 0.00203038
2.01184 0.00203057
2.01185 0.00203074
2.01187 0.00203088
2.01189 0.00203101
2.01191 0.00203113
2.01193 0.00203122
2.01195 0.00203131
2.01197 0.00203139
2.012 0.00203145
2.01202 0.00203151
2.01205 0.00203156
2.01207 0.00203161
2.01289 0.00203332
2.01291 0.00203481
2.01294 0.00203612
2.01296 0.00203727
2.01298 0.00203827
2.013 0.00203915
2.01301 0.00203992
2.01304 0.00204059
2.01306 0.00204118
2.01307 0.00204169
2.0131 0.00204214
2.01311 0.00204254
2.01314 0.00204288
2.01316 0.00204318
2.01317 0.00204345
2.0132 0.00204368
2.01321 0.00204388
2.01325 0.00204398
2.01331 0.00204713
2.01332 0.00204988
2.01334 0.00205229
2.01336 0.0020544
2.01338 0.00205625
2.0134 0.00205786
2.01342 0.00205928
2.01344 0.00206051
2.01345 0.00206159
2.01348 0.00206254
2.0135 0.00206337
2.01351 0.00206409
2.01354 0.00206473
2.01355 0.00206528
2.01358 0.00206577
2.0136 0.00206619
2.01361 0.00206656
2.01364 0.00206689
2.01365 0.00206717
2.01367 0.00206742
2.0137 0.00206764
2.01371 0.00206783
2.01373 0.002068
2.01375 0.00206814
2.01376 0.00206827
2.01378 0.00206838
2.01381 0.00206848
2.01382 0.00206857
2.01384 0.00206864
2.01386 0.00206871
2.01388 0.00206876
2.01391 0.00206881
2.01392 0.00206886
2.01394 0.0020689
2.01396 0.00206893
2.01398 0.00206896
2.014 0.00206898
2.01402 0.00206901
2.01404 0.00206903
2.01407 0.00206904
2.01409 0.00206906
2.01411 0.00206907
2.01414 0.00206908
2.01496 0.00206902
2.01498 0.00207202
2.015 0.00207312
2.01502 0.00207408
2.01504 0.00207492
2.01506 0.00207565
2.01508 0.0020763
2.01509 0.00207686
2.01512 0.00207735
2.01514 0.00207778
2.01515 0.00207816
2.01518 0.00207849
2.01519 0.00207878
2.01522 0.00207903
2.01524 0.00207925
2.01525 0.00207944
2.01528 0.00207961
2.01529 0.00207976
2.01533 0.00207989
2.01541 0.00208306
2.01544 0.00208737
2.01547 0.00209267
2.01549 0.0020973
2.01551 0.00210136
2.01553 0.00210491
2.01555 0.00210802
2.01557 0.00211073
2.01558 0.00211311
2.01561 0.00211519
2.01563 0.00211701
2.01564 0.00211861
2.01567 0.00212
2.01568 0.00212122
2.01571 0.00212229
2.01573 0.00212322
2.01574 0.00212404
2.01577 0.00212475
2.01578 0.00212538
2.0158 0.00212592
2.01583 0.0021264
2.01584 0.00212682
2.01586 0.00212719
2.01588 0.00212751
2.01589 0.00212779
2.01591 0.00212804
2.01594 0.00212825
2.01595 0.00212844
2.01597 0.0021286
2.01599 0.00212875
2.01601 0.00212888
2.01604 0.00212898
2.01605 0.00212908
2.01607 0.00212917
2.01608 0.00212924
2.01611 0.0021293
2.01613 0.00212936
2.01615 0.00212941
2.01617 0.00212945
2.0162 0.00212949
2.01622 0.00212952
2.01624 0.00212955
2.01627 0.00212958
2.01709 0.0021296
2.01711 0.00212962
2.01713 0.00212964
2.01715 0.00212965
2.01717 0.00212967
2.01719 0.00212968
2.01721 0.00212969
2.01722 0.0021297
2.01725 0.0021297
2.01727 0.00212971
2.01728 0.00212972
2.01731 0.00212972
2.01732 0.00212972
2.01735 0.00212973
2.01737 0.00212973
2.01738 0.00212973
2.01741 0.00212974
2.01742 0.00212974
2.01746 0.00212974
2.01748 0.0021328
2.01753 0.00213083
2.01754 0.00212757
2.01757 0.00212319
2.01758 0.00211935
2.0176 0.00211599
2.01763 0.00211306
2.01764 0.00211049
2.01766 0.00210824
2.01768 0.00210627
2.0177 0.00210455
2.01772 0.00210305
2.01774 0.00210173
2.01776 0.00210058
2.01777 0.00209957
2.0178 0.00209869
2.01782 0.00209791
2.01783 0.00209724
2.01786 0.00209665
2.01787 0.00209613
2.0179 0.00209568
2.01792 0.00209528
2.01793 0.00209493
2.01796 0.00209463
2.01797 0.00209437
2.01798 0.00209413
2.01801 0.00209393
2.01803 0.00209375
2.01804 0.0020936
2.01807 0.00209346
2.01808 0.00209334
2.0181 0.00209324
2.01813 0.00209315
2.01814 0.00209307
2.01817 0.002093
2.01818 0.00209294
2.0182 0.00209288
2.01823 0.00209284
2.01824 0.0020928
2.01826 0.00209276
2.01829 0.00209273
2.01831 0.0020927
2.01834 0.00209268
2.01836 0.00209266
2.01912 0.00208466
2.01914 0.00207766
2.01915 0.00207154
2.01918 0.00206618
2.0192 0.00206149
2.01922 0.00205739
2.01924 0.0020538
2.01925 0.00205066
2.01928 0.00204791
2.0193 0.0020455
2.01931 0.0020434
2.01934 0.00204156
2.01935 0.00203995
2.01937 0.00203854
2.0194 0.0020373
2.01941 0.00203622
2.01944 0.00203528
2.01945 0.00203445
2.01947 0.0020322
2.01948 0.0020287
2.01951 0.00202272
2.01952 0.00201748
2.01955 0.0020129
2.01956 0.0020089
2.01958 0.00200539
2.01961 0.00200232
2.01962 0.00199964
2.01964 0.00199729
2.01966 0.00199523
2.01968 0.00199343
2.01971 0.00199186
2.01972 0.00199048
2.01974 0.00198928
2.01975 0.00198822
2.01978 0.0019873
2.0198 0.0019865
2.01982 0.00198579
2.01984 0.00198517
2.01985 0.00198463
2.01988 0.00198416
2.0199 0.00198374
2.01991 0.00198338
2.01994 0.00198306
2.01995 0.00198279
2.01996 0.00198254
2.01999 0.00198233
2.02001 0.00198215
2.02002 0.00198198
2.02005 0.00198184
2.02006 0.00198172
2.02008 0.00198161
2.02011 0.00198151
2.02012 0.00198143
2.02015 0.00198136
2.02016 0.00198282
2.02018 0.00198563
2.02019 0.00198657
2.02022 0.00198738
2.02023 0.00198809
2.02026 0.00198872
2.02028 0.00198926
2.02031 0.00198974
2.02033 0.00199016
2.02035 0.00199053
2.02099 0.00197626
2.02102 0.00196377
2.02103 0.00195284
2.02105 0.00194328
2.02108 0.00193492
2.02109 0.0019276
2.02112 0.0019212
2.02113 0.00191559
2.02115 0.00191069
2.02118 0.0019064
2.02119 0.00190264
2.02121 0.00189936
2.02123 0.00189648
2.02125 0.00189397
2.02128 0.00189177
2.02129 0.00188984
2.02131 0.00188816
2.02132 0.00188668
2.02135 0.00188539
2.02136 0.00188426
2.02139 0.0018832
2.0214 0.00188227
2.02142 0.00188146
2.02143 0.00188074
2.02146 0.00188012
2.02148 0.00187958
2.0215 0.0018791
2.02152 0.00187868
2.02153 0.00187831
2.02156 0.00187799
2.02158 0.00187771
2.02159 0.00187747
2.02162 0.00187726
2.02163 0.00187707
2.02165 0.0018769
2.02168 0.00187676
2.02169 0.00187663
2.02172 0.00187652
2.02173 0.00187643
2.02175 0.00187634
2.02178 0.00187627
2.02179 0.00187621
2.02181 0.00187615
2.02183 0.0018761
2.02184 0.00187606
2.02186 0.00187602
2.02189 0.00187599
2.0219 0.00187596
2.02192 0.00187593
2.02194 0.00187591
2.02196 0.00187589
2.02199 0.00187588
2.022 0.00187586
2.02202 0.00187585
2.02203 0.00187584
2.02206 0.00187583
2.02207 0.00187582
2.0221 0.00187581
2.02211 0.0018758
2.02213 0.0018758
2.02216 0.00187579
2.02218 0.00187579
2.02221 0.00187578
2.02223 0.00187578
2.02287 0.0018754
2.02289 0.00187812
2.0229 0.00187898
2.02292 0.00187972
2.02294 0.00188038
2.02296 0.00188095
2.02298 0.00188145
2.023 0.00188189
2.02301 0.00188227
2.02304 0.00188261
2.02306 0.0018829
2.02307 0.00188316
2.0231 0.00188338
2.02311 0.00188358
2.02314 0.00188375
2.02316 0.0018839
2.02317 0.00188404
2.0232 0.00188415
2.02321 0.00188425
2.02323 0.00188434
2.02325 0.00188442
2.02327 0.00188448
2.02328 0.00188454
2.02331 0.00188459
2.02332 0.00188464
2.02334 0.00188468
2.02337 0.00188471
2.02338 0.00188474
2.0234 0.00188477
2.02342 0.00188479
2.02344 0.00188481
2.02347 0.00188483
2.02348 0.00188485
2.0235 0.00188486
2.02352 0.00188487
2.02354 0.00188488
2.02356 0.00188489
2.02358 0.0018849
2.0236 0.00188491
2.02361 0.00188491
2.02364 0.00188492
2.02366 0.00188492
2.02367 0.00188493
2.0237 0.00188493
2.02371 0.00188493
2.02372 0.00188494
2.02375 0.00188494
2.02377 0.00188494
2.02378 0.00188494
2.02381 0.00188495
2.02382 0.00188495
2.02385 0.00188495
2.02387 0.00188495
2.02388 0.00188495
2.02391 0.00188495
2.02392 0.00188495
2.02394 0.00188495
2.02575 0.00188801
2.02577 0.00188916
2.02578 0.00189017
2.0258 0.00189104
2.02582 0.00189181
2.02584 0.00189249
2.02585 0.00189307
2.02588 0.00189359
2.02589 0.00189404
2.02591 0.00189443
2.02594 0.00189478
2.02596 0.00189508
2.02599 0.00189535
2.02601 0.00189558
2.02665 0.00189578
2.02667 0.00189596
2.02669 0.00189611
2.0267 0.00189625
2.02672 0.00189637
2.02675 0.00189647
2.02676 0.00189656
2.02678 0.00189664
2.0268 0.00189671
2.02682 0.00189677
2.02684 0.00189682
2.02686 0.00189687
2.02688 0.00189691
2.02689 0.00189695
2.02692 0.00189698
2.02694 0.00189701
2.02695 0.00189703
2.02698 0.00189705
2.02699 0.00189707
2.02702 0.00189708
2.02703 0.0018971
2.02705 0.00189711
2.02706 0.00189712
2.02709 0.00189713
2.0271 0.00189714
2.02713 0.00189715
2.02715 0.00189715
2.02716 0.00189716
2.02719 0.00189716
2.0272 0.00189717
2.02722 0.00189717
2.02725 0.00189717
2.02726 0.00189718
2.02728 0.00189718
2.0273 0.00189718
2.02732 0.00189718
2.02735 0.00189719
2.02736 0.00189719
2.02738 0.00189719
2.0274 0.00189719
2.02742 0.00189719
2.02744 0.00189719
2.02746 0.00189719
2.02748 0.00189719
2.02749 0.00189719
2.02862 0.00190025
2.02863 0.0019014
2.02866 0.00190241
2.02867 0.00190328
2.02869 0.00190405
2.0287 0.00190473
2.02873 0.00190531
2.02875 0.00190583
2.02877 0.00190628
2.02879 0.00190668
2.0288 0.00190702
2.02883 0.00190732
2.02885 0.00190759
2.02886 0.00190782
2.02889 0.00190802
2.0289 0.0019082
2.02893 0.00190835
2.02894 0.00190849
2.02896 0.00190861
2.02897 0.00190871
2.029 0.0019088
2.02901 0.00190888
2.02904 0.00190895
2.02906 0.00190901
2.02907 0.00190906
2.0291 0.00190911
2.02911 0.00190915
2.02913 0.00190919
2.02916 0.00190922
2.02917 0.00190925
2.02919 0.00190927
2.02921 0.00190929
2.02923 0.00190931
2.02926 0.00190932
2.02927 0.00190934
2.02929 0.00190935
2.0293 0.00190936
2.02933 0.00190937
2.02935 0.00190938
2.02937 0.00190939
2.02939 0.00190939
2.0294 0.0019094
2.02941 0.0019094
2.02944 0.00190941
2.02946 0.00190941
2.02948 0.00190941
2.0295 0.00190942
2.02951 0.00190942
2.02954 0.00190942
2.02956 0.00190942
2.02957 0.00190942
2.02959 0.00190943
2.02961 0.00190943
2.02962 0.00190943
2.02965 0.00190943
2.02966 0.00190943
2.02968 0.00190943
2.0297 0.00190943
2.02972 0.00190943
2.03148 0.00191096
2.0315 0.0019123
2.03152 0.001915
2.03153 0.00191584
2.03154 0.00191657
2.03157 0.00191721
2.03158 0.00191777
2.03161 0.00191826
2.03162 0.00191868
2.03164 0.00191906
2.03167 0.00191938
2.03169 0.00191967
2.03172 0.00191992
2.03174 0.00192014
2.03238 0.00192033
2.0324 0.0019205
2.03241 0.00192065
2.03243 0.00192078
2.03245 0.00192089
2.03246 0.00192099
2.03249 0.00192107
2.0325 0.00192115
2.03252 0.00192121
2.03254 0.00192127
2.03256 0.00192132
2.03258 0.00192137
2.0326 0.00192141
2.03262 0.00192144
2.03263 0.00192147
2.03266 0.0019215
2.03268 0.00192152
2.0327 0.00192154
2.03272 0.00192156
2.03273 0.00192157
2.03276 0.00192158
2.03277 0.0019216
2.03279 0.00192161
2.03281 0.00192161
2.03283 0.00192162
2.03284 0.00192163
2.03287 0.00192164
2.03289 0.00192164
2.0329 0.00192165
2.03293 0.00192165
2.03294 0.00192165
2.03296 0.00192165
2.03299 0.00192166
2.033 0.00192166
2.03303 0.00192166
2.03304 0.00192166
2.03306 0.00192167
2.03309 0.00192167
2.0331 0.00192167
2.03312 0.00192167
2.03314 0.00192167
2.03316 0.00192167
2.03318 0.00192167
2.0332 0.00192167
2.03434 0.0019232
2.03435 0.00192454
2.03437 0.00192724
2.03438 0.00192808
2.0344 0.00192881
2.03442 0.00192945
2.03443 0.00193001
2.03446 0.00193049
2.03447 0.00193092
2.03449 0.0019313
2.03452 0.00193162
2.03453 0.00193191
2.03456 0.00193216
2.03457 0.00193238
2.03459 0.00193257
2.03462 0.00193274
2.03463 0.00193289
2.03465 0.00193302
2.03467 0.00193313
2.03469 0.00193323
2.0347 0.00193331
2.03473 0.00193339
2.03474 0.00193345
2.03476 0.00193351
2.03478 0.00193356
2.0348 0.00193361
2.03482 0.00193365
2.03484 0.00193368
2.03486 0.00193371
2.03487 0.00193374
2.0349 0.00193376
2.03492 0.00193378
2.03493 0.0019338
2.03496 0.00193381
2.03497 0.00193382
2.035 0.00193384
2.03502 0.00193385
2.03503 0.00193385
2.03506 0.00193386
2.03507 0.00193387
2.03509 0.00193388
2.03512 0.00193388
2.03513 0.00193388
2.03516 0.00193389
2.03517 0.00193389
2.03518 0.00193389
2.0352 0.0019339
2.03523 0.0019339
2.03524 0.0019339
2.03527 0.0019339
2.03528 0.00193391
2.0353 0.00193391
2.03533 0.00193391
2.03534 0.00193391
2.03535 0.00193391
2.03538 0.00193391
2.03539 0.00193391
2.0354 0.00193391
2.03721 0.00193544
2.03724 0.00193831
2.03725 0.00193929
2.03727 0.00194015
2.03729 0.0019409
2.0373 0.00194156
2.03732 0.00194213
2.03733 0.00194264
2.03735 0.00194308
2.03737 0.00194346
2.03738 0.0019438
2.03741 0.00194409
2.03742 0.00194435
2.03744 0.00194458
2.03747 0.00194477
2.03749 0.00194495
2.03752 0.0019451
2.03754 0.00194523
2.03818 0.00194535
2.0382 0.00194545
2.03822 0.00194554
2.03823 0.00194561
2.03825 0.00194568
2.03826 0.00194574
2.03828 0.00194579
2.0383 0.00194584
2.03831 0.00194588
2.03834 0.00194591
2.03835 0.00194594
2.03837 0.00194597
2.0384 0.00194599
2.03841 0.00194601
2.03844 0.00194603
2.03845 0.00194605
2.03847 0.00194606
2.0385 0.00194607
2.03851 0.00194608
2.03853 0.00194609
2.03855 0.0019461
2.03857 0.00194611
2.03858 0.00194611
2.03861 0.00194612
2.03862 0.00194612
2.03864 0.00194613
2.03866 0.00194613
2.03868 0.00194613
2.0387 0.00194614
2.03872 0.00194614
2.03874 0.00194614
2.03875 0.00194614
2.03878 0.00194615
2.0388 0.00194615
2.03882 0.00194615
2.03884 0.00194615
2.03885 0.00194615
2.03888 0.00194615
2.0389 0.00194615
2.03891 0.00194615
2.03894 0.00194615
2.04015 0.00194921
2.04016 0.00195036
2.04017 0.00195137
2.04019 0.00195224
2.04021 0.00195301
2.04022 0.00195369
2.04023 0.00195428
2.04026 0.00195479
2.04027 0.00195524
2.0403 0.00195563
2.04031 0.00195598
2.04033 0.00195628
2.04036 0.00195655
2.04037 0.00195678
2.04039 0.00195698
2.04041 0.00195716
2.04043 0.00195731
2.04046 0.00195745
2.04047 0.00195757
2.04049 0.00195767
2.0405 0.00195776
2.04053 0.00195784
2.04054 0.00195791
2.04057 0.00195797
2.04058 0.00195802
2.0406 0.00195807
2.04061 0.00195811
2.04064 0.00195815
2.04066 0.00195818
2.04068 0.00195821
2.0407 0.00195823
2.04071 0.00195825
2.04074 0.00195827
2.04076 0.00195829
2.04077 0.0019583
2.0408 0.00195831
2.04081 0.00195832
2.04083 0.00195833
2.04086 0.00195834
2.04087 0.00195835
2.0409 0.00195835
2.04091 0.00195836
2.04093 0.00195836
2.04096 0.00195837
2.04097 0.00195837
2.04099 0.00195837
2.04101 0.00195838
2.04102 0.00195838
2.04104 0.00195838
2.04107 0.00195838
2.04108 0.00195838
2.0411 0.00195839
2.04112 0.00195839
2.04114 0.00195839
2.04115 0.00195839
2.04118 0.00195839
2.04119 0.00195839
2.0412 0.00195839
2.04123 0.00195839
2.04293 0.00195992
2.04295 0.00196279
2.04296 0.00196377
2.04298 0.00196463
2.04299 0.00196538
2.04301 0.00196604
2.04304 0.00196661
2.04305 0.00196712
2.04307 0.00196756
2.04309 0.00196794
2.04311 0.00196828
2.04312 0.00196857
2.04315 0.00196883
2.04316 0.00196906
2.04317 0.00196926
2.0432 0.00196943
2.04321 0.00196958
2.04322 0.00196971
2.04325 0.00196983
2.04326 0.00196993
2.04328 0.00197002
2.04329 0.00197009
2.04332 0.00197016
2.04334 0.00197022
2.04337 0.00197027
2.04339 0.00197032
2.04342 0.00197036
2.04405 0.00197039
2.04408 0.00197042
2.04409 0.00197045
2.0441 0.00197047
2.04411 0.00197049
2.04414 0.00197051
2.04415 0.00197053
2.04416 0.00197054
2.04419 0.00197055
2.0442 0.00197056
2.04423 0.00197057
2.04424 0.00197058
2.04426 0.00197059
2.04429 0.00197059
2.0443 0.0019706
2.04432 0.0019706
2.04434 0.00197061
2.04436 0.00197061
2.04438 0.00197061
2.0444 0.00197062
2.04442 0.00197062
2.04443 0.00197062
2.04446 0.00197062
2.04447 0.00197063
2.04449 0.00197063
2.04451 0.00197063
2.04453 0.00197063
2.04454 0.00197063
2.04457 0.00197063
2.04459 0.00197063
2.0446 0.00197063
2.04463 0.00197063
2.04605 0.00197369
2.04606 0.00197484
2.04607 0.00197584
2.04609 0.00197672
2.0461 0.00197749
2.04612 0.00197817
2.04613 0.00197876
2.04615 0.00197927
2.04617 0.00197972
2.04618 0.00198012
2.04621 0.00198046
2.04622 0.00198076
2.04624 0.00198103
2.04627 0.00198126
2.04628 0.00198146
2.04631 0.00198164
2.04632 0.00198179
2.04634 0.00198193
2.04637 0.00198205
2.04638 0.00198215
2.0464 0.00198224
2.04642 0.00198232
2.04644 0.00198239
2.04645 0.00198245
2.04648 0.0019825
2.04649 0.00198255
2.04651 0.00198259
2.04653 0.00198263
2.04655 0.00198266
2.04658 0.00198269
2.04659 0.00198271
2.04661 0.00198273
2.04662 0.00198275
2.04665 0.00198277
2.04667 0.00198278
2.04669 0.00198279
2.04671 0.0019828
2.04672 0.00198281
2.04675 0.00198282
2.04677 0.00198283
2.04678 0.00198283
2.04681 0.00198284
2.04682 0.00198284
2.04684 0.00198285
2.04687 0.00198285
2.04688 0.00198285
2.04691 0.00198286
2.04692 0.00198286
2.04693 0.00198286
2.04694 0.00198286
2.04697 0.00198286
2.04699 0.00198287
2.047 0.00198287
2.04703 0.00198287
2.04704 0.00198287
2.04706 0.00198287
2.04708 0.00198287
2.0471 0.00198287
2.04711 0.00198287
2.04867 0.0019844
2.04869 0.00198727
2.0487 0.00198825
2.04872 0.00198911
2.04874 0.00198986
2.04877 0.00199052
2.04878 0.00199109
2.0488 0.0019916
2.04882 0.00199204
2.04884 0.00199242
2.04886 0.00199276
2.04888 0.00199305
2.0489 0.00199331
2.04891 0.00199354
2.04893 0.00199373
2.04894 0.00199391
2.04896 0.00199406
2.04899 0.00199419
2.049 0.00199431
2.04902 0.00199441
2.04904 0.0019945
2.04906 0.00199457
2.04907 0.00199464
2.0491 0.0019947
2.04911 0.00199475
2.04912 0.0019948
2.04915 0.00199484
2.04916 0.00199487
2.04917 0.0019949
2.04919 0.00199493
2.04921 0.00199495
2.04923 0.00199497
2.04924 0.00199499
2.04927 0.00199501
2.04929 0.00199502
2.04932 0.00199503
2.04934 0.00199504
2.04937 0.00199505
2.05 0.00199506
2.05003 0.00199507
2.05004 0.00199507
2.05005 0.00199508
2.05006 0.00199508
2.05008 0.00199509
2.0501 0.00199509
2.05011 0.00199509
2.05012 0.0019951
2.05015 0.0019951
2.05016 0.0019951
2.05019 0.0019951
2.0502 0.00199511
2.05022 0.00199511
2.05025 0.00199511
2.05026 0.00199511
2.05028 0.00199511
2.0503 0.00199511
2.05032 0.00199511
2.05035 0.00199511
2.05036 0.00199511
2.05202 0.00199817
2.05203 0.00199932
2.05205 0.00200032
2.05206 0.0020012
2.05207 0.00200197
2.05208 0.00200265
2.05211 0.00200323
2.05212 0.00200375
2.05213 0.0020042
2.05216 0.0020046
2.05217 0.00200494
2.05219 0.00200524
2.05221 0.00200551
2.05223 0.00200574
2.05225 0.00200594
2.05227 0.00200612
2.05229 0.00200627
2.0523 0.00200641
2.05233 0.00200653
2.05235 0.00200663
2.05236 0.00200672
2.05239 0.0020068
2.0524 0.00200687
2.05243 0.00200693
2.05244 0.00200698
2.05246 0.00200703
2.05247 0.00200707
2.0525 0.00200711
2.05251 0.00200714
2.05254 0.00200717
2.05256 0.00200719
2.05257 0.00200721
2.0526 0.00200723
2.05261 0.00200724
2.05263 0.00200726
2.05266 0.00200727
2.05267 0.00200728
2.0527 0.00200729
2.05271 0.0020073
2.05272 0.00200731
2.05274 0.00200731
2.05277 0.00200732
2.05278 0.00200732
2.05281 0.00200733
2.05282 0.00200733
2.05284 0.00200733
2.05287 0.00200734
2.05288 0.00200734
2.0529 0.00200734
2.05292 0.00200734
2.05293 0.00200734
2.05294 0.00200735
2.05296 0.00200735
2.05299 0.00200735
2.053 0.00200735
2.05303 0.00200735
2.05304 0.00200735
2.05306 0.00200735
2.05307 0.00200735
2.05441 0.00200888
2.05443 0.00201175
2.05445 0.00201273
2.05446 0.00201359
2.05448 0.00201434
2.05449 0.002015
2.05452 0.00201557
2.05453 0.00201608
2.05456 0.00201652
2.05458 0.0020169
2.05459 0.00201724
2.05462 0.00201753
2.05463 0.00201779
2.05465 0.00201802
2.05468 0.00201821
2.05469 0.00201839
2.05471 0.00201854
2.05473 0.00201867
2.05474 0.00201879
2.05476 0.00201889
2.05479 0.00201898
2.0548 0.00201905
2.05482 0.00201912
2.05484 0.00201918
2.05486 0.00201923
2.05489 0.00201928
2.0549 0.00201932
2.05492 0.00201935
2.05494 0.00201938
2.05495 0.00201941
2.05496 0.00201943
2.05498 0.00201945
2.05501 0.00201947
2.05502 0.00201949
2.05505 0.0020195
2.05506 0.00201951
2.05508 0.00201952
2.05509 0.00201953
2.05512 0.00201954
2.05513 0.00201955
2.05514 0.00201955
2.05517 0.00201956
2.05518 0.00201956
2.05519 0.00201957
2.05522 0.00201957
2.05523 0.00201957
2.05525 0.00201958
2.05527 0.00201958
2.05529 0.00201958
2.05531 0.00201958
2.05534 0.00201958
2.05536 0.00201959
2.05539 0.00201959
2.05602 0.00201959
2.05605 0.00201959
2.05606 0.00201959
2.05607 0.00201959
2.05609 0.00201959
2.0561 0.00201959
2.05729 0.00202112
2.05731 0.00202399
2.05732 0.00202497
2.05735 0.00202583
2.05737 0.00202658
2.0574 0.00202724
2.05742 0.00202781
2.05806 0.00202832
2.05808 0.00202876
2.05809 0.00202914
2.05811 0.00202948
2.05812 0.00202977
2.05813 0.00203003
2.05814 0.00203026
2.05817 0.00203046
2.05818 0.00203063
2.05819 0.00203078
2.05822 0.00203091
2.05823 0.00203103
2.05825 0.00203113
2.05826 0.00203122
2.05829 0.00203129
2.05831 0.00203136
2.05833 0.00203142
2.05835 0.00203147
2.05836 0.00203152
2.05839 0.00203156
2.05841 0.00203159
2.05842 0.00203162
2.05845 0.00203165
2.05846 0.00203167
2.05848 0.00203169
2.0585 0.00203171
2.05851 0.00203173
2.05853 0.00203174
2.05855 0.00203175
2.05857 0.00203176
2.05858 0.00203177
2.05861 0.00203178
2.05863 0.00203179
2.05864 0.00203179
2.05867 0.0020318
2.05868 0.0020318
2.05871 0.00203181
2.05873 0.00203181
2.05874 0.00203181
2.05877 0.00203182
2.05878 0.00203182
2.05879 0.00203182
2.05882 0.00203182
2.05884 0.00203183
2.05885 0.00203183
2.05888 0.00203183
2.05889 0.00203183
2.05891 0.00203183
2.05894 0.00203183
2.05895 0.00203183
2.05897 0.00203183
2.05899 0.00203183
2.06015 0.00203336
2.06016 0.0020347
2.06017 0.00203587
2.0602 0.00203843
2.06021 0.00203914
2.06022 0.00203975
2.06024 0.00204029
2.06026 0.00204077
2.06027 0.00204118
2.0603 0.00204154
2.06031 0.00204186
2.06033 0.00204214
2.06036 0.00204238
2.06037 0.00204259
2.06039 0.00204278
2.06041 0.00204294
2.06043 0.00204308
2.06046 0.00204321
2.06047 0.00204331
2.06049 0.00204341
2.0605 0.00204349
2.06053 0.00204356
2.06054 0.00204363
2.06055 0.00204368
2.06058 0.00204373
2.06059 0.00204378
2.06061 0.00204381
2.06063 0.00204385
2.06065 0.00204388
2.06068 0.0020439
2.06069 0.00204392
2.06071 0.00204394
2.06072 0.00204396
2.06075 0.00204397
2.06077 0.00204399
2.06079 0.002044
2.06081 0.00204401
2.06082 0.00204402
2.06083 0.00204402
2.06086 0.00204403
2.06088 0.00204404
2.0609 0.00204404
2.06092 0.00204405
2.06093 0.00204405
2.06096 0.00204405
2.06098 0.00204406
2.06099 0.00204406
2.06102 0.00204406
2.06103 0.00204406
2.06104 0.00204406
2.06106 0.00204407
2.06108 0.00204407
2.0611 0.00204407
2.06112 0.00204407
2.06114 0.00204407
2.06115 0.00204407
2.06118 0.00204407
2.06119 0.00204407
2.06304 0.0020456
2.06306 0.00204847
2.06307 0.00204945
2.06309 0.00205031
2.0631 0.00205106
2.06311 0.00205172
2.06314 0.00205229
2.06316 0.0020528
2.06317 0.00205324
2.0632 0.00205362
2.06321 0.00205396
2.06323 0.00205425
2.06325 0.00205451
2.06327 0.00205474
2.06328 0.00205493
2.0633 0.00205511
2.06332 0.00205526
2.06333 0.00205539
2.06334 0.00205551
2.06337 0.00205561
2.06338 0.0020557
2.06341 0.00205577
2.06342 0.00205584
2.06344 0.0020559
2.06345 0.00205595
2.06348 0.002056
2.0635 0.00205604
2.06353 0.00205607
2.06355 0.0020561
2.06419 0.00205613
2.06421 0.00205615
2.06423 0.00205617
2.06424 0.00205619
2.06425 0.00205621
2.06426 0.00205622
2.06427 0.00205623
2.0643 0.00205624
2.06431 0.00205625
2.06432 0.00205626
2.06434 0.00205627
2.06436 0.00205627
2.06437 0.00205628
2.0644 0.00205628
2.06441 0.00205629
2.06443 0.00205629
2.06446 0.00205629
2.06447 0.0020563
2.06449 0.0020563
2.06451 0.0020563
2.06453 0.0020563
2.06456 0.00205631
2.06457 0.00205631
2.06459 0.00205631
2.0646 0.00205631
2.06463 0.00205631
2.06464 0.00205631
2.06465 0.00205631
2.06468 0.00205631
2.06469 0.00205631
2.06627 0.00205937
2.06628 0.00206052
2.06629 0.00206152
2.06631 0.0020624
2.06632 0.00206317
2.06633 0.00206385
2.06634 0.00206443
2.06637 0.00206495
2.06638 0.0020654
2.06639 0.0020658
2.0664 0.00206614
2.06643 0.00206644
2.06644 0.00206671
2.06647 0.00206694
2.06648 0.00206714
2.0665 0.00206732
2.06653 0.00206747
2.06654 0.00206761
2.06656 0.00206773
2.06658 0.00206783
2.0666 0.00206792
2.06662 0.002068
2.06664 0.00206807
2.06666 0.00206813
2.06667 0.00206818
2.0667 0.00206823
2.06671 0.00206827
2.06672 0.00206831
2.06675 0.00206834
2.06676 0.00206837
2.06678 0.00206839
2.0668 0.00206841
2.06682 0.00206843
2.06684 0.00206844
2.06686 0.00206846
2.06688 0.00206847
2.06689 0.00206848
2.06692 0.00206849
2.06694 0.0020685
2.06695 0.00206851
2.06698 0.00206851
2.06699 0.00206852
2.067 0.00206852
2.06703 0.00206853
2.06705 0.00206853
2.06706 0.00206853
2.06709 0.00206854
2.0671 0.00206854
2.06713 0.00206854
2.06715 0.00206854
2.06716 0.00206854
2.06719 0.00206855
2.0672 0.00206855
2.06721 0.00206855
2.06722 0.00206855
2.06724 0.00206855
2.06726 0.00206855
2.06729 0.00206855
2.0673 0.00206855
2.06878 0.00207008
2.06879 0.00207142
2.06882 0.00207412
2.06883 0.00207496
2.06884 0.00207569
2.06886 0.00207633
2.06888 0.00207689
2.0689 0.00207737
2.06893 0.0020778
2.06894 0.00207818
2.06896 0.0020785
2.06897 0.00207879
2.069 0.00207904
2.06902 0.00207926
2.06904 0.00207945
2.06906 0.00207962
2.06907 0.00207977
2.06908 0.0020799
2.06911 0.00208001
2.06913 0.00208011
2.06915 0.00208019
2.06917 0.00208027
2.06918 0.00208033
2.06921 0.00208039
2.06923 0.00208044
2.06924 0.00208049
2.06927 0.00208053
2.06928 0.00208056
2.06929 0.00208059
2.0693 0.00208062
2.06932 0.00208064
2.06934 0.00208066
2.06937 0.00208068
2.06938 0.00208069
2.0694 0.0020807
2.06942 0.00208072
2.06944 0.00208073
2.06945 0.00208073
2.06948 0.00208074
2.06949 0.00208075
2.0695 0.00208076
2.06953 0.00208076
2.06954 0.00208077
2.06955 0.00208077
2.06957 0.00208077
2.06959 0.00208077
2.06961 0.00208078
2.06962 0.00208078
2.06965 0.00208078
2.06966 0.00208078
2.06968 0.00208079
2.06971 0.00208079
2.06973 0.00208079
2.06976 0.00208079
2.07039 0.00208079
2.07042 0.00208079
2.07043 0.00208079
2.07044 0.00208079
2.07165 0.00208385
2.07167 0.002085
2.07168 0.00208601
2.0717 0.00208688
2.07172 0.00208765
2.07174 0.00208833
2.07175 0.00208892
2.07178 0.00208943
2.0718 0.00208988
2.07183 0.00209027
2.07185 0.00209062
2.07249 0.00209092
2.07251 0.00209119
2.07252 0.00209142
2.07254 0.00209162
2.07255 0.0020918
2.07256 0.00209195
2.07257 0.00209209
2.07259 0.00209221
2.07261 0.00209231
2.07262 0.0020924
2.07263 0.00209248
2.07265 0.00209255
2.07267 0.00209261
2.07268 0.00209266
2.07271 0.00209271
2.07272 0.00209275
2.07274 0.00209279
2.07277 0.00209282
2.07278 0.00209285
2.07281 0.00209287
2.07282 0.00209289
2.07284 0.00209291
2.07287 0.00209292
2.07288 0.00209294
2.0729 0.00209295
2.07292 0.00209296
2.07294 0.00209297
2.07295 0.00209298
2.07296 0.00209299
2.07299 0.00209299
2.073 0.002093
2.07301 0.002093
2.07304 0.00209301
2.07305 0.00209301
2.07307 0.00209301
2.0731 0.00209302
2.07311 0.00209302
2.07314 0.00209302
2.07315 0.00209302
2.07317 0.00209303
2.0732 0.00209303
2.07321 0.00209303
2.07323 0.00209303
2.07325 0.00209303
2.07326 0.00209303
2.07328 0.00209303
2.07331 0.00209303
2.07332 0.00209303
2.0746 0.00209609
2.07462 0.00209724
2.07463 0.00209824
2.07464 0.00209912
2.07465 0.00209989
2.07467 0.00210057
2.07468 0.00210115
2.07469 0.00210167
2.07471 0.00210212
2.07473 0.00210252
2.07474 0.00210286
2.07475 0.00210316
2.07478 0.00210343
2.07479 0.00210366
2.07481 0.00210386
2.07483 0.00210404
2.07485 0.00210419
2.07487 0.00210433
2.07489 0.00210445
2.07491 0.00210455
2.07492 0.00210464
2.07495 0.00210472
2.07497 0.00210479
2.07498 0.00210485
2.07501 0.0021049
2.07502 0.00210495
2.07505 0.00210499
2.07506 0.00210503
2.07507 0.00210506
2.07509 0.00210509
2.07511 0.00210511
2.07512 0.00210513
2.07514 0.00210515
2.07516 0.00210516
2.07518 0.00210518
2.0752 0.00210519
2.07522 0.0021052
2.07524 0.00210521
2.07525 0.00210522
2.07528 0.00210523
2.0753 0.00210523
2.07531 0.00210524
2.07534 0.00210524
2.07535 0.00210525
2.07536 0.00210525
2.07539 0.00210525
2.07541 0.00210526
2.07542 0.00210526
2.07545 0.00210526
2.07546 0.00210526
2.07549 0.00210526
2.07551 0.00210527
2.07552 0.00210527
2.07555 0.00210527
2.07556 0.00210527
2.07557 0.00210527
2.07558 0.00210527
2.0756 0.00210527
2.07562 0.00210527
2.07741 0.00210833
2.07742 0.00210948
2.07743 0.00211049
2.07746 0.00211136
2.07747 0.00211213
2.07748 0.00211281
2.07751 0.0021134
2.07753 0.00211391
2.07754 0.00211436
2.07757 0.00211475
2.07758 0.0021151
2.0776 0.0021154
2.07763 0.00211567
2.07764 0.0021159
2.07766 0.0021161
2.07768 0.00211628
2.07769 0.00211643
2.0777 0.00211657
2.07771 0.00211669
2.07774 0.00211679
2.07776 0.00211688
2.07777 0.00211696
2.0778 0.00211703
2.07781 0.00211709
2.07784 0.00211714
2.07785 0.00211719
2.07787 0.00211723
2.07789 0.00211727
2.0779 0.0021173
2.07792 0.00211733
2.07793 0.00211735
2.07795 0.00211737
2.07797 0.00211739
2.07798 0.00211741
2.078 0.00211742
2.07802 0.00211743
2.07803 0.00211744
2.07806 0.00211745
2.07807 0.00211746
2.07809 0.00211747
2.07812 0.00211747
2.07814 0.00211748
2.07817 0.00211748
2.0788 0.00211749
2.07883 0.00211749
2.07884 0.00211749
2.07885 0.0021175
2.07886 0.0021175
2.07888 0.0021175
2.07889 0.0021175
2.0789 0.0021175
2.07891 0.00211751
2.07894 0.00211751
2.07895 0.00211751
2.07896 0.00211751
2.07897 0.00211751
2.079 0.00211751
2.07901 0.00211751
2.07904 0.00211751
2.08031 0.00212057
2.08093 0.00212172
2.08096 0.00212272
2.08097 0.0021236
2.08098 0.00212437
2.08099 0.00212505
2.08101 0.00212563
2.08102 0.00212615
2.08103 0.0021266
2.08104 0.002127
2.08107 0.00212734
2.08108 0.00212764
2.08109 0.00212791
2.0811 0.00212814
2.08113 0.00212834
2.08114 0.00212852
2.08117 0.00212867
2.08118 0.00212881
2.0812 0.00212893
2.08123 0.00212903
2.08124 0.00212912
2.08126 0.0021292
2.08128 0.00212927
2.0813 0.00212933
2.08132 0.00212938
2.08134 0.00212943
2.08136 0.00212947
2.08137 0.00212951
2.0814 0.00212954
2.08141 0.00212957
2.08142 0.00212959
2.08145 0.00212961
2.08146 0.00212963
2.08147 0.00212964
2.0815 0.00212966
2.08151 0.00212967
2.08153 0.00212968
2.08156 0.00212969
2.08157 0.0021297
2.08159 0.00212971
2.08161 0.00212971
2.08163 0.00212972
2.08166 0.00212972
2.08167 0.00212973
2.08168 0.00212973
2.0817 0.00212973
2.08172 0.00212974
2.08173 0.00212974
2.08175 0.00212974
2.08178 0.00212974
2.08179 0.00212975
2.08181 0.00212975
2.08183 0.00212975
2.08185 0.00212975
2.08188 0.00212975
2.08189 0.00212975
2.08191 0.00212975
2.08192 0.00212975
2.08194 0.00212975
2.08316 0.00213128
2.08317 0.00213262
2.0832 0.00213532
2.08321 0.00213616
2.08322 0.00213689
2.08323 0.00213753
2.08325 0.00213809
2.08327 0.00213858
2.08328 0.002139
2.08331 0.00213938
2.08332 0.0021397
2.08334 0.00213999
2.08337 0.00214024
2.08338 0.00214046
2.08341 0.00214065
2.08342 0.00214082
2.08344 0.00214097
2.08347 0.0021411
2.08348 0.00214121
2.0835 0.00214131
2.08352 0.00214139
2.08354 0.00214147
2.08355 0.00214153
2.08356 0.00214159
2.08359 0.00214164
2.0836 0.00214169
2.08361 0.00214173
2.08364 0.00214176
2.08365 0.00214179
2.08367 0.00214182
2.0837 0.00214184
2.08371 0.00214186
2.08374 0.00214188
2.08375 0.00214189
2.08377 0.0021419
2.0838 0.00214192
2.08381 0.00214193
2.08382 0.00214194
2.08385 0.00214194
2.08386 0.00214195
2.08387 0.00214196
2.08389 0.00214196
2.08392 0.00214197
2.08393 0.00214197
2.08396 0.00214197
2.08397 0.00214197
2.08399 0.00214198
2.08402 0.00214198
2.08403 0.00214198
2.08405 0.00214198
2.08407 0.00214199
2.08408 0.00214199
2.08409 0.00214199
2.0841 0.00214199
2.08413 0.00214199
2.08415 0.00214199
2.08416 0.00214199
2.08419 0.00214199
2.08606 0.00214505
2.08607 0.0021462
2.08609 0.00214721
2.08611 0.00214808
2.08612 0.00214885
2.08615 0.00214953
2.08617 0.00215012
2.08618 0.00215063
2.08621 0.00215108
2.08622 0.00215147
2.08623 0.00215182
2.08625 0.00215212
2.08626 0.00215239
2.08628 0.00215262
2.08631 0.00215282
2.08632 0.002153
2.08634 0.00215315
2.08636 0.00215329
2.08638 0.00215341
2.08639 0.00215351
2.08642 0.0021536
2.08643 0.00215368
2.08644 0.00215375
2.08647 0.00215381
2.08648 0.00215386
2.08649 0.00215391
2.08651 0.00215395
2.08653 0.00215399
2.08654 0.00215402
2.08656 0.00215405
2.08658 0.00215407
2.0866 0.00215409
2.08661 0.00215411
2.08664 0.00215412
2.08666 0.00215414
2.08669 0.00215415
2.08671 0.00215416
2.08673 0.00215417
2.08736 0.00215418
2.08738 0.00215419
2.0874 0.00215419
2.08741 0.0021542
2.08742 0.0021542
2.08743 0.00215421
2.08744 0.00215421
2.08746 0.00215421
2.08747 0.00215422
2.08749 0.00215422
2.08751 0.00215422
2.08752 0.00215422
2.08753 0.00215423
2.08754 0.00215423
2.08757 0.00215423
2.08758 0.00215423
2.0876 0.00215423
2.08762 0.00215423
2.08764 0.00215423
2.08766 0.00215423
2.08768 0.00215423
2.08954 0.00215729
2.08955 0.00215844
2.08956 0.00215944
2.08957 0.00216032
2.08959 0.00216109
2.0896 0.00216177
2.08961 0.00216235
2.08962 0.00216287
2.08964 0.00216332
2.08966 0.00216372
2.08967 0.00216406
2.08968 0.00216436
2.0897 0.00216463
2.08971 0.00216486
2.08973 0.00216506
2.08975 0.00216524
2.08977 0.00216539
2.08978 0.00216553
2.08981 0.00216565
2.08983 0.00216575
2.08984 0.00216584
2.08987 0.00216592
2.08988 0.00216599
2.0899 0.00216605
2.08993 0.0021661
2.08994 0.00216615
2.08997 0.00216619
2.08998 0.00216623
2.09 0.00216626
2.09001 0.00216629
2.09003 0.00216631
2.09005 0.00216633
2.09006 0.00216635
2.09008 0.00216636
2.0901 0.00216638
2.09011 0.00216639
2.09014 0.0021664
2.09016 0.00216641
2.09017 0.00216642
2.0902 0.00216643
2.09021 0.00216643
2.09024 0.00216644
2.09026 0.00216644
2.09027 0.00216645
2.09028 0.00216645
2.09031 0.00216645
2.09032 0.00216646
2.09033 0.00216646
2.09036 0.00216646
2.09038 0.00216646
2.09039 0.00216646
2.09041 0.00216647
2.09043 0.00216647
2.09044 0.00216647
2.09047 0.00216647
2.09049 0.00216647
2.0905 0.00216647
2.09053 0.00216647
2.09054 0.00216647
2.0918 0.002168
2.09183 0.00217087
2.09184 0.00217185
2.09185 0.00217271
2.09186 0.00217346
2.09188 0.00217412
2.09189 0.00217469
2.09191 0.0021752
2.09192 0.00217564
2.09195 0.00217602
2.09196 0.00217636
2.09199 0.00217665
2.09201 0.00217691
2.09202 0.00217714
2.09205 0.00217733
2.09206 0.00217751
2.09208 0.00217766
2.09211 0.00217779
2.09212 0.00217791
2.09214 0.00217801
2.09216 0.0021781
2.09218 0.00217817
2.09219 0.00217824
2.09221 0.0021783
2.09223 0.00217835
2.09224 0.0021784
2.09225 0.00217844
2.09228 0.00217847
2.09229 0.0021785
2.09232 0.00217853
2.09234 0.00217855
2.09235 0.00217857
2.09238 0.00217859
2.09239 0.00217861
2.09241 0.00217862
2.09244 0.00217863
2.09245 0.00217864
2.09246 0.00217865
2.09249 0.00217866
2.0925 0.00217867
2.09251 0.00217867
2.09254 0.00217868
2.09256 0.00217868
2.09257 0.00217869
2.09259 0.00217869
2.09261 0.00217869
2.09262 0.0021787
2.09265 0.0021787
2.09267 0.0021787
2.09268 0.0021787
2.09271 0.0021787
2.09272 0.00217871
2.09273 0.00217871
2.09274 0.00217871
2.09276 0.00217871
2.09278 0.00217871
2.09281 0.00217871
2.09282 0.00217871
2.09284 0.00217871
2.1026 0.00218213
2.10263 0.00218513
2.10264 0.00218775
2.10265 0.00219004
2.10266 0.00219204
2.10267 0.0021938
2.10269 0.00219533
2.1027 0.00219667
2.10271 0.00219785
2.10272 0.00219888
2.10275 0.00219978
2.10276 0.00220056
2.10277 0.00220125
2.10278 0.00220186
2.1028 0.00220238
2.10281 0.00220285
2.10283 0.00220325
2.10285 0.0022036
2.10287 0.00220391
2.10288 0.00220418
2.10291 0.00220442
2.10293 0.00220463
2.10294 0.00220481
2.10297 0.00220497
2.10298 0.00220511
2.103 0.00220523
2.10303 0.00220533
2.10304 0.00220543
2.10307 0.00220551
2.10308 0.00220558
2.1031 0.00220564
2.10311 0.0022057
2.10313 0.00220574
2.10315 0.00220579
2.10316 0.00220582
2.10318 0.00220585
2.1032 0.00220588
2.10321 0.00220591
2.10324 0.00220593
2.10326 0.00220594
2.10327 0.00220596
2.1033 0.00220597
2.10331 0.00220599
2.10333 0.002206
2.10336 0.00220601
2.10337 0.00220602
2.10338 0.00220602
2.10341 0.00220603
2.10342 0.00220604
2.10343 0.00220604
2.10346 0.00220605
2.10348 0.00220605
2.10349 0.00220605
2.10351 0.00220606
2.10353 0.00220606
2.10354 0.00220606
2.10357 0.00220606
2.10359 0.00220607
2.1036 0.00220607
2.10363 0.00220607
2.10364 0.00220607
2.10365 0.00220607
2.10367 0.00220607
2.10368 0.00220607
2.1037 0.00220607
2.10373 0.00220607
2.10478 0.00220265
2.1048 0.00219966
2.10482 0.00219704
2.10483 0.00219475
2.10484 0.00219275
2.10485 0.00219099
2.10486 0.00218946
2.10488 0.00218812
2.10489 0.00218694
2.1049 0.00218591
2.10493 0.00218501
2.10494 0.00218423
2.10495 0.00218354
2.10496 0.00218293
2.10498 0.00218241
2.10499 0.00218195
2.10501 0.00218154
2.10502 0.00218119
2.10505 0.00218088
2.10506 0.00218061
2.10509 0.00218037
2.10511 0.00218017
2.10512 0.00217998
2.10515 0.00217983
2.10516 0.00217969
2.10518 0.00217957
2.10521 0.00217946
2.10522 0.00217937
2.10524 0.00217929
2.10526 0.00217921
2.10528 0.00217915
2.10529 0.0021791
2.10531 0.00217905
2.10533 0.00217901
2.10534 0.00217897
2.10535 0.00217894
2.10538 0.00217891
2.10539 0.00217889
2.10542 0.00217887
2.10544 0.00217885
2.10545 0.00217883
2.10548 0.00217882
2.10549 0.0021788
2.10551 0.00217879
2.10554 0.00217878
2.10555 0.00217878
2.10556 0.00217877
2.10559 0.00217876
2.1056 0.00217876
2.10561 0.00217875
2.10564 0.00217875
2.10566 0.00217874
2.10567 0.00217874
2.10569 0.00217874
2.10571 0.00217873
2.10572 0.00217873
2.10575 0.00217873
2.10577 0.00217873
2.10578 0.00217873
2.10581 0.00217873
2.10582 0.00217872
2.10583 0.00217872
2.10584 0.00217872
2.10586 0.00217872
2.10588 0.00217872
2.10591 0.00217872
2.20463 0.00221391
2.20466 0.0022447
2.20528 0.00227164
2.20531 0.00229522
2.20532 0.00231584
2.20533 0.00233389
2.20534 0.00234969
2.20536 0.00236351
2.20537 0.0023756
2.20538 0.00238618
2.20539 0.00239543
2.2054 0.00240353
2.20543 0.00241062
2.20544 0.00241682
2.20545 0.00242225
2.20547 0.002427
2.20548 0.00243115
2.20549 0.00243479
2.20551 0.00243797
2.20553 0.00244075
2.20555 0.00244319
2.20556 0.00244532
2.20559 0.00244718
2.20561 0.00244882
2.20562 0.00245024
2.20565 0.00245149
2.20566 0.00245259
2.20569 0.00245354
2.20571 0.00245438
2.20572 0.00245511
2.20575 0.00245575
2.20576 0.00245631
2.20578 0.0024568
2.2058 0.00245723
2.20581 0.00245761
2.20583 0.00245794
2.20584 0.00245822
2.20586 0.00245848
2.20588 0.0024587
2.20589 0.00245889
2.20592 0.00245906
2.20594 0.0024592
2.20596 0.00245933
2.20598 0.00245945
2.20599 0.00245955
2.20602 0.00245963
2.20604 0.00245971
2.20605 0.00245977
2.20607 0.00245983
2.20609 0.00245988
2.2061 0.00245993
2.20611 0.00245997
2.20614 0.00246
2.20616 0.00246003
2.20618 0.00246006
2.20619 0.00246008
2.20621 0.0024601
2.20622 0.00246012
2.20625 0.00246013
2.20627 0.00246014
2.20629 0.00246015
2.20631 0.00246016
2.20632 0.00246017
2.20633 0.00246018
2.20635 0.00246019
2.20636 0.0024602
2.20638 0.0024602
2.20641 0.00246021
2.20642 0.00246021
2.20644 0.00246021
2.20646 0.00246021
2.20648 0.00246022
2.20649 0.00246022
2.20652 0.00246022
2.20653 0.00246022
2.20654 0.00246023
2.20657 0.00246023
2.20658 0.00246023
2.20659 0.00246023
2.20662 0.00246023
2.20663 0.00246023
2.20664 0.00246023
2.20667 0.00246023
2.20718 0.00247094
2.2072 0.00248031
2.20783 0.00248852
2.20785 0.00249569
2.20786 0.00250197
2.20788 0.00250746
2.20789 0.00251227
2.2079 0.00251647
2.20791 0.00252016
2.20793 0.00252338
2.20794 0.00252619
2.20795 0.00252866
2.20797 0.00253082
2.20799 0.0025327
2.208 0.00253435
2.20801 0.0025358
2.20802 0.00253706
2.20804 0.00253817
2.20806 0.00253914
2.20807 0.00253999
2.2081 0.00254073
2.20811 0.00254138
2.20813 0.00254194
2.20816 0.00254244
2.20817 0.00254287
2.2082 0.00254325
2.20821 0.00254359
2.20823 0.00254388
2.20826 0.00254413
2.20827 0.00254436
2.20829 0.00254455
2.20831 0.00254472
2.20833 0.00254487
2.20834 0.002545
2.20835 0.00254512
2.20838 0.00254522
2.20839 0.0025453
2.2084 0.00254538
2.20843 0.00254545
2.20844 0.00254551
2.20846 0.00254556
2.20849 0.0025456
2.2085 0.00254564
2.20853 0.00254568
2.20854 0.00254571
2.20856 0.00254573
2.20859 0.00254575
2.2086 0.00254578
2.20861 0.00254579
2.20864 0.00254581
2.20865 0.00254582
2.20866 0.00254583
2.20868 0.00254584
2.20871 0.00254585
2.20872 0.00254586
2.20873 0.00254587
2.20876 0.00254587
2.20877 0.00254588
2.20879 0.00254588
2.20882 0.00254589
2.20883 0.00254589
2.20886 0.00254589
2.20887 0.0025459
2.20888 0.0025459
2.20889 0.0025459
2.2089 0.0025459
2.20893 0.00254591
2.20895 0.00254591
2.20897 0.00254591
2.20899 0.00254591
2.209 0.00254591
2.20903 0.00254591
2.20904 0.00254591
2.20906 0.00254591
2.22745 0.00253328
2.22747 0.00252222
2.22809 0.00251255
2.22812 0.00250408
2.22813 0.00249667
2.22814 0.00249019
2.22816 0.00248452
2.22817 0.00247956
2.22818 0.00247522
2.22819 0.00247142
2.2282 0.0024681
2.22822 0.00246519
2.22824 0.00246264
2.22825 0.00246042
2.22827 0.00245847
2.22828 0.00245676
2.22829 0.00245527
2.2283 0.00245397
2.22833 0.00245282
2.22834 0.00245182
2.22836 0.00245095
2.22838 0.00245019
2.2284 0.00244952
2.22842 0.00244893
2.22844 0.00244842
2.22846 0.00244797
2.22847 0.00244758
2.2285 0.00244723
2.22852 0.00244693
2.22853 0.00244667
2.22856 0.00244644
2.22857 0.00244624
2.2286 0.00244606
2.22861 0.00244591
2.22862 0.00244577
2.22864 0.00244566
2.22866 0.00244555
2.22867 0.00244546
2.22869 0.00244538
2.22871 0.00244531
2.22873 0.00244525
2.22876 0.0024452
2.22877 0.00244515
2.22879 0.00244511
2.2288 0.00244508
2.22883 0.00244505
2.22885 0.00244502
2.22887 0.002445
2.22888 0.00244497
2.2289 0.00244496
2.22891 0.00244494
2.22893 0.00244493
2.22895 0.00244491
2.22898 0.0024449
2.22899 0.00244489
2.229 0.00244489
2.22902 0.00244488
2.22904 0.00244487
2.22906 0.00244487
2.22909 0.00244486
2.2291 0.00244486
2.22912 0.00244485
2.22913 0.00244485
2.22915 0.00244485
2.22916 0.00244485
2.22917 0.00244484
2.2292 0.00244484
2.22922 0.00244484
2.22923 0.00244484
2.22926 0.00244484
2.22927 0.00244484
2.22929 0.00244484
2.22931 0.00244483
2.22933 0.00244483
2.22934 0.00244483
2.22935 0.00244483
2.22982 0.0024365
2.22985 0.00242922
2.23047 0.00242284
2.2305 0.00241726
2.23051 0.00241238
2.23052 0.00240811
2.23053 0.00240437
2.23055 0.0024011
2.23056 0.00239824
2.23057 0.00239573
2.23058 0.00239354
2.23059 0.00239162
2.23062 0.00238995
2.23063 0.00238848
2.23064 0.00238719
2.23066 0.00238607
2.23067 0.00238509
2.23068 0.00238423
2.2307 0.00238347
2.23072 0.00238282
2.23074 0.00238224
2.23075 0.00238174
2.23078 0.00238129
2.2308 0.00238091
2.23082 0.00238057
2.23084 0.00238027
2.23085 0.00238002
2.23088 0.00237979
2.2309 0.00237959
2.23091 0.00237942
2.23094 0.00237927
2.23095 0.00237913
2.23097 0.00237902
2.23099 0.00237892
2.231 0.00237883
2.23102 0.00237875
2.23104 0.00237868
2.23105 0.00237862
2.23107 0.00237857
2.23108 0.00237852
2.23111 0.00237848
2.23113 0.00237845
2.23115 0.00237842
2.23117 0.00237839
2.23118 0.00237837
2.23121 0.00237835
2.23123 0.00237833
2.23124 0.00237831
2.23126 0.0023783
2.23128 0.00237829
2.23129 0.00237828
2.2313 0.00237827
2.23133 0.00237826
2.23135 0.00237825
2.23137 0.00237825
2.23138 0.00237824
2.2314 0.00237824
2.23141 0.00237823
2.23144 0.00237823
2.23146 0.00237823
2.23148 0.00237822
2.2315 0.00237822
2.23151 0.00237822
2.23152 0.00237822
2.23154 0.00237822
2.23155 0.00237821
2.23157 0.00237821
2.2316 0.00237821
2.23161 0.00237821
2.23164 0.00237821
2.23165 0.00237821
2.23167 0.00237821
2.23168 0.00237821
2.23237 0.00239917
2.23239 0.00241751
2.23302 0.00243356
2.23304 0.00244761
2.23305 0.0024599
2.23307 0.00247065
2.23308 0.00248006
2.23309 0.00248829
2.2331 0.00249549
2.23312 0.00250179
2.23313 0.00250731
2.23314 0.00251214
2.23317 0.00251636
2.23318 0.00252005
2.23319 0.00252329
2.2332 0.00252612
2.23321 0.00252859
2.23323 0.00253076
2.23325 0.00253265
2.23326 0.00253431
2.23329 0.00253576
2.2333 0.00253703
2.23332 0.00253814
2.23335 0.00253911
2.23336 0.00253996
2.23339 0.00254071
2.2334 0.00254136
2.23342 0.00254193
2.23345 0.00254243
2.23346 0.00254286
2.23348 0.00254324
2.2335 0.00254358
2.23352 0.00254387
2.23353 0.00254413
2.23354 0.00254435
2.23357 0.00254455
2.23358 0.00254472
2.23359 0.00254487
2.23362 0.002545
2.23363 0.00254511
2.23365 0.00254521
2.23368 0.0025453
2.23369 0.00254538
2.23372 0.00254545
2.23373 0.0025455
2.23375 0.00254556
2.23378 0.0025456
2.23379 0.00254564
2.2338 0.00254567
2.23383 0.00254571
2.23384 0.00254573
2.23385 0.00254575
2.23388 0.00254577
2.2339 0.00254579
2.23391 0.00254581
2.23392 0.00254582
2.23395 0.00254583
2.23396 0.00254584
2.23399 0.00254585
2.23401 0.00254586
2.23402 0.00254587
2.23405 0.00254587
2.23406 0.00254588
2.23407 0.00254588
2.23408 0.00254589
2.2341 0.00254589
2.23412 0.00254589
2.23414 0.0025459
2.23416 0.0025459
2.23418 0.0025459
2.23419 0.0025459
2.23422 0.00254591
2.23423 0.00254591
2.23425 0.00254591
2.23427 0.00254591
2.23428 0.00254591
2.2343 0.00254591
2.23432 0.00254591
2.23433 0.00254591
2.23982 0.00252211
2.23984 0.00250127
2.24047 0.00248305
2.24049 0.0024671
2.2405 0.00245314
2.24051 0.00244093
2.24053 0.00243025
2.24054 0.0024209
2.24055 0.00241272
2.24056 0.00240556
2.24058 0.0023993
2.24059 0.00239382
2.24061 0.00238902
2.24062 0.00238482
2.24064 0.00238115
2.24065 0.00237794
2.24066 0.00237513
2.24067 0.00237267
2.2407 0.00237052
2.24071 0.00236863
2.24073 0.00236699
2.24075 0.00236554
2.24077 0.00236428
2.2408 0.00236318
2.24081 0.00236221
2.24083 0.00236137
2.24084 0.00236063
2.24087 0.00235998
2.24089 0.00235942
2.24091 0.00235892
2.24093 0.00235849
2.24094 0.00235811
2.24097 0.00235778
2.24098 0.00235749
2.24099 0.00235723
2.24102 0.00235701
2.24103 0.00235681
2.24104 0.00235665
2.24107 0.0023565
2.24108 0.00235637
2.2411 0.00235625
2.24113 0.00235615
2.24114 0.00235607
2.24116 0.00235599
2.24118 0.00235592
2.2412 0.00235586
2.24122 0.00235581
2.24124 0.00235577
2.24125 0.00235573
2.24127 0.00235569
2.24129 0.00235566
2.2413 0.00235564
2.24132 0.00235561
2.24135 0.00235559
2.24136 0.00235558
2.24137 0.00235556
2.2414 0.00235555
2.24141 0.00235553
2.24143 0.00235552
2.24146 0.00235552
2.24147 0.00235551
2.24149 0.0023555
2.24151 0.00235549
2.24152 0.00235549
2.24153 0.00235549
2.24154 0.00235548
2.24157 0.00235548
2.24159 0.00235547
2.2416 0.00235547
2.24163 0.00235547
2.24164 0.00235547
2.24167 0.00235547
2.24168 0.00235546
2.2417 0.00235546
2.24171 0.00235546
2.24173 0.00235546
2.24175 0.00235546
2.24176 0.00235546
2.24178 0.00235546
2.2418 0.00235546
2.24203 0.00233741
2.24205 0.00232162
2.24268 0.00230781
2.2427 0.00229572
2.24271 0.00228514
2.24273 0.00227589
2.24274 0.00226779
2.24275 0.0022607
2.24276 0.0022545
2.24277 0.00224908
2.24279 0.00224433
2.2428 0.00224018
2.24282 0.00223654
2.24284 0.00223336
2.24285 0.00223058
2.24286 0.00222814
2.24287 0.00222601
2.24288 0.00222415
2.24291 0.00222252
2.24292 0.00222109
2.24295 0.00221984
2.24296 0.00221875
2.24298 0.00221779
2.24301 0.00221696
2.24302 0.00221623
2.24304 0.00221558
2.24306 0.00221502
2.24308 0.00221453
2.24311 0.00221411
2.24312 0.00221373
2.24314 0.0022134
2.24315 0.00221311
2.24318 0.00221286
2.24319 0.00221264
2.2432 0.00221245
2.24323 0.00221228
2.24324 0.00221213
2.24325 0.002212
2.24328 0.00221189
2.24329 0.00221179
2.24331 0.00221171
2.24334 0.00221163
2.24335 0.00221156
2.24337 0.00221151
2.24339 0.00221146
2.24341 0.00221141
2.24344 0.00221137
2.24345 0.00221134
2.24346 0.00221131
2.24348 0.00221128
2.2435 0.00221126
2.24351 0.00221124
2.24353 0.00221122
2.24356 0.00221121
2.24357 0.00221119
2.24358 0.00221118
2.24361 0.00221117
2.24362 0.00221116
2.24364 0.00221115
2.24367 0.00221115
2.24368 0.00221114
2.2437 0.00221114
2.24372 0.00221113
2.24373 0.00221113
2.24374 0.00221112
2.24375 0.00221112
2.24378 0.00221112
2.2438 0.00221112
2.24381 0.00221112
2.24384 0.00221111
2.24385 0.00221111
2.24388 0.00221111
2.24389 0.00221111
2.24391 0.00221111
2.24393 0.00221111
2.24394 0.00221111
2.24396 0.00221111
2.24397 0.0022111
2.24425 0.00221304
2.24428 0.00221474
2.2449 0.00221623
2.24493 0.00221753
2.24494 0.00221866
2.24495 0.00221966
2.24496 0.00222053
2.24498 0.00222129
2.24499 0.00222195
2.245 0.00222254
2.24501 0.00222305
2.24503 0.00222349
2.24505 0.00222389
2.24506 0.00222423
2.24507 0.00222453
2.24509 0.00222479
2.2451 0.00222502
2.24511 0.00222522
2.24514 0.00222539
2.24515 0.00222555
2.24517 0.00222568
2.24518 0.0022258
2.24521 0.0022259
2.24523 0.00222599
2.24525 0.00222607
2.24527 0.00222614
2.24528 0.0022262
2.24531 0.00222625
2.24533 0.0022263
2.24534 0.00222634
2.24537 0.00222637
2.24538 0.0022264
2.24541 0.00222643
2.24542 0.00222646
2.24543 0.00222648
2.24545 0.00222649
2.24547 0.00222651
2.24548 0.00222652
2.2455 0.00222654
2.24552 0.00222655
2.24554 0.00222656
2.24556 0.00222656
2.24558 0.00222657
2.2456 0.00222658
2.24561 0.00222658
2.24564 0.00222659
2.24566 0.00222659
2.24567 0.0022266
2.24569 0.0022266
2.24571 0.0022266
2.24572 0.0022266
2.24574 0.0022266
2.24576 0.00222661
2.24578 0.00222661
2.2458 0.00222661
2.24581 0.00222661
2.24583 0.00222661
2.24585 0.00222661
2.24587 0.00222661
2.24589 0.00222661
2.24591 0.00222662
2.24593 0.00222662
2.24643 0.00222078
2.24646 0.00221567
2.24708 0.00221121
2.24711 0.0022073
2.24712 0.00220388
2.24713 0.00220088
2.24714 0.00219827
2.24716 0.00219597
2.24717 0.00219397
2.24718 0.00219221
2.24719 0.00219068
2.24721 0.00218934
2.24723 0.00218816
2.24724 0.00218713
2.24725 0.00218623
2.24727 0.00218544
2.24728 0.00218476
2.24729 0.00218415
2.24732 0.00218362
2.24733 0.00218316
2.24735 0.00218276
2.24736 0.00218241
2.24739 0.0021821
2.24741 0.00218183
2.24743 0.00218159
2.24745 0.00218138
2.24746 0.0021812
2.24749 0.00218104
2.24751 0.0021809
2.24752 0.00218078
2.24755 0.00218068
2.24756 0.00218058
2.24759 0.0021805
2.2476 0.00218043
2.24761 0.00218037
2.24763 0.00218031
2.24765 0.00218027
2.24766 0.00218022
2.24768 0.00218019
2.2477 0.00218016
2.24772 0.00218013
2.24774 0.0021801
2.24776 0.00218008
2.24778 0.00218006
2.24779 0.00218005
2.24782 0.00218003
2.24784 0.00218002
2.24785 0.00218001
2.24787 0.00218
2.24789 0.00217999
2.2479 0.00217998
2.24792 0.00217998
2.24794 0.00217997
2.24796 0.00217997
2.24798 0.00217996
2.24799 0.00217996
2.24801 0.00217996
2.24803 0.00217995
2.24805 0.00217995
2.24807 0.00217995
2.24809 0.00217995
2.24811 0.00217994
2.24812 0.00217994
2.24814 0.00217994
2.24815 0.00217994
2.24816 0.00217994
2.24818 0.00217994
2.24821 0.00217994
2.24822 0.00217994
2.24825 0.00217994
2.24861 0.00217978
2.24864 0.00217965
2.24926 0.00217953
2.24929 0.00217943
2.2493 0.00217934
2.24931 0.00217927
2.24932 0.0021792
2.24934 0.00217914
2.24935 0.00217908
2.24936 0.00217904
2.24937 0.002179
2.24938 0.00217896
2.24941 0.00217893
2.24942 0.00217891
2.24943 0.00217888
2.24945 0.00217886
2.24946 0.00217884
2.24947 0.00217883
2.24949 0.00217881
2.24951 0.0021788
2.24953 0.00217879
2.24954 0.00217878
2.24957 0.00217877
2.24959 0.00217877
2.2496 0.00217876
2.24963 0.00217876
2.24964 0.00217875
2.24967 0.00217875
2.24969 0.00217874
2.2497 0.00217874
2.24973 0.00217874
2.24974 0.00217873
2.24976 0.00217873
2.24978 0.00217873
2.24979 0.00217873
2.24981 0.00217873
2.24982 0.00217873
2.24984 0.00217872
2.24986 0.00217872
2.24987 0.00217872
2.2499 0.00217872
2.24992 0.00217872
2.24994 0.00217872
2.30222 0.00218214
2.30224 0.00218513
2.30225 0.00218775
2.30228 0.00219004
2.30229 0.00219205
2.30231 0.0021938
2.30234 0.00219533
2.30235 0.00219668
2.30236 0.00219785
2.30239 0.00219888
2.3024 0.00219978
2.30241 0.00220057
2.30244 0.00220126
2.30246 0.00220186
2.30247 0.00220239
2.30248 0.00220285
2.30251 0.00220325
2.30252 0.0022036
2.30255 0.00220391
2.30257 0.00220418
2.30258 0.00220442
2.30261 0.00220463
2.30262 0.00220481
2.30263 0.00220497
2.30264 0.00220511
2.30266 0.00220523
2.30268 0.00220533
2.3027 0.00220543
2.30272 0.00220551
2.30274 0.00220558
2.30275 0.00220564
2.30278 0.0022057
2.30279 0.00220574
2.30281 0.00220579
2.30283 0.00220582
2.30284 0.00220585
2.30286 0.00220588
2.30288 0.00220591
2.30289 0.00220593
2.30291 0.00220594
2.30292 0.00220596
2.30294 0.00220597
2.30296 0.00220599
2.30297 0.002206
2.303 0.00220601
2.30301 0.00220602
2.30304 0.00220602
2.30306 0.00220603
2.30308 0.00220604
2.30311 0.00220604
2.30313 0.00220605
2.30376 0.00220605
2.30378 0.00220605
2.30379 0.00220606
2.30381 0.00220606
2.30382 0.00220606
2.30383 0.00220606
2.30384 0.00220607
2.30386 0.00220607
2.30387 0.00220607
2.30388 0.00220607
2.3039 0.00220607
2.30392 0.00220607
2.30393 0.00220607
2.30394 0.00220607
2.30395 0.00220607
2.30439 0.00220265
2.30442 0.00219966
2.30443 0.00219704
2.30445 0.00219475
2.30447 0.00219275
2.30449 0.00219099
2.30452 0.00218946
2.30453 0.00218812
2.30454 0.00218694
2.30457 0.00218591
2.30458 0.00218501
2.30459 0.00218423
2.30461 0.00218354
2.30464 0.00218293
2.30465 0.00218241
2.30466 0.00218195
2.30469 0.00218154
2.3047 0.00218119
2.30472 0.00218088
2.30475 0.00218061
2.30476 0.00218037
2.30479 0.00218017
2.3048 0.00217998
2.30481 0.00217983
2.30482 0.00217969
2.30483 0.00217957
2.30486 0.00217946
2.30488 0.00217937
2.3049 0.00217929
2.30492 0.00217921
2.30493 0.00217915
2.30496 0.0021791
2.30497 0.00217905
2.30499 0.00217901
2.30501 0.00217897
2.30502 0.00217894
2.30504 0.00217891
2.30505 0.00217889
2.30507 0.00217887
2.30509 0.00217885
2.3051 0.00217883
2.30512 0.00217882
2.30514 0.0021788
2.30515 0.00217879
2.30518 0.00217878
2.30519 0.00217878
2.30521 0.00217877
2.30524 0.00217876
2.30526 0.00217876
2.30529 0.00217875
2.30531 0.00217875
2.30594 0.00217874
2.30596 0.00217874
2.30597 0.00217874
2.30598 0.00217873
2.306 0.00217873
2.30601 0.00217873
2.30602 0.00217873
2.30603 0.00217873
2.30605 0.00217873
2.30606 0.00217872
2.30608 0.00217872
2.3061 0.00217872
2.30611 0.00217872
2.30612 0.00217872
2.30613 0.00217872
2.42684 0.00218018
2.42685 0.00218147
2.42688 0.00218258
2.4269 0.00218357
2.42692 0.00218442
2.42694 0.00218517
2.42695 0.00218583
2.42698 0.00218641
2.42699 0.00218691
2.42701 0.00218735
2.42703 0.00218773
2.42704 0.00218807
2.42706 0.00218837
2.42707 0.00218862
2.42709 0.00218885
2.42711 0.00218905
2.42712 0.00218922
2.42714 0.00218937
2.42716 0.0021895
2.42717 0.00218962
2.4272 0.00218972
2.42721 0.00218981
2.42723 0.00218989
2.42726 0.00218995
2.42728 0.00219001
2.42731 0.00219007
2.42733 0.00219011
2.42796 0.00219015
2.42798 0.00219018
2.42799 0.00219022
2.428 0.00219024
2.42802 0.00219026
2.42803 0.00219029
2.42804 0.0021903
2.42805 0.00219032
2.42807 0.00219033
2.42808 0.00219034
2.4281 0.00219035
2.42812 0.00219036
2.42813 0.00219037
2.42814 0.00219038
2.42815 0.00219038
2.42816 0.00219039
2.42819 0.00219039
2.4282 0.0021904
2.42823 0.0021904
2.42824 0.00219041
2.42826 0.00219041
2.42829 0.00219041
2.4283 0.00219041
2.42832 0.00219041
2.42834 0.00219042
2.42836 0.00219042
2.42838 0.00219042
2.4284 0.00219042
2.42842 0.00219042
2.42843 0.00219042
2.42846 0.00219042
2.42847 0.00219042
2.42848 0.00219043
2.42902 0.00218904
2.42903 0.00218782
2.42906 0.00218676
2.42908 0.00218583
2.42909 0.00218502
2.42912 0.00218431
2.42913 0.00218368
2.42916 0.00218314
2.42917 0.00218266
2.42919 0.00218224
2.42921 0.00218188
2.42922 0.00218156
2.42924 0.00218128
2.42925 0.00218104
2.42927 0.00218082
2.42929 0.00218064
2.4293 0.00218047
2.42932 0.00218033
2.42934 0.0021802
2.42935 0.00218009
2.42938 0.00218
2.42939 0.00217991
2.42941 0.00217984
2.42944 0.00217978
2.42946 0.00217972
2.42949 0.00217967
2.42951 0.00217963
2.43014 0.00217959
2.43016 0.00217956
2.43017 0.00217953
2.43018 0.0021795
2.4302 0.00217948
2.43021 0.00217946
2.43022 0.00217944
2.43023 0.00217943
2.43025 0.00217942
2.43026 0.00217941
2.43028 0.00217939
2.43029 0.00217939
2.43031 0.00217938
2.43032 0.00217937
2.43033 0.00217936
2.43034 0.00217936
2.43037 0.00217936
2.43038 0.00217935
2.4304 0.00217935
2.43042 0.00217935
2.43044 0.00217934
2.43047 0.00217934
2.43048 0.00217934
2.4305 0.00217934
2.43051 0.00217934
2.43054 0.00217933
2.43056 0.00217933
2.43058 0.00217933
2.4306 0.00217933
2.43061 0.00217933
2.43064 0.00217933
2.43065 0.00217933
2.4312 0.00217925
2.43121 0.00217919
2.43124 0.00217913
2.43126 0.00217907
2.43127 0.00217903
2.4313 0.00217899
2.43131 0.00217896
2.43133 0.00217893
2.43135 0.0021789
2.43137 0.00217888
2.43138 0.00217886
2.4314 0.00217884
2.43142 0.00217883
2.43143 0.00217881
2.43145 0.0021788
2.43147 0.00217879
2.43148 0.00217878
2.43149 0.00217877
2.43152 0.00217877
2.43153 0.00217876
2.43156 0.00217875
2.43157 0.00217875
2.43159 0.00217875
2.43162 0.00217874
2.43164 0.00217874
2.43167 0.00217873
2.43169 0.00217873
2.43231 0.00217873
2.43234 0.00217873
2.43235 0.00217873
2.43236 0.00217873
2.43238 0.00217872
2.43239 0.00217872
2.4324 0.00217872
2.43241 0.00217872
2.43242 0.00217872
2.43244 0.00217872
2.4393 0.00218018
2.43933 0.00218147
2.43934 0.00218258
2.43936 0.00218357
2.43938 0.00218442
2.43939 0.00218517
2.43941 0.00218583
2.43942 0.00218641
2.43944 0.00218691
2.43946 0.00218735
2.43947 0.00218773
2.4395 0.00218807
2.43952 0.00218837
2.43954 0.00218862
2.43956 0.00218885
2.43957 0.00218905
2.4396 0.00218922
2.43962 0.00218937
2.43963 0.0021895
2.43965 0.00218962
2.43967 0.00218972
2.43968 0.00218981
2.43969 0.00218989
2.43972 0.00218995
2.43974 0.00219001
2.43976 0.00219007
2.43977 0.00219011
2.43979 0.00219015
2.4398 0.00219018
2.43983 0.00219022
2.43985 0.00219024
2.43987 0.00219026
2.43989 0.00219029
2.4399 0.0021903
2.43991 0.00219032
2.43993 0.00219033
2.43994 0.00219034
2.43996 0.00219035
2.43999 0.00219036
2.44 0.00219037
2.44002 0.00219038
2.44004 0.00219038
2.44006 0.00219039
2.44007 0.00219039
2.4401 0.0021904
2.44011 0.0021904
2.44012 0.00219041
2.44015 0.00219041
2.44016 0.00219041
2.44017 0.00219041
2.4402 0.00219041
2.44021 0.00219042
2.44022 0.00219042
2.44025 0.00219042
2.44026 0.00219042
2.44028 0.00219042
2.44029 0.00219042
2.44032 0.00219042
2.44034 0.00219042
2.44037 0.00219043
2.44148 0.00218904
2.44151 0.00218782
2.44152 0.00218676
2.44154 0.00218583
2.44156 0.00218502
2.44157 0.00218431
2.44159 0.00218368
2.4416 0.00218314
2.44162 0.00218266
2.44164 0.00218224
2.44165 0.00218188
2.44168 0.00218156
2.4417 0.00218128
2.44171 0.00218104
2.44174 0.00218082
2.44175 0.00218064
2.44178 0.00218047
2.4418 0.00218033
2.44181 0.0021802
2.44182 0.00218009
2.44185 0.00218
2.44186 0.00217991
2.44187 0.00217984
2.4419 0.00217978
2.44192 0.00217972
2.44193 0.00217967
2.44195 0.00217963
2.44197 0.00217959
2.44198 0.00217956
2.44201 0.00217953
2.44203 0.0021795
2.44204 0.00217948
2.44207 0.00217946
2.44208 0.00217944
2.44209 0.00217943
2.44211 0.00217942
2.44212 0.00217941
2.44214 0.00217939
2.44217 0.00217939
2.44218 0.00217938
2.4422 0.00217937
2.44222 0.00217936
2.44224 0.00217936
2.44225 0.00217936
2.44228 0.00217935
2.44229 0.00217935
2.4423 0.00217935
2.44233 0.00217934
2.44234 0.00217934
2.44235 0.00217934
2.44238 0.00217934
2.44239 0.00217934
2.4424 0.00217933
2.44242 0.00217933
2.44244 0.00217933
2.44246 0.00217933
2.44247 0.00217933
2.4425 0.00217933
2.44252 0.00217933
2.44366 0.00217925
2.44369 0.00217919
2.4437 0.00217913
2.44372 0.00217907
2.44373 0.00217903
2.44375 0.00217899
2.44377 0.00217896
2.44378 0.00217893
2.4438 0.0021789
2.44382 0.00217888
2.44383 0.00217886
2.44386 0.00217884
2.44388 0.00217883
2.44389 0.00217881
2.44392 0.0021788
2.44393 0.00217879
2.44395 0.00217878
2.44398 0.00217877
2.44399 0.00217877
2.444 0.00217876
2.44403 0.00217875
2.44404 0.00217875
2.44405 0.00217875
2.44408 0.00217874
2.4441 0.00217874
2.44411 0.00217873
2.44413 0.00217873
2.44415 0.00217873
2.44416 0.00217873
2.44419 0.00217873
2.44421 0.00217873
2.44422 0.00217872
2.44425 0.00217872
2.44426 0.00217872
2.44427 0.00217872
2.44428 0.00217872
2.4443 0.00217872
