1.00063 2920
1.00129 4380
1.00131 5840
1.00194 7300
1.00197 8760
1.00199 10220
1.00202 11680
1.0026 13140
1.00263 14600
1.00265 16060
1.00268 17520
1.0027 18980
1.00272 20440
1.00275 21900
1.00277 23360
1.00399 24820
1.00475 26280
1.00548 27740
1.00619 29200
1.00687 30660
1.00753 32120
1.00816 33580
1.00877 35040
1.00935 36500
1.00991 37960
1.0104 39420
1.01094 40880
1.01143 42340
1.01192 43800
1.01241 45260
1.0129 46720
1.01339 48180
1.01388 49640
1.01437 51100
1.01485 52560
1.01534 54020
1.01583 55480
1.01632 56940
1.01681 58400
1.0173 59860
1.01779 61320
1.01828 62780
1.01877 64240
1.01926 65700
1.01975 67160
1.02024 68620
1.02073 70080
1.02122 71540
1.02171 73000
1.0222 74460
1.02269 75920
1.02318 77380
1.02367 78840
1.02416 80300
1.02465 81760
1.02514 83220
1.02563 84680
1.02612 86140
1.02661 87600
1.02709 89060
1.02758 90520
1.02807 91980
1.02856 93440
1.02905 94900
1.02954 96360
1.03003 97820
1.03052 99280
1.03101 100740
1.0315 102200
1.03199 103660
1.03248 105120
1.03297 106580
1.03346 108040
1.03395 109500
1.03444 110960
1.03493 112420
1.03542 113880
1.03591 115340
1.0364 116800
1.03689 118260
1.03738 119720
1.03787 121180
1.03836 122640
1.03885 124100
1.03933 125560
1.03982 127020
1.04031 128480
1.0408 129940
1.04129 131400
1.04178 132860
1.04227 134320
1.04276 135780
1.04325 137240
1.04374 138700
1.04423 140160
1.04472 141620
1.04521 143080
1.0457 144540
1.04619 146000
1.04668 147460
1.04717 148920
1.04766 150380
1.04815 151840
1.04864 153300
1.04913 154760
1.04962 156220
1.05011 157680
1.0506 159140
1.05109 160600
1.05157 162060
1.05206 163520
1.05255 164980
1.05304 166440
1.05353 167900
1.05402 169360
1.05451 170820
1.055 172280
1.05549 173740
1.05598 175200
1.05647 176660
1.05696 178120
1.05745 179580
1.05794 181040
1.05843 182500
1.05892 183960
1.05941 185420
1.0599 186880
1.06039 188340
1.06088 189800
1.06137 191260
1.06186 192720
1.06235 194180
1.06284 195640
1.06333 197100
1.06381 198560
1.0643 200020
1.06479 201480
1.06528 202940
1.06577 204400
1.06626 205860
1.06675 207320
1.06724 208780
1.06773 210240
1.06822 211700
1.06871 213160
1.0692 214620
1.06969 216080
1.07018 217540
1.07067 219000
1.07116 220460
1.07165 221920
1.07214 223380
1.07263 224840
1.07312 226300
1.07361 227760
1.0741 229220
1.07459 230680
1.07508 232140
1.07557 233600
1.07605 235060
1.07654 236520
1.07703 237980
1.07752 239440
1.07801 240900
1.0785 242360
1.07899 243820
1.07948 245280
1.07997 246740
1.08046 248200
1.08095 249660
1.08144 251120
1.08193 252580
1.08242 254040
1.08291 255500
1.0834 256960
1.08389 258420
1.08438 259880
1.08487 261340
1.08536 262800
1.08585 264260
1.08634 265720
1.08683 267180
1.08732 268640
1.08781 270100
1.08829 271560
1.08878 273020
1.08927 274480
1.08976 275940
1.09025 277400
1.09074 278860
1.09123 280320
1.09172 281780
1.09221 283240
1.0927 284700
1.09319 286160
1.09368 287620
1.09417 289080
1.09466 290540
1.09515 292000
1.09564 293460
1.09613 294920
1.09662 296380
1.09711 297840
1.0976 299300
1.09809 300760
1.09858 302220
1.09907 303680
1.09956 305140
1.10005 306600
1.10053 308060
1.10108 309520
1.10157 310980
1.10206 312440
1.10255 313900
1.10304 315360
1.10353 316820
1.10402 318280
1.10451 319740
1.105 321200
1.10549 322660
1.10598 324120
1.10647 325580
1.10696 327040
1.10745 328500
1.10794 329960
1.10843 331420
1.10891 332880
1.1094 334340
1.10989 335800
1.11038 337260
1.11087 338720
1.11136 340180
1.11185 341640
1.11234 343100
1.11283 344560
1.11332 346020
1.11381 347480
1.1143 348940
1.11479 350400
1.11528 351860
1.11577 353320
1.11626 354780
1.11675 356240
1.11724 357700
1.11773 359160
1.11822 360620
1.11871 362080
1.1192 363540
1.11969 365000
1.12018 366460
1.12067 367920
1.12115 369380
1.12164 370840
1.12213 372300
1.12262 373760
1.12311 375220
1.1236 376680
1.12409 378140
1.12458 379600
1.12507 381060
1.12556 382520
1.12605 383980
1.12654 385440
1.12703 386900
1.12752 388360
1.12801 389820
1.1285 391280
1.12899 392740
1.12948 394200
1.12997 395660
1.13046 397120
1.13095 398580
1.13144 400040
1.13193 401500
1.13242 402960
1.13291 404420
1.13339 405880
1.13388 407340
1.13437 408800
1.13486 410260
1.13535 411720
1.13584 413180
1.13633 414640
1.13682 416100
1.13731 417560
1.1378 419020
1.13829 420480
1.13878 421940
1.13927 423400
1.13976 424860
1.14025 426320
1.14074 427780
1.14123 429240
1.14172 430700
1.14221 432160
1.1427 433620
1.14319 435080
1.14368 436540
1.14417 438000
1.14466 439460
1.14515 440920
1.14563 442380
1.14612 443840
1.14661 445300
1.1471 446760
1.14759 448220
1.14808 449680
1.14857 451140
1.14906 452600
1.14955 454060
1.15004 455520
1.15053 456980
1.15102 458440
1.15151 459900
1.152 461360
1.15249 462820
1.15298 464280
1.15347 465740
1.15396 467200
1.15445 468660
1.15494 470120
1.15543 471580
1.15592 473040
1.15641 474500
1.1569 475960
1.15739 477420
1.15787 478880
1.15836 480340
1.15885 481800
1.15934 483260
1.15983 484720
1.16032 486180
1.16081 487640
1.1613 489100
1.16179 490560
1.16228 492020
1.16277 493480
1.16326 494940
1.16375 496400
1.16424 497860
1.16473 499320
1.16522 500780
1.16571 502240
1.1662 503700
1.16669 505160
1.16718 506620
1.16767 508080
1.16816 509540
1.16865 511000
1.16914 512460
1.16963 513920
1.17011 515380
1.1706 516840
1.17109 518300
1.17158 519760
1.17207 521220
1.17256 522680
1.17305 524140
1.17354 525600
1.17403 527060
1.17452 528520
1.17501 529980
1.1755 531440
1.17599 532900
1.17648 534360
1.17697 535820
1.17746 537280
1.17795 538740
1.17844 540200
1.17893 541660
1.17942 543120
1.17991 544580
1.1804 546040
1.18089 547500
1.18138 548960
1.18187 550420
1.18235 551880
1.18284 553340
1.18333 554800
1.18382 556260
1.18431 557720
1.1848 559180
1.18529 560640
1.18578 562100
1.18627 563560
1.18676 565020
1.18725 566480
1.18774 567940
1.18823 569400
1.18872 570860
1.18921 572320
1.1897 573780
1.19019 575240
1.19068 576700
1.19117 578160
1.19166 579620
1.19215 581080
1.19264 582540
1.19313 584000
1.19362 585460
1.19411 586920
1.19459 588380
1.19508 589840
1.19557 591300
1.19606 592760
1.19655 594220
1.19704 595680
1.19753 597140
1.19802 598600
1.19851 600060
1.199 601520
1.19949 602980
1.19998 604440
1.20047 605900
1.20096 607360
1.20145 608820
1.20194 610280
1.20243 611740
1.20292 613200
1.20341 614660
1.2039 616120
1.20439 617580
1.20488 619040
1.20537 620500
1.20586 621960
1.20635 623420
1.20683 624880
1.20732 626340
1.20781 627800
1.2083 629260
1.20879 630720
1.20928 632180
1.20977 633640
1.21026 635100
1.21075 636560
1.21124 638020
1.21173 639480
1.21222 640940
1.21271 642400
1.2132 643860
1.21369 645320
1.21418 646780
1.21467 648240
1.21516 649700
1.21565 651160
1.21614 652620
1.21663 654080
1.21712 655540
1.21761 657000
1.2181 658460
1.21859 659920
1.21907 661380
1.21956 662840
1.22005 664300
1.22054 665760
1.22103 667220
1.22152 668680
1.22201 670140
1.2225 671600
1.22299 673060
1.22348 674520
1.22397 675980
1.22446 677440
1.22495 678900
1.22544 680360
1.22593 681820
1.22642 683280
1.22691 684740
1.2274 686200
1.22789 687660
1.22838 689120
1.22887 690580
1.22936 692040
1.22985 693500
1.23034 694960
1.23083 696420
1.23131 697880
1.2318 699340
1.23229 700800
1.23278 702260
1.23327 703720
1.23376 705180
1.23425 706640
1.23474 708100
1.23523 709560
1.23572 711020
1.23621 712480
1.2367 713940
1.23719 715400
1.23768 716860
1.23817 718320
1.23866 719780
1.23915 721240
1.23964 722700
1.24013 724160
1.24062 725620
1.24111 727080
1.2416 728540
1.24209 730000
1.24258 731460
1.24307 732920
1.24355 734380
1.24404 735840
1.24453 737300
1.24502 738760
1.24551 740220
1.246 741680
1.24649 743140
1.24698 744600
1.24747 746060
1.24796 747520
1.24845 748980
1.24894 750440
1.24943 751900
1.24992 753360
1.25041 754820
1.2509 756280
1.25139 757740
1.25188 759200
1.25237 760660
1.25286 762120
1.25335 763580
1.25384 765040
1.25433 766500
1.25482 767960
1.25531 769420
1.25579 770880
1.25628 772340
1.25677 773800
1.25726 775260
1.25775 776720
1.25824 778180
1.25873 779640
1.25922 781100
1.25971 782560
1.2602 784020
1.26069 785480
1.26118 786940
1.26167 788400
1.26216 789860
1.26265 791320
1.26314 792780
1.26363 794240
1.26412 795700
1.26461 797160
1.2651 798620
1.26559 800080
1.26608 801540
1.26657 803000
1.26706 804460
1.26755 805920
1.26803 807380
1.26852 808840
1.26901 810300
1.2695 811760
1.26999 813220
1.27048 814680
1.27097 816140
1.27146 817600
1.27195 819060
1.27244 820520
1.27293 821980
1.27342 823440
1.27391 824900
1.2744 826360
1.27489 827820
1.27538 829280
1.27587 830740
1.27636 832200
1.27685 833660
1.27734 835120
1.27783 836580
1.27832 838040
1.27881 839500
1.2793 840960
1.27979 842420
1.28027 843880
1.28076 845340
1.28125 846800
1.28174 848260
1.28223 849720
1.28272 851180
1.28321 852640
1.2837 854100
1.28419 855560
1.28468 857020
1.28517 858480
1.28566 859940
1.28615 861400
1.28664 862860
1.28713 864320
1.28762 865780
1.28811 867240
1.2886 868700
1.28909 870160
1.28958 871620
1.29007 873080
1.29056 874540
1.29105 876000
1.29154 877460
1.29203 878920
1.29251 880380
1.293 881840
1.29349 883300
1.29398 884760
1.29447 886220
1.29496 887680
1.29545 889140
1.29594 890600
1.29643 892060
1.29692 893520
1.29741 894980
1.2979 896440
1.29839 897900
1.29888 899360
1.29937 900820
1.29986 902280
1.30035 903740
1.30089 905200
1.30138 906660
1.30187 908120
1.30236 909580
1.30285 911040
1.30334 912500
1.30383 913960
1.30432 915420
1.30481 916880
1.3053 918340
1.30579 919800
1.30628 921260
1.30677 922720
1.30726 924180
1.30775 925640
1.30824 927100
1.30873 928560
1.30922 930020
1.30971 931480
1.3102 932940
1.31069 934400
1.31118 935860
1.31167 937320
1.31216 938780
1.31264 940240
1.31313 941700
1.31362 943160
1.31411 944620
1.3146 946080
1.31509 947540
1.31558 949000
1.31607 950460
1.31656 951920
1.31705 953380
1.31754 954840
1.31803 956300
1.31852 957760
1.31901 959220
1.3195 960680
1.31999 962140
1.32048 963600
1.32097 965060
1.32146 966520
1.32195 967980
1.32244 969440
1.32293 970900
1.32342 972360
1.32391 973820
1.3244 975280
1.32488 976740
1.32537 978200
1.32586 979660
1.32635 981120
1.32684 982580
1.32733 984040
1.32782 985500
1.32831 986960
1.3288 988420
1.32929 989880
1.32978 991340
1.33027 992800
1.33076 994260
1.33125 995720
1.33174 997180
1.33223 998640
1.33272 1000100
1.33321 1001560
1.3337 1003020
1.33419 1004480
1.33468 1005940
1.33517 1007400
1.33566 1008860
1.33615 1010320
1.33664 1011780
1.33712 1013240
1.33761 1014700
1.3381 1016160
1.33859 1017620
1.33908 1019080
1.33957 1020540
1.34006 1022000
1.34055 1023460
1.34104 1024920
1.34153 1026380
1.34202 1027840
1.34251 1029300
1.343 1030760
1.34349 1032220
1.34398 1033680
1.34447 1035140
1.34496 1036600
1.34545 1038060
1.34594 1039520
1.34643 1040980
1.34692 1042440
1.34741 1043900
1.3479 1045360
1.34839 1046820
1.34888 1048280
1.34936 1049740
1.34985 1051200
1.35034 1052660
1.35083 1054120
1.35132 1055580
1.35181 1057040
1.3523 1058500
1.35279 1059960
1.35328 1061420
1.35377 1062880
1.35426 1064340
1.35475 1065800
1.35524 1067260
1.35573 1068720
1.35622 1070180
1.35671 1071640
1.3572 1073100
1.35769 1074560
1.35818 1076020
1.35867 1077480
1.35916 1078940
1.35965 1080400
1.36014 1081860
1.36063 1083320
1.36112 1084780
1.3616 1086240
1.36209 1087700
1.36258 1089160
1.36307 1090620
1.36356 1092080
1.36405 1093540
1.36454 1095000
1.36503 1096460
1.36552 1097920
1.36601 1099380
1.3665 1100840
1.36699 1102300
1.36748 1103760
1.36797 1105220
1.36846 1106680
1.36895 1108140
1.36944 1109600
1.36993 1111060
1.37042 1112520
1.37091 1113980
1.3714 1115440
1.37189 1116900
1.37238 1118360
1.37287 1119820
1.37336 1121280
1.37384 1122740
1.37433 1124200
1.37482 1125660
1.37531 1127120
1.3758 1128580
1.37629 1130040
1.37678 1131500
1.37727 1132960
1.37776 1134420
1.37825 1135880
1.37874 1137340
1.37923 1138800
1.37972 1140260
1.38021 1141720
1.3807 1143180
1.38119 1144640
1.38168 1146100
1.38217 1147560
1.38266 1149020
1.38315 1150480
1.38364 1151940
1.38413 1153400
1.38462 1154860
1.38511 1156320
1.3856 1157780
1.38608 1159240
1.38657 1160700
1.38706 1162160
1.38755 1163620
1.38804 1165080
1.38853 1166540
1.38902 1168000
1.38951 1169460
1.39 1170920
1.39049 1172380
1.39098 1173840
1.39147 1175300
1.39196 1176760
1.39245 1178220
1.39294 1179680
1.39343 1181140
1.39392 1182600
1.39441 1184060
1.3949 1185520
1.39539 1186980
1.39588 1188440
1.39637 1189900
1.39686 1191360
1.39735 1192820
1.39784 1194280
1.39832 1195740
1.39881 1197200
1.3993 1198660
1.39979 1200120
1.40028 1201580
1.40077 1203040
1.40126 1204500
1.40175 1205960
1.40224 1207420
1.40273 1208880
1.40322 1210340
1.40371 1211800
1.4042 1213260
1.40469 1214720
1.40518 1216180
1.40567 1217640
1.40616 1219100
1.40665 1220560
1.40714 1222020
1.40763 1223480
1.40812 1224940
1.40861 1226400
1.4091 1227860
1.40959 1229320
1.41008 1230780
1.41056 1232240
1.41105 1233700
1.41154 1235160
1.41203 1236620
1.41252 1238080
1.41301 1239540
1.4135 1241000
1.41399 1242460
1.41448 1243920
1.41497 1245380
1.41546 1246840
1.41595 1248300
1.41644 1249760
1.41693 1251220
1.41742 1252680
1.41791 1254140
1.4184 1255600
1.41889 1257060
1.41938 1258520
1.41987 1259980
1.42036 1261440
1.42085 1262900
1.42134 1264360
1.42183 1265820
1.42232 1267280
1.4228 1268740
1.42329 1270200
1.42378 1271660
1.42427 1273120
1.42476 1274580
1.42525 1276040
1.42574 1277500
1.42623 1278960
1.42672 1280420
1.42721 1281880
1.4277 1283340
1.42819 1284800
1.42868 1286260
1.42917 1287720
1.42966 1289180
1.43015 1290640
1.43064 1292100
1.43113 1293560
1.43162 1295020
1.43211 1296480
1.4326 1297940
1.43309 1299400
1.43358 1300860
1.43407 1302320
1.43456 1303780
1.43504 1305240
1.43553 1306700
1.43602 1308160
1.43651 1309620
1.437 1311080
1.43749 1312540
1.43798 1314000
1.43847 1315460
1.43896 1316920
1.43945 1318380
1.43994 1319840
1.44043 1321300
1.44092 1322760
1.44141 1324220
1.4419 1325680
1.44239 1327140
1.44288 1328600
1.44337 1330060
1.44386 1331520
1.44435 1332980
1.44484 1334440
1.44533 1335900
1.44582 1337360
1.44631 1338820
1.4468 1340280
1.44728 1341740
1.44777 1343200
1.44826 1344660
1.44875 1346120
1.44924 1347580
1.44973 1349040
1.45022 1350500
1.45071 1351960
1.4512 1353420
1.45169 1354880
1.45218 1356340
1.45267 1357800
1.45316 1359260
1.45365 1360720
1.45414 1362180
1.45463 1363640
1.45512 1365100
1.45561 1366560
1.4561 1368020
1.45659 1369480
1.45708 1370940
1.45757 1372400
1.45806 1373860
1.45855 1375320
1.45904 1376780
1.45952 1378240
1.46001 1379700
1.4605 1381160
1.46099 1382620
1.46148 1384080
1.46197 1385540
1.46246 1387000
1.46295 1388460
1.46344 1389920
1.46393 1391380
1.46442 1392840
1.46491 1394300
1.4654 1395760
1.46589 1397220
1.46638 1398680
1.46687 1400140
1.46736 1401600
1.46785 1403060
1.46834 1404520
1.46883 1405980
1.46932 1407440
1.46981 1408900
1.4703 1410360
1.47079 1411820
1.47128 1413280
1.47176 1414740
1.47225 1416200
1.47274 1417660
1.47323 1419120
1.47372 1420580
1.47421 1422040
1.4747 1423500
1.47519 1424960
1.47568 1426420
1.47617 1427880
1.47666 1429340
1.47714 1430800
1.47764 1432260
1.47813 1433720
1.47862 1435180
1.47911 1436640
1.4796 1438100
1.48009 1439560
1.48057 1441020
1.48107 1442480
1.48156 1443940
1.48205 1445400
1.48254 1446860
1.48303 1448320
1.48352 1449780
1.48399 1451240
1.48449 1452700
1.48498 1454160
1.48547 1455620
1.48596 1457080
1.48645 1458540
1.48694 1460000
1.48742 1461460
1.48792 1462920
1.48841 1464380
1.4889 1465840
1.48939 1467300
1.48988 1468760
1.49037 1470220
1.49085 1471680
1.49135 1473140
1.49184 1474600
1.49233 1476060
1.49282 1477520
1.49331 1478980
1.4938 1480440
1.49427 1481900
1.49478 1483360
1.49527 1484820
1.49576 1486280
1.49624 1487740
1.49673 1489200
1.49722 1490660
1.4977 1492120
1.4982 1493580
1.49869 1495040
1.49918 1496500
1.49967 1497960
1.50016 1499420
1.50065 1500880
1.50113 1502340
1.50163 1503800
1.50212 1505260
1.50261 1506720
1.5031 1508180
1.50359 1509640
1.50408 1511100
1.50456 1512560
1.50506 1514020
1.50555 1515480
1.50604 1516940
1.50653 1518400
1.50702 1519860
1.50751 1521320
1.50798 1522780
1.50848 1524240
1.50897 1525700
1.50946 1527160
1.50995 1528620
1.51044 1530080
1.51093 1531540
1.51141 1533000
1.51191 1534460
1.5124 1535920
1.51289 1537380
1.51338 1538840
1.51387 1540300
1.51436 1541760
1.51484 1543220
1.51534 1544680
1.51583 1546140
1.51632 1547600
1.51681 1549060
1.5173 1550520
1.51779 1551980
1.51826 1553440
1.51877 1554900
1.51926 1556360
1.51975 1557820
1.52024 1559280
1.52072 1560740
1.52121 1562200
1.52169 1563660
1.52219 1565120
1.52268 1566580
1.52317 1568040
1.52366 1569500
1.52415 1570960
1.52464 1572420
1.52512 1573880
1.52562 1575340
1.52611 1576800
1.5266 1578260
1.52709 1579720
1.52758 1581180
1.52807 1582640
1.52855 1584100
1.52905 1585560
1.52954 1587020
1.53003 1588480
1.53052 1589940
1.53101 1591400
1.5315 1592860
1.53197 1594320
1.53248 1595780
1.53296 1597240
1.53345 1598700
1.53394 1600160
1.53443 1601620
1.53492 1603080
1.5354 1604540
1.5359 1606000
1.53639 1607460
1.53688 1608920
1.53737 1610380
1.53786 1611840
1.53835 1613300
1.53883 1614760
1.53933 1616220
1.53982 1617680
1.54031 1619140
1.5408 1620600
1.54129 1622060
1.54178 1623520
1.54225 1624980
1.54276 1626440
1.54325 1627900
1.54374 1629360
1.54423 1630820
1.54472 1632280
1.5452 1633740
1.54568 1635200
1.54618 1636660
1.54667 1638120
1.54716 1639580
1.54765 1641040
1.54814 1642500
1.54863 1643960
1.54911 1645420
1.54961 1646880
1.5501 1648340
1.55059 1649800
1.55108 1651260
1.55157 1652720
1.55206 1654180
1.55254 1655640
1.55304 1657100
1.55353 1658560
1.55402 1660020
1.55451 1661480
1.555 1662940
1.55549 1664400
1.55596 1665860
1.55647 1667320
1.55696 1668780
1.55744 1670240
1.55793 1671700
1.55842 1673160
1.55891 1674620
1.55939 1676080
1.55989 1677540
1.56038 1679000
1.56087 1680460
1.56136 1681920
1.56185 1683380
1.56234 1684840
1.56282 1686300
1.56332 1687760
1.56381 1689220
1.5643 1690680
1.56479 1692140
1.56528 1693600
1.56577 1695060
1.56625 1696520
1.56675 1697980
1.56724 1699440
1.56773 1700900
1.56822 1702360
1.56871 1703820
1.5692 1705280
1.56967 1706740
1.57017 1708200
1.57066 1709660
1.57115 1711120
1.57164 1712580
1.57213 1714040
1.57262 1715500
1.5731 1716960
1.5736 1718420
1.57409 1719880
1.57458 1721340
1.57507 1722800
1.57556 1724260
1.57605 1725720
1.57653 1727180
1.57703 1728640
1.57752 1730100
1.57801 1731560
1.5785 1733020
1.57899 1734480
1.57948 1735940
1.57995 1737400
1.58046 1738860
1.58095 1740320
1.58144 1741780
1.58192 1743240
1.58241 1744700
1.5829 1746160
1.58338 1747620
1.58388 1749080
1.58437 1750540
1.58486 1752000
1.58535 1753460
1.58584 1754920
1.58633 1756380
1.58681 1757840
1.58731 1759300
1.5878 1760760
1.58829 1762220
1.58878 1763680
1.58927 1765140
1.58976 1766600
1.59024 1768060
1.59074 1769520
1.59123 1770980
1.59172 1772440
1.59221 1773900
1.5927 1775360
1.59319 1776820
1.59366 1778280
1.59416 1779740
1.59465 1781200
1.59514 1782660
1.59563 1784120
1.59612 1785580
1.59661 1787040
1.59709 1788500
1.59759 1789960
1.59808 1791420
1.59857 1792880
1.59906 1794340
1.59955 1795800
1.60004 1797260
1.60052 1798720
1.60102 1800180
1.60151 1801640
1.602 1803100
1.60249 1804560
1.60298 1806020
1.60347 1807480
1.60394 1808940
1.60445 1810400
1.60494 1811860
1.60543 1813320
1.60592 1814780
1.6064 1816240
1.60689 1817700
1.60737 1819160
1.60787 1820620
1.60836 1822080
1.60885 1823540
1.60934 1825000
1.60983 1826460
1.61032 1827920
1.6108 1829380
1.6113 1830840
1.61179 1832300
1.61228 1833760
1.61277 1835220
1.61326 1836680
1.61375 1838140
1.61423 1839600
1.61473 1841060
1.61522 1842520
1.61571 1843980
1.6162 1845440
1.61669 1846900
1.61718 1848360
1.61765 1849820
1.61816 1851280
1.61864 1852740
1.61913 1854200
1.61962 1855660
1.62011 1857120
1.6206 1858580
1.62108 1860040
1.62158 1861500
1.62207 1862960
1.62256 1864420
1.62305 1865880
1.62354 1867340
1.62403 1868800
1.62451 1870260
1.62501 1871720
1.6255 1873180
1.62599 1874640
1.62648 1876100
1.62697 1877560
1.62746 1879020
1.62793 1880480
1.62844 1881940
1.62893 1883400
1.62942 1884860
1.62991 1886320
1.6304 1887780
1.63088 1889240
1.63136 1890700
1.63186 1892160
1.63235 1893620
1.63284 1895080
1.63333 1896540
1.63382 1898000
1.63431 1899460
1.63479 1900920
1.63529 1902380
1.63578 1903840
1.63627 1905300
1.63676 1906760
1.63725 1908220
1.63774 1909680
1.63822 1911140
1.63872 1912600
1.63921 1914060
1.6397 1915520
1.64019 1916980
1.64068 1918440
1.64117 1919900
1.64164 1921360
1.64215 1922820
1.64264 1924280
1.64312 1925740
1.64361 1927200
1.6441 1928660
1.64459 1930120
1.64507 1931580
1.64557 1933040
1.64606 1934500
1.64655 1935960
1.64704 1937420
1.64753 1938880
1.64802 1940340
1.6485 1941800
1.649 1943260
1.64949 1944720
1.64998 1946180
1.65047 1947640
1.65096 1949100
1.65145 1950560
1.65193 1952020
1.65243 1953480
1.65292 1954940
1.65341 1956400
1.6539 1957860
1.65439 1959320
1.65488 1960780
1.65535 1962240
1.65585 1963700
1.65634 1965160
1.65683 1966620
1.65732 1968080
1.65781 1969540
1.6583 1971000
1.65878 1972460
1.65928 1973920
1.65977 1975380
1.66026 1976840
1.66075 1978300
1.66124 1979760
1.66173 1981220
1.66221 1982680
1.66271 1984140
1.6632 1985600
1.66369 1987060
1.66418 1988520
1.66467 1989980
1.66516 1991440
1.66563 1992900
1.66614 1994360
1.66663 1995820
1.66712 1997280
1.6676 1998740
1.66809 2000200
1.66858 2001660
1.66906 2003120
1.66956 2004580
1.67005 2006040
1.67054 2007500
1.67103 2008960
1.67152 2010420
1.67201 2011880
1.67249 2013340
1.67299 2014800
1.67348 2016260
1.67397 2017720
1.67446 2019180
1.67495 2020640
1.67544 2022100
1.67592 2023560
1.67642 2025020
1.67691 2026480
1.6774 2027940
1.67789 2029400
1.67838 2030860
1.67887 2032320
1.67934 2033780
1.67984 2035240
1.68033 2036700
1.68082 2038160
1.68131 2039620
1.6818 2041080
1.68229 2042540
1.68277 2044000
1.68327 2045460
1.68376 2046920
1.68425 2048380
1.68474 2049840
1.68523 2051300
1.68572 2052760
1.6862 2054220
1.6867 2055680
1.68719 2057140
1.68768 2058600
1.68817 2060060
1.68866 2061520
1.68915 2062980
1.68962 2064440
1.69013 2065900
1.69062 2067360
1.69111 2068820
1.6916 2070280
1.69208 2071740
1.69257 2073200
1.69305 2074660
1.69355 2076120
1.69404 2077580
1.69453 2079040
1.69502 2080500
1.69551 2081960
1.696 2083420
1.69648 2084880
1.69698 2086340
1.69747 2087800
1.69796 2089260
1.69845 2090720
1.69894 2092180
1.69943 2093640
1.69991 2095100
1.70041 2096560
1.7009 2098020
1.70139 2099480
1.70188 2100940
1.70237 2102400
1.70286 2103860
1.70333 2105320
1.70384 2106780
1.70432 2108240
1.70481 2109700
1.7053 2111160
1.70579 2112620
1.70628 2114080
1.70676 2115540
1.70726 2117000
1.70775 2118460
1.70824 2119920
1.70873 2121380
1.70922 2122840
1.70971 2124300
1.71019 2125760
1.71069 2127220
1.71118 2128680
1.71167 2130140
1.71216 2131600
1.71265 2133060
1.71314 2134520
1.71361 2135980
1.71412 2137440
1.71461 2138900
1.7151 2140360
1.71559 2141820
1.71608 2143280
1.71656 2144740
1.71704 2146200
1.71754 2147660
1.71803 2149120
1.71852 2150580
1.71901 2152040
1.7195 2153500
1.71999 2154960
1.72047 2156420
1.72097 2157880
1.72146 2159340
1.72195 2160800
1.72244 2162260
1.72293 2163720
1.72342 2165180
1.7239 2166640
1.7244 2168100
1.72489 2169560
1.72538 2171020
1.72587 2172480
1.72636 2173940
1.72685 2175400
1.72732 2176860
1.72783 2178320
1.72832 2179780
1.7288 2181240
1.72929 2182700
1.72978 2184160
1.73027 2185620
1.73075 2187080
1.73125 2188540
1.73174 2190000
1.73223 2191460
1.73272 2192920
1.73321 2194380
1.7337 2195840
1.73418 2197300
1.73468 2198760
1.73517 2200220
1.73566 2201680
1.73615 2203140
1.73664 2204600
1.73713 2206060
1.73761 2207520
1.73811 2208980
1.7386 2210440
1.73909 2211900
1.73958 2213360
1.74007 2214820
1.74056 2216280
1.74103 2217740
1.74153 2219200
1.74202 2220660
1.74251 2222120
1.743 2223580
1.74349 2225040
1.74398 2226500
1.74446 2227960
1.74496 2229420
1.74545 2230880
1.74594 2232340
1.74643 2233800
1.74692 2235260
1.74741 2236720
1.74789 2238180
1.74839 2239640
1.74888 2241100
1.74937 2242560
1.74986 2244020
1.75035 2245480
1.75084 2246940
1.75131 2248400
1.75182 2249860
1.75231 2251320
1.7528 2252780
1.75328 2254240
1.75377 2255700
1.75426 2257160
1.75474 2258620
1.75524 2260080
1.75573 2261540
1.75622 2263000
1.75671 2264460
1.7572 2265920
1.75769 2267380
1.75817 2268840
1.75867 2270300
1.75916 2271760
1.75965 2273220
1.76014 2274680
1.76063 2276140
1.76112 2277600
1.7616 2279060
1.7621 2280520
1.76259 2281980
1.76308 2283440
1.76357 2284900
1.76406 2286360
1.76455 2287820
1.76502 2289280
1.76552 2290740
1.76601 2292200
1.7665 2293660
1.76699 2295120
1.76748 2296580
1.76797 2298040
1.76845 2299500
1.76895 2300960
1.76944 2302420
1.76993 2303880
1.77042 2305340
1.77091 2306800
1.7714 2308260
1.77188 2309720
1.77238 2311180
1.77287 2312640
1.77336 2314100
1.77385 2315560
1.77434 2317020
1.77483 2318480
1.7753 2319940
1.77581 2321400
1.7763 2322860
1.77679 2324320
1.77728 2325780
1.77776 2327240
1.77825 2328700
1.77873 2330160
1.77923 2331620
1.77972 2333080
1.78021 2334540
1.7807 2336000
1.78119 2337460
1.78168 2338920
1.78216 2340380
1.78266 2341840
1.78315 2343300
1.78364 2344760
1.78413 2346220
1.78462 2347680
1.78511 2349140
1.78559 2350600
1.78609 2352060
1.78658 2353520
1.78707 2354980
1.78756 2356440
1.78805 2357900
1.78854 2359360
1.78901 2360820
1.78952 2362280
1.79 2363740
1.79049 2365200
1.79098 2366660
1.79147 2368120
1.79196 2369580
1.79244 2371040
1.79294 2372500
1.79343 2373960
1.79392 2375420
1.79441 2376880
1.7949 2378340
1.79539 2379800
1.79587 2381260
1.79637 2382720
1.79686 2384180
1.79734 2385640
1.79784 2387100
1.79833 2388560
1.79882 2390020
1.79929 2391480
1.7998 2392940
1.80029 2394400
1.80076 2395860
1.80127 2397320
1.80176 2398780
1.80224 2400240
1.80272 2401700
1.80322 2403160
1.80371 2404620
1.80419 2406080
1.80469 2407540
1.80518 2409000
1.80567 2410460
1.80615 2411920
1.80665 2413380
1.80714 2414840
1.80762 2416300
1.80812 2417760
1.80861 2419220
1.8091 2420680
1.80958 2422140
1.81008 2423600
1.81057 2425060
1.81105 2426520
1.81155 2427980
1.81204 2429440
1.81253 2430900
1.813 2432360
1.81351 2433820
1.814 2435280
1.81447 2436740
1.81497 2438200
1.81546 2439660
1.81595 2441120
1.81643 2442580
1.81693 2444040
1.81742 2445500
1.8179 2446960
1.8184 2448420
1.81889 2449880
1.81938 2451340
1.81986 2452800
1.82036 2454260
1.82085 2455720
1.82133 2457180
1.82183 2458640
1.82232 2460100
1.82281 2461560
1.82329 2463020
1.82379 2464480
1.82428 2465940
1.82475 2467400
1.82526 2468860
1.82575 2470320
1.82624 2471780
1.82671 2473240
1.82721 2474700
1.8277 2476160
1.82818 2477620
1.82868 2479080
1.82917 2480540
1.82966 2482000
1.83014 2483460
1.83064 2484920
1.83113 2486380
1.83161 2487840
1.83211 2489300
1.8326 2490760
1.83309 2492220
1.83357 2493680
1.83407 2495140
1.83456 2496600
1.83504 2498060
1.83554 2499520
1.83603 2500980
1.83652 2502440
1.83699 2503900
1.8375 2505360
1.83799 2506820
1.83846 2508280
1.83896 2509740
1.83945 2511200
1.83994 2512660
1.84042 2514120
1.84092 2515580
1.84141 2517040
1.84189 2518500
1.84239 2519960
1.84288 2521420
1.84337 2522880
1.84385 2524340
1.84435 2525800
1.84484 2527260
1.84532 2528720
1.84582 2530180
1.84631 2531640
1.8468 2533100
1.84728 2534560
1.84778 2536020
1.84827 2537480
1.84874 2538940
1.84925 2540400
1.84974 2541860
1.85023 2543320
1.8507 2544780
1.8512 2546240
1.85169 2547700
1.85217 2549160
1.85267 2550620
1.85316 2552080
1.85365 2553540
1.85413 2555000
1.85463 2556460
1.85512 2557920
1.8556 2559380
1.8561 2560840
1.85659 2562300
1.85708 2563760
1.85756 2565220
1.85806 2566680
1.85855 2568140
1.85903 2569600
1.85953 2571060
1.86002 2572520
1.86051 2573980
1.86098 2575440
1.86149 2576900
1.86198 2578360
1.86245 2579820
1.86296 2581280
1.86344 2582740
1.86393 2584200
1.86441 2585660
1.86491 2587120
1.8654 2588580
1.86588 2590040
1.86638 2591500
1.86687 2592960
1.86736 2594420
1.86784 2595880
1.86834 2597340
1.86883 2598800
1.86931 2600260
1.86981 2601720
1.8703 2603180
1.87079 2604640
1.87127 2606100
1.87177 2607560
1.87226 2609020
1.87273 2610480
1.87324 2611940
1.87373 2613400
1.87422 2614860
1.87469 2616320
1.8752 2617780
1.87568 2619240
1.87616 2620700
1.87666 2622160
1.87715 2623620
1.87764 2625080
1.87812 2626540
1.87862 2628000
1.87911 2629460
1.87959 2630920
1.88009 2632380
1.88058 2633840
1.88107 2635300
1.88155 2636760
1.88205 2638220
1.88254 2639680
1.88302 2641140
1.88352 2642600
1.88401 2644060
1.8845 2645520
1.88497 2646980
1.88548 2648440
1.88597 2649900
1.88644 2651360
1.88695 2652820
1.88744 2654280
1.88792 2655740
1.8884 2657200
1.8889 2658660
1.88939 2660120
1.88987 2661580
1.89037 2663040
1.89086 2664500
1.89135 2665960
1.89183 2667420
1.89233 2668880
1.89282 2670340
1.8933 2671800
1.8938 2673260
1.89429 2674720
1.89478 2676180
1.89526 2677640
1.89576 2679100
1.89625 2680560
1.89673 2682020
1.89723 2683480
1.89772 2684940
1.89821 2686400
1.89868 2687860
1.89919 2689320
1.89968 2690780
1.90015 2692240
1.90065 2693700
1.90114 2695160
1.90163 2696620
1.90211 2698080
1.90261 2699540
1.9031 2701000
1.90358 2702460
1.90408 2703920
1.90457 2705380
1.90506 2706840
1.90554 2708300
1.90604 2709760
1.90653 2711220
1.90701 2712680
1.90751 2714140
1.908 2715600
1.90849 2717060
1.90897 2718520
1.90947 2719980
1.90996 2721440
1.91043 2722900
1.91094 2724360
1.91143 2725820
1.91192 2727280
1.91239 2728740
1.91289 2730200
1.91338 2731660
1.91386 2733120
1.91436 2734580
1.91485 2736040
1.91534 2737500
1.91582 2738960
1.91632 2740420
1.91681 2741880
1.91729 2743340
1.91779 2744800
1.91828 2746260
1.91877 2747720
1.91925 2749180
1.91975 2750640
1.92024 2752100
1.92072 2753560
1.92122 2755020
1.92171 2756480
1.9222 2757940
1.92267 2759400
1.92318 2760860
1.92367 2762320
1.92414 2763780
1.92464 2765240
1.92513 2766700
1.92562 2768160
1.9261 2769620
1.9266 2771080
1.92709 2772540
1.92757 2774000
1.92807 2775460
1.92856 2776920
1.92905 2778380
1.92953 2779840
1.93003 2781300
1.93052 2782760
1.931 2784220
1.9315 2785680
1.93199 2787140
1.93248 2788600
1.93296 2790060
1.93346 2791520
1.93395 2792980
1.93442 2794440
1.93493 2795900
1.93542 2797360
1.93591 2798820
1.93638 2800280
1.93688 2801740
1.93737 2803200
1.93785 2804660
1.93835 2806120
1.93884 2807580
1.93933 2809040
1.93981 2810500
1.94031 2811960
1.9408 2813420
1.94128 2814880
1.94178 2816340
1.94227 2817800
1.94276 2819260
1.94324 2820720
1.94374 2822180
1.94423 2823640
1.94471 2825100
1.94521 2826560
1.9457 2828020
1.94619 2829480
1.94666 2830940
1.94717 2832400
1.94766 2833860
1.94813 2835320
1.94864 2836780
1.94912 2838240
1.94961 2839700
1.95009 2841160
1.95059 2842620
1.95108 2844080
1.95156 2845540
1.95206 2847000
1.95255 2848460
1.95304 2849920
1.95352 2851380
1.95402 2852840
1.95451 2854300
1.95499 2855760
1.95549 2857220
1.95598 2858680
1.95647 2860140
1.95695 2861600
1.95745 2863060
1.95794 2864520
1.95841 2865980
1.95892 2867440
1.95941 2868900
1.9599 2870360
1.96037 2871820
1.96088 2873280
1.96136 2874740
1.96184 2876200
1.96234 2877660
1.96283 2879120
1.96332 2880580
1.9638 2882040
1.9643 2883500
1.96479 2884960
1.96527 2886420
1.96577 2887880
1.96626 2889340
1.96675 2890800
1.96723 2892260
1.96773 2893720
1.96822 2895180
1.9687 2896640
1.9692 2898100
1.96969 2899560
1.97018 2901020
1.97065 2902480
1.97116 2903940
1.97165 2905400
1.97212 2906860
1.97263 2908320
1.97312 2909780
1.9736 2911240
1.97408 2912700
1.97458 2914160
1.97507 2915620
1.97555 2917080
1.97605 2918540
1.97654 2920000
1.97703 2921460
1.97751 2922920
1.97801 2924380
1.9785 2925840
1.97898 2927300
1.97948 2928760
1.97997 2930220
1.98046 2931680
1.98094 2933140
1.98144 2934600
1.98193 2936060
1.98241 2937520
1.98291 2938980
1.9834 2940440
1.98389 2941900
1.98436 2943360
1.98487 2944820
1.98536 2946280
1.98583 2947740
1.98633 2949200
1.98682 2950660
1.98731 2952120
1.98779 2953580
1.98829 2955040
1.98878 2956500
1.98926 2957960
1.98976 2959420
1.99025 2960880
1.99074 2962340
1.99122 2963800
1.99172 2965260
1.99221 2966720
1.99269 2968180
1.99319 2969640
1.99368 2971100
1.99417 2972560
1.99465 2974020
1.99515 2975480
1.99564 2976940
1.99611 2978400
1.99662 2979860
1.99711 2981320
1.9976 2982780
1.99807 2984240
1.99857 2985700
1.99906 2987160
1.99954 2988620
2.00004 2990080
2.00053 2991540
2.00432 2993000
2.01096 2994460
2.01754 2995920
2.02412 2997380
2.03069 2998840
2.03727 3000300
2.04385 3001760
2.05043 3003220
2.05701 3004680
2.06359 3006140
2.07017 3007600
2.07675 3009060
2.08333 3010520
2.08991 3011980
2.09649 3013440
2.10325 3014900
2.11023 3016360
2.11721 3017820
2.12419 3019280
2.13117 3020740
2.13815 3022200
2.14513 3023660
2.15211 3025120
2.15909 3026580
2.16607 3028040
2.17305 3029500
2.18003 3030960
2.18701 3032420
2.19399 3033880
2.20097 3035340
2.20836 3036800
2.20999 3038260
2.21049 3039720
2.21098 3041180
2.21148 3042640
2.21199 3044100
2.2125 3045560
2.21298 3047020
2.21348 3048480
2.21398 3049940
2.21447 3051400
2.21497 3052860
2.21548 3054320
2.21599 3055780
2.21647 3057240
2.21697 3058700
2.21747 3060160
2.21796 3061620
2.21846 3063080
2.21897 3064540
2.21948 3066000
2.21996 3067460
2.22046 3068920
2.22096 3070380
2.22145 3071840
2.22195 3073300
2.22246 3074760
2.22297 3076220
2.22345 3077680
2.22395 3079140
2.22445 3080600
2.22494 3082060
2.22544 3083520
2.22594 3084980
2.22646 3086440
2.22694 3087900
2.22744 3089360
2.22794 3090820
2.22843 3092280
2.22893 3093740
2.22943 3095200
2.22995 3096660
2.23043 3098120
2.23093 3099580
2.23143 3101040
2.23192 3102500
2.23242 3103960
2.23292 3105420
2.23344 3106880
2.23392 3108340
2.23442 3109800
2.23492 3111260
2.23541 3112720
2.23591 3114180
2.23641 3115640
2.23693 3117100
2.23741 3118560
2.23791 3120020
2.23841 3121480
2.2389 3122940
2.2394 3124400
2.2399 3125860
2.24042 3127320
2.2409 3128780
2.2414 3130240
2.2419 3131700
2.24239 3133160
2.24289 3134620
2.24339 3136080
2.24391 3137540
2.24439 3139000
2.24489 3140460
2.24539 3141920
2.24588 3143380
2.24638 3144840
2.24688 3146300
2.2474 3147760
2.24788 3149220
2.24838 3150680
2.24888 3152140
2.24937 3153600
2.24987 3155060
2.25037 3156520
2.25089 3157980
2.25137 3159440
2.25187 3160900
2.25237 3162360
2.25286 3163820
2.25336 3165280
2.25386 3166740
2.25438 3168200
2.25486 3169660
2.25536 3171120
2.25586 3172580
2.25635 3174040
2.25685 3175500
2.25735 3176960
2.25787 3178420
2.25835 3179880
2.25885 3181340
2.25935 3182800
2.25984 3184260
2.26034 3185720
2.26084 3187180
2.26136 3188640
2.26184 3190100
2.26234 3191560
2.26284 3193020
2.26333 3194480
2.26383 3195940
2.26433 3197400
2.26485 3198860
2.26532 3200320
2.26583 3201780
2.26633 3203240
2.26682 3204700
2.26732 3206160
2.26782 3207620
2.26834 3209080
2.26881 3210540
2.26932 3212000
2.26982 3213460
2.27031 3214920
2.27081 3216380
2.27131 3217840
2.27183 3219300
2.2723 3220760
2.27281 3222220
2.27331 3223680
2.2738 3225140
2.2743 3226600
2.2748 3228060
2.27532 3229520
2.27579 3230980
2.2763 3232440
2.2768 3233900
2.27729 3235360
2.27779 3236820
2.27829 3238280
2.27881 3239740
2.27928 3241200
2.27979 3242660
2.28029 3244120
2.28078 3245580
2.28128 3247040
2.28178 3248500
2.2823 3249960
2.28277 3251420
2.28328 3252880
2.28378 3254340
2.28427 3255800
2.28477 3257260
2.28527 3258720
2.28579 3260180
2.28626 3261640
2.28677 3263100
2.28727 3264560
2.28776 3266020
2.28826 3267480
2.28876 3268940
2.28928 3270400
2.28975 3271860
2.29026 3273320
2.29076 3274780
2.29125 3276240
2.29175 3277700
2.29225 3279160
2.29277 3280620
2.29324 3282080
2.29375 3283540
2.29425 3285000
2.29474 3286460
2.29524 3287920
2.29574 3289380
2.29626 3290840
2.29673 3292300
2.29724 3293760
2.29774 3295220
2.29823 3296680
2.29873 3298140
2.29923 3299600
2.29975 3301060
2.30022 3302520
2.30078 3303980
2.30127 3305440
2.30177 3306900
2.30228 3308360
2.30277 3309820
2.30328 3311280
2.30376 3312740
2.30427 3314200
2.30476 3315660
2.30526 3317120
2.30577 3318580
2.30626 3320040
2.30677 3321500
2.30725 3322960
2.30776 3324420
2.30825 3325880
2.30875 3327340
2.30926 3328800
2.30975 3330260
2.31026 3331720
2.31074 3333180
2.31125 3334640
2.31174 3336100
2.31224 3337560
2.31275 3339020
2.31323 3340480
2.31375 3341940
2.31423 3343400
2.31474 3344860
2.31523 3346320
2.31573 3347780
2.31624 3349240
2.31672 3350700
2.31724 3352160
2.31772 3353620
2.31823 3355080
2.31872 3356540
2.31922 3358000
2.31972 3359460
2.32021 3360920
2.32073 3362380
2.32121 3363840
2.32172 3365300
2.32221 3366760
2.32271 3368220
2.32321 3369680
2.3237 3371140
2.32422 3372600
2.3247 3374060
2.32521 3375520
2.3257 3376980
2.3262 3378440
2.3267 3379900
2.32719 3381360
2.32771 3382820
2.32819 3384280
2.3287 3385740
2.32919 3387200
2.32969 3388660
2.33019 3390120
2.33068 3391580
2.3312 3393040
2.33168 3394500
2.33219 3395960
2.33268 3397420
2.33318 3398880
2.33368 3400340
2.33417 3401800
2.33469 3403260
2.33517 3404720
2.33568 3406180
2.33617 3407640
2.33667 3409100
2.33717 3410560
2.33766 3412020
2.33818 3413480
2.33866 3414940
2.33917 3416400
2.33966 3417860
2.34016 3419320
2.34066 3420780
2.34115 3422240
2.34167 3423700
2.34215 3425160
2.34266 3426620
2.34315 3428080
2.34365 3429540
2.34415 3431000
2.34464 3432460
2.34516 3433920
2.34564 3435380
2.34615 3436840
2.34664 3438300
2.34714 3439760
2.34764 3441220
2.34813 3442680
2.34865 3444140
2.34913 3445600
2.34964 3447060
2.35013 3448520
2.35063 3449980
2.35113 3451440
2.35162 3452900
2.35214 3454360
2.35262 3455820
2.35313 3457280
2.35362 3458740
2.35412 3460200
2.35462 3461660
2.35511 3463120
2.35563 3464580
2.35611 3466040
2.35662 3467500
2.35711 3468960
2.35761 3470420
2.35811 3471880
2.3586 3473340
2.35912 3474800
2.35959 3476260
2.36011 3477720
2.3606 3479180
2.3611 3480640
2.3616 3482100
2.36209 3483560
2.36261 3485020
2.36308 3486480
2.3636 3487940
2.36409 3489400
2.36459 3490860
2.36509 3492320
2.36558 3493780
2.3661 3495240
2.36657 3496700
2.36709 3498160
2.36758 3499620
2.36808 3501080
2.36858 3502540
2.36907 3504000
2.36959 3505460
2.37006 3506920
2.37058 3508380
2.37107 3509840
2.37157 3511300
2.37207 3512760
2.37256 3514220
2.37308 3515680
2.37355 3517140
2.37407 3518600
2.37456 3520060
2.37506 3521520
2.37556 3522980
2.37605 3524440
2.37657 3525900
2.37704 3527360
2.37756 3528820
2.37805 3530280
2.37855 3531740
2.37905 3533200
2.37954 3534660
2.38006 3536120
2.38053 3537580
2.38105 3539040
2.38154 3540500
2.38204 3541960
2.38254 3543420
2.38303 3544880
2.38355 3546340
2.38402 3547800
2.38454 3549260
2.38503 3550720
2.38553 3552180
2.38603 3553640
2.38652 3555100
2.38704 3556560
2.38751 3558020
2.38803 3559480
2.38852 3560940
2.38902 3562400
2.38952 3563860
2.39001 3565320
2.39053 3566780
2.391 3568240
2.39152 3569700
2.39201 3571160
2.39251 3572620
2.39301 3574080
2.3935 3575540
2.39402 3577000
2.39449 3578460
2.39501 3579920
2.3955 3581380
2.396 3582840
2.3965 3584300
2.39699 3585760
2.39751 3587220
2.39798 3588680
2.3985 3590140
2.39899 3591600
2.39949 3593060
2.39999 3594520
2.40048 3595980
2.401 3597440
2.40147 3598900
2.40199 3600360
2.40248 3601820
2.40298 3603280
2.40348 3604740
2.40397 3606200
2.40449 3607660
2.40496 3609120
2.40548 3610580
2.40597 3612040
2.40647 3613500
2.40697 3614960
2.40746 3616420
2.40797 3617880
2.40845 3619340
2.40897 3620800
2.40946 3622260
2.40996 3623720
2.41046 3625180
2.41095 3626640
2.41146 3628100
2.41194 3629560
2.41246 3631020
2.41295 3632480
2.41345 3633940
2.41395 3635400
2.41444 3636860
2.41495 3638320
2.41543 3639780
2.41595 3641240
2.41644 3642700
2.41694 3644160
2.41744 3645620
2.41793 3647080
2.41844 3648540
2.41892 3650000
2.41944 3651460
2.41993 3652920
2.42043 3654380
2.42093 3655840
2.42142 3657300
2.42193 3658760
2.42241 3660220
2.42293 3661680
2.42342 3663140
2.42392 3664600
2.42442 3666060
2.42491 3667520
2.42542 3668980
2.4259 3670440
2.42642 3671900
2.42691 3673360
2.42741 3674820
2.42791 3676280
2.4284 3677740
2.42891 3679200
2.42939 3680660
2.42991 3682120
2.4304 3683580
2.4309 3685040
2.4314 3686500
2.43189 3687960
2.4324 3689420
2.43288 3690880
2.4334 3692340
2.43389 3693800
2.43439 3695260
2.43489 3696720
2.43538 3698180
2.43589 3699640
2.43637 3701100
2.43689 3702560
2.43738 3704020
2.43788 3705480
2.43838 3706940
2.43887 3708400
2.43938 3709860
2.43986 3711320
2.44038 3712780
2.44087 3714240
2.44137 3715700
2.44187 3717160
2.44236 3718620
2.44287 3720080
2.44335 3721540
2.44387 3723000
2.44435 3724460
2.44486 3725920
2.44536 3727380
2.44585 3728840
2.44636 3730300
2.44684 3731760
2.44736 3733220
2.44784 3734680
2.44835 3736140
2.44885 3737600
2.44934 3739060
2.44985 3740520
2.45033 3741980
2.45085 3743440
2.45133 3744900
2.45184 3746360
2.45234 3747820
2.45283 3749280
2.45334 3750740
2.45382 3752200
2.45433 3753660
2.45482 3755120
2.45533 3756580
2.45583 3758040
2.45632 3759500
2.45683 3760960
2.45731 3762420
2.45782 3763880
2.45831 3765340
2.45882 3766800
2.45932 3768260
2.45981 3769720
2.46032 3771180
2.4608 3772640
2.46131 3774100
2.4618 3775560
2.46231 3777020
2.46281 3778480
2.4633 3779940
2.46381 3781400
2.46429 3782860
2.4648 3784320
2.46529 3785780
2.4658 3787240
2.4663 3788700
2.46679 3790160
2.4673 3791620
2.46778 3793080
2.46829 3794540
2.46878 3796000
2.46929 3797460
2.46979 3798920
2.47028 3800380
2.47079 3801840
2.47127 3803300
2.47178 3804760
2.47227 3806220
2.47278 3807680
2.47328 3809140
2.47377 3810600
2.47428 3812060
2.47476 3813520
2.47527 3814980
2.47576 3816440
2.47627 3817900
2.47677 3819360
2.47726 3820820
2.47777 3822280
2.47825 3823740
2.47876 3825200
2.47925 3826660
2.47976 3828120
2.48026 3829580
2.48075 3831040
2.48126 3832500
2.48174 3833960
2.48225 3835420
2.48274 3836880
2.48325 3838340
2.48375 3839800
2.48424 3841260
2.48475 3842720
2.48523 3844180
2.48574 3845640
2.48623 3847100
2.48674 3848560
2.48724 3850020
2.48773 3851480
2.48824 3852940
2.48872 3854400
2.48923 3855860
2.48972 3857320
2.49023 3858780
2.49073 3860240
2.49122 3861700
2.49173 3863160
2.49221 3864620
2.49272 3866080
2.49321 3867540
2.49371 3869000
2.49422 3870460
2.49471 3871920
2.49522 3873380
2.4957 3874840
2.49621 3876300
2.4967 3877760
2.4972 3879220
2.49771 3880680
2.4982 3882140
2.49871 3883600
2.49919 3885060
2.4997 3886520
