0.0 0
1.00063 0.000627321
1.00129 0.000631227
1.00131 0.000637705
1.00194 0.000640237
1.00197 0.000645513
1.00199 0.000650129
1.00202 0.000657228
1.0026 0.00065732
1.00263 0.000660461
1.00265 0.000663209
1.00268 0.000668673
1.0027 0.000673454
1.00272 0.000680698
1.00275 0.000687036
1.00277 0.000695642
1.00326 0.000690932
1.00328 0.000689871
1.00331 0.000688943
1.00333 0.000691191
1.00336 0.000693158
1.00338 0.000697939
1.00341 0.000702122
1.00343 0.000708842
1.00346 0.000714722
1.00348 0.000722927
1.0035 0.000730107
1.00353 0.000739449
1.00355 0.000747623
1.00358 0.000757836
1.0036 0.000766772
1.00363 0.000777651
1.00392 0.00076269
1.00394 0.000749599
1.00397 0.000738145
1.00399 0.000728122
1.00402 0.000719352
1.00404 0.000711679
1.00406 0.000704965
1.00409 0.00069909
1.00411 0.000693949
1.00414 0.000689451
1.00416 0.000685515
1.00419 0.000682071
1.00421 0.000679058
1.00424 0.000676421
1.00426 0.000674114
1.00428 0.000672095
1.00458 0.000670329
1.0046 0.000668783
1.00462 0.000667431
1.00465 0.000666248
1.00467 0.000668273
1.0047 0.000670044
1.00472 0.000671594
1.00475 0.00067295
1.00477 0.000674137
1.0048 0.000675175
1.00482 0.000676084
1.00485 0.000676879
1.00487 0.000677575
1.00489 0.000678184
1.00492 0.000678717
1.00494 0.000679183
1.00497 0.000679591
1.00523 0.000676888
1.00526 0.000674523
1.00528 0.000672453
1.00531 0.000670642
1.00533 0.000669057
1.00536 0.00066767
1.00538 0.000666457
1.00541 0.000665395
1.00543 0.000667526
1.00545 0.000669391
1.00548 0.000671023
1.0055 0.000672451
1.00553 0.0006737
1.00555 0.000674793
1.00558 0.000675749
1.0056 0.000676586
1.00563 0.000677318
1.00565 0.000677959
1.00589 0.00067546
1.00592 0.000673273
1.00594 0.000671359
1.00597 0.000669685
1.00599 0.00066822
1.00601 0.000666938
1.00604 0.000665816
1.00606 0.000664835
1.00609 0.000663976
1.00611 0.000663225
1.00614 0.000662567
1.00616 0.000665052
1.00619 0.000667226
1.00621 0.000669128
1.00623 0.000670793
1.00626 0.000672249
1.00628 0.000673523
1.00631 0.000674638
1.00633 0.000675614
1.00655 0.000673408
1.00657 0.000671478
1.0066 0.000669789
1.00662 0.000668311
1.00665 0.000667018
1.00667 0.000665886
1.0067 0.000664896
1.00672 0.00066403
1.00675 0.000663272
1.00677 0.000662609
1.00679 0.000662028
1.00682 0.00066152
1.00684 0.000661076
1.00687 0.000663747
1.00689 0.000666084
1.00692 0.000668129
1.00694 0.000669918
1.00697 0.000671484
1.00699 0.000672854
1.00701 0.000674053
1.00721 0.000672042
1.00723 0.000670282
1.00726 0.000668742
1.00728 0.000667395
1.00731 0.000666216
1.00733 0.000665185
1.00735 0.000664282
1.00738 0.000663492
1.0074 0.000662801
1.00743 0.000662196
1.00745 0.000661667
1.00748 0.000661204
1.0075 0.000660799
1.00753 0.000660445
1.00755 0.000663195
1.00757 0.000665601
1.0076 0.000667706
1.00762 0.000669548
1.00765 0.00067116
1.00767 0.000672571
1.0077 0.000673805
1.00787 0.000671825
1.00789 0.000670092
1.00791 0.000668576
1.00794 0.00066725
1.00796 0.000666089
1.00799 0.000665073
1.00801 0.000664184
1.00804 0.000663407
1.00806 0.000662727
1.00809 0.000662132
1.00811 0.000661611
1.00813 0.000661155
1.00816 0.000660756
1.00818 0.000660407
1.00821 0.000663162
1.00823 0.000665572
1.00826 0.000667681
1.00828 0.000669526
1.00831 0.000671141
1.00833 0.000672554
1.00836 0.00067379
1.00838 0.000674872
1.00852 0.000672759
1.00855 0.00067091
1.00857 0.000669292
1.0086 0.000667876
1.00862 0.000666637
1.00865 0.000665553
1.00867 0.000664604
1.00869 0.000663774
1.00872 0.000663048
1.00874 0.000662413
1.00877 0.000661857
1.00879 0.00066137
1.00882 0.000660944
1.00884 0.000663632
1.00887 0.000665984
1.00889 0.000668042
1.00892 0.000669842
1.00894 0.000671417
1.00896 0.000672795
1.00899 0.000674001
1.00901 0.000675056
1.00904 0.00067598
1.00906 0.000676788
1.00918 0.000674435
1.00921 0.000672376
1.00923 0.000670575
1.00925 0.000668999
1.00928 0.00066762
1.0093 0.000666413
1.00933 0.000665357
1.00935 0.000664433
1.00938 0.000663624
1.0094 0.000662917
1.00943 0.000662298
1.00945 0.000664816
1.00948 0.00066702
1.0095 0.000668948
1.00952 0.000670635
1.00955 0.000672111
1.00957 0.000673403
1.0096 0.000674533
1.00962 0.000675522
1.00965 0.000676387
1.00967 0.000677144
1.0097 0.000677807
1.00972 0.000678387
1.00974 0.000678894
1.00984 0.000676278
1.00986 0.000673989
1.00989 0.000671986
1.00991 0.000670233
1.00994 0.000668699
1.00996 0.000667357
1.00999 0.000666183
1.01001 0.000665156
1.01004 0.000667317
1.01006 0.000669208
1.01008 0.000670863
1.01011 0.000672311
1.01013 0.000673578
1.01016 0.000674686
1.01018 0.000675656
1.01021 0.000676505
1.01023 0.000677247
1.01026 0.000677897
1.01028 0.000678465
1.0103 0.000678962
1.01033 0.000679397
1.01035 0.000679778
1.01038 0.000680111
1.0104 0.000680403
1.01043 0.000680658
1.0105 0.000677821
1.01052 0.000675339
1.01055 0.000673167
1.01057 0.000671267
1.0106 0.000672664
1.01062 0.000673887
1.01064 0.000674957
1.01067 0.000675893
1.01069 0.000676712
1.01072 0.000677429
1.01074 0.000678056
1.01077 0.000678605
1.01079 0.000679085
1.01082 0.000679505
1.01084 0.000679872
1.01086 0.000680194
1.01089 0.000680475
1.01091 0.000680721
1.01094 0.000680936
1.01096 0.000681125
1.01099 0.00068129
1.01101 0.000681434
1.01104 0.00068156
1.01106 0.000681671
1.01108 0.000681768
1.01111 0.000684913
1.01113 0.000687664
1.01116 0.000684326
1.01118 0.000681405
1.01121 0.000678849
1.01123 0.000676612
1.01126 0.000674655
1.01128 0.000672943
1.01131 0.000671445
1.01133 0.000670134
1.01135 0.000668987
1.01138 0.000667983
1.0114 0.000667105
1.01143 0.000666336
1.01145 0.000665664
1.01148 0.000665076
1.0115 0.000664561
1.01153 0.00066411
1.01155 0.000663716
1.01157 0.000663371
1.0116 0.000663069
1.01162 0.000665865
1.01165 0.000668311
1.01167 0.000670452
1.0117 0.000672325
1.01172 0.000673964
1.01175 0.000675398
1.01177 0.000676653
1.01179 0.000677751
1.01182 0.000678712
1.01184 0.000679553
1.01187 0.000680288
1.01189 0.000680932
1.01192 0.000681495
1.01194 0.000681988
1.01197 0.000682419
1.01199 0.000682796
1.01202 0.000683126
1.01204 0.000683415
1.01206 0.000683668
1.01209 0.000683889
1.01211 0.000684082
1.01214 0.000687311
1.01216 0.000690137
1.01219 0.000692609
1.01221 0.000694772
1.01224 0.000696665
1.01226 0.000698321
1.01228 0.00069977
1.01231 0.000701038
1.01233 0.000702148
1.01236 0.000703119
1.01238 0.000703969
1.01241 0.000704712
1.01243 0.000705363
1.01246 0.000705932
1.01248 0.00070643
1.0125 0.000706866
1.01253 0.000707247
1.01255 0.000707581
1.01258 0.000707873
1.0126 0.000708128
1.01263 0.000708352
1.01265 0.000711608
1.01268 0.000714457
1.0127 0.000716949
1.01273 0.00071913
1.01275 0.000721038
1.01277 0.000722708
1.0128 0.000724169
1.01282 0.000725447
1.01285 0.000726566
1.01287 0.000727545
1.0129 0.000728401
1.01292 0.00072915
1.01295 0.000729806
1.01297 0.00073038
1.01299 0.000730882
1.01302 0.000731321
1.01304 0.000731705
1.01307 0.000732041
1.01309 0.000732335
1.01312 0.000732593
1.01314 0.000732818
1.01317 0.000736075
1.01319 0.000738925
1.01321 0.000741419
1.01324 0.000743601
1.01326 0.00074551
1.01329 0.000747181
1.01331 0.000748643
1.01334 0.000749922
1.01336 0.000751041
1.01339 0.00075202
1.01341 0.000752877
1.01344 0.000753627
1.01346 0.000754283
1.01348 0.000754857
1.01351 0.000755359
1.01353 0.000755799
1.01356 0.000756184
1.01358 0.000756521
1.01361 0.000756815
1.01363 0.000757073
1.01366 0.000757298
1.01368 0.000760555
1.0137 0.000763405
1.01373 0.000765899
1.01375 0.000768081
1.01378 0.00076999
1.0138 0.000771661
1.01383 0.000773123
1.01385 0.000774402
1.01388 0.000775521
1.0139 0.0007765
1.01392 0.000777357
1.01395 0.000778107
1.01397 0.000778763
1.014 0.000779337
1.01402 0.000779839
1.01405 0.000780279
1.01407 0.000780664
1.0141 0.000781001
1.01412 0.000781295
1.01414 0.000781553
1.01417 0.000781778
1.01419 0.000785035
1.01422 0.000787885
1.01424 0.000790379
1.01427 0.000792561
1.01429 0.00079447
1.01432 0.000796141
1.01434 0.000797603
1.01437 0.000798882
1.01439 0.000800001
1.01441 0.00080098
1.01444 0.000801837
1.01446 0.000802587
1.01449 0.000803243
1.01451 0.000803817
1.01454 0.000804319
1.01456 0.000804759
1.01459 0.000805144
1.01461 0.000805481
1.01463 0.000805775
1.01466 0.000806033
1.01468 0.000806258
1.01471 0.000809515
1.01473 0.000812365
1.01476 0.000814859
1.01478 0.000817041
1.01481 0.00081895
1.01483 0.000820621
1.01485 0.000822083
1.01488 0.000823362
1.0149 0.000824481
1.01493 0.00082546
1.01495 0.000826317
1.01498 0.000827067
1.015 0.000827723
1.01503 0.000828297
1.01505 0.000828799
1.01508 0.000829239
1.0151 0.000829624
1.01512 0.000829961
1.01515 0.000830255
1.01517 0.000830513
1.0152 0.000830738
1.01522 0.000833995
1.01525 0.000836845
1.01527 0.000839339
1.0153 0.000841521
1.01532 0.00084343
1.01534 0.000845101
1.01537 0.000846563
1.01539 0.000847842
1.01542 0.000848961
1.01544 0.00084994
1.01547 0.000850797
1.01549 0.000851547
1.01552 0.000852203
1.01554 0.000852777
1.01556 0.000853279
1.01559 0.000853719
1.01561 0.000854104
1.01564 0.000854441
1.01566 0.000854735
1.01569 0.000854993
1.01571 0.000855218
1.01574 0.000858475
1.01576 0.000861325
1.01579 0.000863819
1.01581 0.000866001
1.01583 0.00086791
1.01586 0.000869581
1.01588 0.000871043
1.01591 0.000872322
1.01593 0.000873441
1.01596 0.00087442
1.01598 0.000875277
1.01601 0.000876027
1.01603 0.000876683
1.01605 0.000877257
1.01608 0.000877759
1.0161 0.000878199
1.01613 0.000878584
1.01615 0.000878921
1.01618 0.000879215
1.0162 0.000879473
1.01623 0.000879698
1.01625 0.000882955
1.01627 0.000885805
1.0163 0.000888299
1.01632 0.000890481
1.01635 0.00089239
1.01637 0.000894061
1.0164 0.000895523
1.01642 0.000896802
1.01645 0.000897921
1.01647 0.0008989
1.0165 0.000899757
1.01652 0.000872967
1.01654 0.000849526
1.01657 0.000829015
1.01659 0.000811068
1.01662 0.000795364
1.01664 0.000781623
1.01667 0.0007696
1.01669 0.00075908
1.01672 0.000749875
1.01674 0.00074182
1.01676 0.000734772
1.01679 0.000728605
1.01681 0.000723209
1.01684 0.000718487
1.01686 0.000714356
1.01689 0.000710741
1.01691 0.000707578
1.01694 0.00070481
1.01696 0.000702388
1.01698 0.000700269
1.01701 0.000698415
1.01703 0.000696793
1.01706 0.000695373
1.01708 0.000694131
1.01711 0.000693044
1.01713 0.000692093
1.01716 0.000691261
1.01718 0.000690533
1.0172 0.000689896
1.01723 0.000689339
1.01725 0.000688851
1.01728 0.000688424
1.0173 0.000688051
1.01733 0.000687724
1.01735 0.000687438
1.01738 0.000687188
1.0174 0.000686969
1.01743 0.000686777
1.01745 0.000686609
1.01747 0.000686462
1.0175 0.000686334
1.01752 0.000686222
1.01755 0.000686124
1.01757 0.000686038
1.0176 0.000685963
1.01762 0.000685897
1.01765 0.000685839
1.01767 0.000685789
1.01769 0.000685745
1.01772 0.000685706
1.01774 0.000685672
1.01777 0.000685643
1.01779 0.000685617
1.01782 0.000685594
1.01784 0.000685574
1.01787 0.000685557
1.01789 0.000685542
1.01791 0.000685529
1.01794 0.000685517
1.01796 0.000685507
1.01799 0.000685498
1.01801 0.00068549
1.01804 0.000685483
1.01806 0.000685477
1.01809 0.000685472
1.01811 0.000685468
1.01814 0.000685464
1.01816 0.000685461
1.01818 0.000685458
1.01821 0.000685455
1.01823 0.000685453
1.01826 0.000685451
1.01828 0.000685449
1.01831 0.000685447
1.01833 0.000685446
1.01836 0.000685445
1.01838 0.000685444
1.0184 0.000685443
1.01843 0.000685442
1.01845 0.000685441
1.01848 0.00068544
1.10074 0.000692394
1.10076 0.000698592
1.10079 0.000704016
1.10081 0.000708762
1.10084 0.000712914
1.10086 0.000716547
1.10089 0.000719726
1.10091 0.000722508
1.10093 0.000724942
1.10096 0.000727072
1.10098 0.000728936
1.10101 0.000730567
1.10103 0.000731994
1.10106 0.000733242
1.10108 0.000734334
1.10111 0.00073529
1.10113 0.000736126
1.10115 0.000736858
1.10118 0.000737498
1.1012 0.000738058
1.10123 0.000738548
1.10125 0.000738977
1.10128 0.000739352
1.1013 0.000739681
1.10133 0.000739968
1.10135 0.00074022
1.10137 0.00074044
1.1014 0.000740633
1.10142 0.000733847
1.10145 0.000727796
1.10147 0.000722501
1.1015 0.000717868
1.10152 0.000713814
1.10155 0.000710267
1.10157 0.000707163
1.1016 0.000704447
1.10162 0.000702071
1.10164 0.000699992
1.10167 0.000698173
1.10169 0.000696581
1.10172 0.000695188
1.10174 0.000693969
1.10177 0.000692902
1.10179 0.000691969
1.10182 0.000691152
1.10184 0.000690438
1.10186 0.000689813
1.10189 0.000689266
1.10191 0.000688787
1.10194 0.000688368
1.10196 0.000688002
1.10199 0.000687681
1.10201 0.0006874
1.10204 0.000687155
1.10206 0.00068694
1.10208 0.000686752
1.10211 0.000686588
1.10213 0.000686444
1.10216 0.000686318
1.10218 0.000686208
1.10221 0.000686112
1.10223 0.000686028
1.10226 0.000685954
1.10228 0.000685889
1.10231 0.000685832
1.10233 0.000685783
1.10235 0.00068574
1.10238 0.000685702
1.1024 0.000685669
1.10243 0.00068564
1.10245 0.000685615
1.10248 0.000685593
1.1025 0.000685573
1.10253 0.000685556
1.10255 0.000685541
1.10257 0.000685528
1.1026 0.000685517
1.10262 0.000685507
1.10265 0.000685498
1.10267 0.00068549
1.1027 0.000685483
1.10272 0.000685477
1.10275 0.000685472
1.10277 0.000685468
1.10279 0.000685464
1.10282 0.000685461
1.10284 0.000685458
1.10287 0.000685455
1.10289 0.000685453
1.10292 0.000685451
1.10294 0.000685449
1.10297 0.000685447
1.10299 0.000685446
1.10301 0.000685445
1.10304 0.000685444
1.10306 0.000685443
1.10309 0.000685442
1.10311 0.000685441
1.10314 0.00068544
1.15485 0.00068391
1.15488 0.000682571
1.15491 0.000682929
1.15494 0.000683242
1.15496 0.000683516
1.15499 0.000683756
1.15501 0.000683966
1.15503 0.00068415
1.15506 0.000684311
1.15508 0.000684452
1.15511 0.000684575
1.15513 0.000684683
1.15516 0.000684777
1.15518 0.000684859
1.15521 0.000684931
1.15523 0.000684994
1.15526 0.000685049
1.15528 0.000685097
1.1553 0.000685139
1.15533 0.000685176
1.15535 0.000685209
1.15538 0.000685237
1.1554 0.000685262
1.15543 0.000685284
1.15545 0.000685303
1.15548 0.00068532
1.1555 0.000685335
1.15552 0.000685348
1.15554 0.000685359
1.15556 0.000685369
1.1556 0.000685377
1.15562 0.000685384
1.15565 0.000685391
1.15567 0.000685397
1.1557 0.000685402
1.15572 0.000685406
1.15574 0.00068541
1.15577 0.000685413
1.15579 0.000685416
1.15582 0.000685419
1.15584 0.000685421
1.15587 0.000685423
1.15589 0.000685425
1.15592 0.000685426
1.15594 0.000685427
1.15597 0.000685428
1.15599 0.000685429
1.15601 0.00068543
1.15604 0.000685431
1.15606 0.000685432
1.15609 0.000685433
1.30075 0.000692501
1.30077 0.000698686
1.3008 0.000704098
1.30082 0.000708833
1.30085 0.000712976
1.30087 0.000716602
1.30089 0.000719774
1.30091 0.00072255
1.30093 0.000724979
1.30097 0.000727104
1.30099 0.000728964
1.30102 0.000730591
1.30104 0.000732015
1.30107 0.000733261
1.30109 0.000734351
1.30111 0.000735305
1.30114 0.000736139
1.30116 0.000736869
1.30119 0.000737508
1.30121 0.000738067
1.30124 0.000738556
1.30126 0.000738984
1.30129 0.000739359
1.30131 0.000739687
1.30134 0.000739974
1.30136 0.000740225
1.30138 0.000740444
1.30141 0.000740636
1.30143 0.000733736
1.30146 0.000727699
1.30148 0.000722416
1.30151 0.000717794
1.30153 0.000713749
1.30156 0.00071021
1.30158 0.000707113
1.30159 0.000704403
1.30162 0.000702032
1.30165 0.000699958
1.30168 0.000698143
1.3017 0.000696555
1.30173 0.000695165
1.30175 0.000693949
1.30178 0.000692885
1.3018 0.000691954
1.30182 0.000691139
1.30185 0.000690426
1.30187 0.000689802
1.3019 0.000689256
1.30192 0.000688779
1.30195 0.000688361
1.30197 0.000687995
1.302 0.000687675
1.30202 0.000687395
1.30204 0.00068715
1.30207 0.000686936
1.30209 0.000686749
1.30212 0.000686585
1.30214 0.000686441
1.30217 0.000686315
1.30219 0.000686205
1.30222 0.000686109
1.30224 0.000686025
1.30227 0.000685951
1.30228 0.000685887
1.3023 0.000685831
1.30234 0.000685782
1.30236 0.000685739
1.30239 0.000685701
1.30241 0.000685668
1.30244 0.000685639
1.30246 0.000685614
1.30249 0.000685592
1.30251 0.000685573
1.30253 0.000685556
1.30256 0.000685541
1.30258 0.000685528
1.30261 0.000685517
1.30263 0.000685507
1.30266 0.000685498
1.30268 0.00068549
1.30271 0.000685483
1.30273 0.000685477
1.30275 0.000685472
1.30278 0.000685468
1.3028 0.000685464
1.30283 0.000685461
1.30285 0.000685458
1.30288 0.000685455
1.3029 0.000685453
1.30293 0.000685451
1.30295 0.000685449
1.30296 0.000685447
1.30299 0.000685446
1.30302 0.000685445
1.30305 0.000685444
1.30307 0.000685443
1.3031 0.000685442
1.30312 0.000685441
1.30315 0.00068544
1.47577 0.00068391
1.47579 0.000682571
1.47583 0.000682929
1.47585 0.000683242
1.47588 0.000683516
1.4759 0.000683756
1.47593 0.000683966
1.47595 0.00068415
1.47598 0.000684311
1.476 0.000684452
1.47602 0.000684575
1.47605 0.000684683
1.47607 0.000684777
1.4761 0.000684859
1.47612 0.000684931
1.47615 0.000684994
1.47617 0.000685049
1.4762 0.000685097
1.47622 0.000685139
1.47624 0.000685176
1.47627 0.000685209
1.47629 0.000685237
1.47632 0.000685262
1.47634 0.000685284
1.47637 0.000685303
1.47638 0.00068532
1.4764 0.000685335
1.47644 0.000685348
1.47645 0.000685359
1.47648 0.000685369
1.47651 0.000685377
1.47654 0.000685384
1.47656 0.000685391
1.47659 0.000685397
1.47661 0.000685402
1.47664 0.000685406
1.47666 0.00068541
1.47669 0.000685413
1.47671 0.000685416
1.47673 0.000685419
1.47676 0.000685421
1.47678 0.000685423
1.47681 0.000685425
1.47683 0.000685426
1.47686 0.000685427
1.47688 0.000685428
1.47691 0.000685429
1.47693 0.00068543
1.47695 0.000685431
1.47698 0.000685432
1.477 0.000685433
1.79663 0.000683903
1.79665 0.000682565
1.79669 0.000682924
1.79671 0.000683238
1.79674 0.000683513
1.79676 0.000683753
1.79679 0.000683963
1.79681 0.000684147
1.79683 0.000684308
1.79686 0.000684449
1.79688 0.000684572
1.79691 0.00068468
1.79693 0.000684775
1.79696 0.000684858
1.79698 0.00068493
1.79701 0.000684993
1.79703 0.000685048
1.79706 0.000685097
1.79708 0.000685139
1.7971 0.000685176
1.79713 0.000685209
1.79715 0.000685237
1.79717 0.000685262
1.79719 0.000685284
1.79723 0.000685303
1.79724 0.00068532
1.79726 0.000685335
1.7973 0.000685348
1.79731 0.000685359
1.79734 0.000685369
1.79737 0.000685377
1.7974 0.000685384
1.79742 0.000685391
1.79745 0.000685397
1.79747 0.000685402
1.7975 0.000685406
1.79752 0.00068541
1.79754 0.000685413
1.79757 0.000685416
1.79759 0.000685419
1.79762 0.000685421
1.79764 0.000685423
1.79767 0.000685425
1.79769 0.000685426
1.79772 0.000685427
1.79774 0.000685428
1.79776 0.000685429
1.79779 0.00068543
1.79781 0.000685431
1.79784 0.000685432
1.79785 0.000685433
2.00072 0.000690113
2.00074 0.000694208
2.00077 0.000697792
2.00078 0.000700928
2.0008 0.000703672
2.00084 0.000706073
2.00085 0.000708173
2.00088 0.000710011
2.00215 0.000783885
2.00218 0.000848524
2.003 0.000848028
2.00302 0.000847594
2.00366 0.000824264
2.00368 0.000803851
2.00432 0.000785989
2.00434 0.00077036
2.005 0.000759745
2.00503 0.000750456
2.00569 0.000742329
2.00571 0.000735217
2.00635 0.000725824
2.00637 0.000717606
2.00701 0.000710151
2.00703 0.000703628
2.00767 0.00069792
2.00769 0.000692926
2.00832 0.000688556
2.00835 0.000684732
2.00898 0.000681386
2.00901 0.000678458
2.00964 0.000675896
2.00966 0.000673655
2.0103 0.000671694
2.01032 0.000669978
2.01096 0.000668476
2.01098 0.000667162
2.01161 0.000666012
2.01164 0.000665006
2.01227 0.000664126
2.0123 0.000663356
2.01293 0.000662682
2.01295 0.000662092
2.01359 0.000661576
2.01361 0.000661125
2.01425 0.00066073
2.01427 0.000660384
2.0149 0.000660082
2.01493 0.000659817
2.01556 0.000659585
2.01559 0.000659382
2.01622 0.000659205
2.01624 0.00065905
2.01688 0.000658914
2.0169 0.000658795
2.01754 0.000658691
2.01756 0.0006586
2.01819 0.000658521
2.01822 0.000658451
2.01885 0.00065839
2.01888 0.000658337
2.01951 0.00065829
2.01953 0.000658249
2.02017 0.000658213
2.02019 0.000658182
2.02083 0.000658155
2.02085 0.000658131
2.02148 0.00065811
2.02151 0.000658092
2.02214 0.000658076
2.02217 0.000658062
2.0228 0.00065805
2.02282 0.000658039
2.02346 0.00065803
2.02348 0.000658022
2.02412 0.000658015
2.02414 0.000658009
2.02477 0.000658003
2.0248 0.000657998
2.02543 0.000657994
2.02546 0.00065799
2.02609 0.000657987
2.02611 0.000657984
2.02675 0.000657982
2.02677 0.00065798
2.02741 0.000657978
2.02743 0.000657976
2.02806 0.000657975
2.02809 0.000657974
2.02872 0.000657973
2.02875 0.000657972
2.02938 0.000657971
2.0294 0.00065797
2.03004 0.000657969
2.03006 0.000657968
2.10046 0.000660468
2.10048 0.000662655
2.10116 0.000667069
2.10118 0.000670931
2.10186 0.00067431
2.10188 0.000677267
2.10255 0.000679854
2.10258 0.000682118
2.10325 0.000684099
2.10328 0.000685832
2.10395 0.000687349
2.10397 0.000688676
2.10465 0.000689837
2.10467 0.000690853
2.10535 0.000691742
2.10537 0.00069252
2.10604 0.000693201
2.10607 0.000693796
2.10674 0.000694317
2.10677 0.000694773
2.10744 0.000695172
2.10746 0.000695521
2.10814 0.000695826
2.10816 0.000696093
2.10884 0.000696327
2.10886 0.000696532
2.10953 0.000696711
2.10956 0.000696868
2.11023 0.000697005
2.11026 0.000697125
2.11093 0.00069723
2.11095 0.000697322
2.11163 0.000697402
2.11165 0.000697472
2.11233 0.000697534
2.11235 0.000697588
2.11302 0.000697635
2.11305 0.000697676
2.11372 0.000697712
2.11375 0.000697744
2.11442 0.000697772
2.11444 0.000697796
2.11512 0.000697817
2.11514 0.000697835
2.11581 0.000697851
2.11584 0.000697865
2.11651 0.000697877
2.11654 0.000697888
2.11721 0.000697898
2.11724 0.000697906
2.11791 0.000697913
2.11793 0.000697919
2.11861 0.000697925
2.11863 0.00069793
2.1193 0.000697934
2.11933 0.000697938
2.12 0.000697941
2.12003 0.000697944
2.1207 0.000697947
2.12073 0.000697949
2.1214 0.000697951
2.12142 0.000697953
2.1221 0.000697954
2.12212 0.000697955
2.12279 0.000697956
2.12282 0.000697957
2.12349 0.000697958
2.12352 0.000697959
2.12419 0.00069796
2.12421 0.000697961
2.20254 0.000719725
2.20257 0.000740298
2.20327 0.000738761
2.20331 0.000738946
2.20399 0.000736847
2.20404 0.000735011
2.20489 0.000756354
2.20494 0.000775029
2.2058 0.00079137
2.20585 0.000805668
2.2067 0.000818179
2.20675 0.000829126
2.2076 0.00083766
2.20765 0.000845072
2.2083 0.000826684
2.20831 0.0008122
2.20836 0.000799527
2.209 0.000786832
2.20901 0.000777254
2.20902 0.000768797
2.20905 0.000764457
2.20908 0.00075926
2.20911 0.000757773
2.2097 0.000750297
2.20971 0.000745285
2.20972 0.00074243
2.20974 0.000742992
2.20977 0.000746544
2.20979 0.000752712
2.20982 0.000761169
2.20984 0.000771628
2.20987 0.00078384
2.20989 0.000797586
2.20992 0.000812673
2.20994 0.000828934
2.20997 0.000846223
2.20999 0.000864411
2.21001 0.000883385
2.21004 0.000903047
2.21006 0.000923312
2.21009 0.000944104
2.21011 0.000965357
2.21014 0.000987013
2.21016 0.00100902
2.21019 0.00103134
2.21021 0.00105393
2.21023 0.00107522
2.21026 0.00109539
2.21028 0.00111303
2.21031 0.00112686
2.21033 0.00113896
2.21039 0.00108384
2.21041 0.0010356
2.21042 0.000993397
2.21044 0.000956468
2.21047 0.000924155
2.21049 0.000895881
2.21052 0.000871141
2.21054 0.000849494
2.21057 0.000830553
2.21059 0.000813979
2.21061 0.000799477
2.21064 0.000786788
2.21066 0.000775685
2.21069 0.00076597
2.21071 0.000757469
2.21074 0.000750031
2.21076 0.000743523
2.21079 0.000737828
2.21081 0.000732845
2.21083 0.000728485
2.21086 0.00072467
2.21088 0.000721332
2.21091 0.000718411
2.21093 0.000715855
2.21096 0.000713619
2.21098 0.000711662
2.21101 0.00070995
2.21103 0.000708452
2.21109 0.000707141
2.2111 0.000705994
2.21112 0.00070499
2.21114 0.000704112
2.21117 0.000703344
2.21119 0.000702672
2.21121 0.000702084
2.21124 0.000701569
2.21126 0.000701118
2.21129 0.000700724
2.21131 0.000700379
2.21134 0.000700077
2.21136 0.000699813
2.21139 0.000699582
2.21141 0.00069938
2.21143 0.000699203
2.21146 0.000699048
2.21148 0.000698913
2.21151 0.000698794
2.21153 0.00069869
2.21156 0.000698599
2.21158 0.00069852
2.21161 0.000698451
2.21163 0.00069839
2.21165 0.000698337
2.21168 0.00069829
2.2117 0.000698249
2.21173 0.000698213
2.21179 0.000698182
2.2118 0.000698155
2.21181 0.000698131
2.21184 0.00069811
2.21186 0.000698092
2.21189 0.000698076
2.21191 0.000698062
2.21194 0.00069805
2.21196 0.000698039
2.21199 0.00069803
2.21201 0.000698022
2.21203 0.000698015
2.21206 0.000698009
2.21208 0.000698003
2.21211 0.000697998
2.21213 0.000697994
2.21216 0.00069799
2.21218 0.000697987
2.21221 0.000697984
2.21223 0.000697982
2.21225 0.00069798
2.21228 0.000697978
2.2123 0.000697976
2.21233 0.000697975
2.21235 0.000697974
2.21238 0.000697973
2.2124 0.000697972
2.21243 0.000697971
2.21249 0.00069797
2.2125 0.000697969
2.21251 0.000697968
2.30076 0.000705036
2.30078 0.00071122
2.30081 0.000716631
2.30083 0.000721366
2.30086 0.000725509
2.30088 0.000729134
2.3009 0.000732306
2.30093 0.000735081
2.30095 0.000737509
2.30097 0.000741164
2.30098 0.000745892
2.301 0.000743909
2.30104 0.000743704
2.30108 0.000745055
2.3011 0.000746237
2.30112 0.000747271
2.30117 0.00074661
2.30119 0.000746031
2.3012 0.000745525
2.30122 0.000745082
2.30125 0.000744694
2.30127 0.000744355
2.3013 0.000744058
2.30132 0.000743798
2.30134 0.000743571
2.30137 0.000743372
2.30139 0.000743198
2.30142 0.000743046
2.30146 0.000737411
2.30148 0.00073248
2.3015 0.000728166
2.30153 0.000724391
2.30155 0.000721088
2.30158 0.000718198
2.3016 0.000715669
2.30163 0.000713456
2.30165 0.00071152
2.30166 0.000709826
2.30168 0.000708343
2.3017 0.000707046
2.30174 0.000705911
2.30177 0.000704918
2.3018 0.000704049
2.30182 0.000703288
2.30187 0.000702623
2.30188 0.000702041
2.3019 0.000701531
2.30192 0.000701085
2.30195 0.000700695
2.30197 0.000700354
2.30199 0.000700055
2.30202 0.000699794
2.30204 0.000699565
2.30207 0.000699365
2.30209 0.00069919
2.30212 0.000699037
2.30215 0.000698903
2.30218 0.000698786
2.3022 0.000698683
2.30223 0.000698593
2.30225 0.000698514
2.30228 0.000698445
2.3023 0.000698385
2.30232 0.000698332
2.30235 0.000698286
2.30236 0.000698246
2.30237 0.000698211
2.3024 0.00069818
2.30243 0.000698153
2.30247 0.000698129
2.3025 0.000698108
2.30252 0.00069809
2.30257 0.000698074
2.30258 0.00069806
2.30259 0.000698048
2.30262 0.000698038
2.30264 0.000698029
2.30267 0.000698021
2.30269 0.000698014
2.30272 0.000698008
2.30274 0.000698003
2.30277 0.000697998
2.30279 0.000697994
2.30281 0.00069799
2.30285 0.000697987
2.30288 0.000697984
2.3029 0.000697982
2.30292 0.00069798
2.30295 0.000697978
2.30297 0.000697976
2.303 0.000697975
2.30302 0.000697974
2.30305 0.000697973
2.30306 0.000697972
2.30307 0.000697971
2.3031 0.00069797
2.30313 0.000697969
2.30317 0.000697968
