1.00047 2920
1.00097 4380
1.00099 5840
1.00146 7300
1.00149 8760
1.00151 10220
1.00154 11680
1.00196 13140
1.00199 14600
1.00201 16060
1.00204 17520
1.00206 18980
1.00208 20440
1.00211 21900
1.00213 23360
1.00303 24820
1.00363 26280
1.0042 27740
1.00475 29200
1.00527 30660
1.00577 32120
1.00626 33580
1.00675 35040
1.00723 36500
1.00772 37960
1.00821 39420
1.0087 40880
1.00919 42340
1.00968 43800
1.01017 45260
1.01066 46720
1.01115 48180
1.01164 49640
1.01213 51100
1.01262 52560
1.01311 54020
1.0136 55480
1.01409 56940
1.01458 58400
1.01507 59860
1.01556 61320
1.01605 62780
1.01654 64240
1.01703 65700
1.01752 67160
1.01801 68620
1.0185 70080
1.01899 71540
1.01947 73000
1.01996 74460
1.02045 75920
1.02094 77380
1.02143 78840
1.02192 80300
1.02241 81760
1.0229 83220
1.02339 84680
1.02388 86140
1.02437 87600
1.02454 60172
1.02486 61632
1.02486 60172
1.02535 61632
1.02535 60172
1.02584 61632
1.02584 60172
1.02633 61632
1.02633 60172
1.02682 61632
1.02682 60172
1.02731 61632
1.02731 60172
1.0278 61632
1.0278 60172
1.02829 61632
1.02829 60172
1.02878 61632
1.02878 60172
1.02927 61632
1.02927 60172
1.02976 61632
1.02976 60172
1.03025 61632
1.03025 60172
1.03074 61632
1.03074 60172
1.03123 61632
1.03123 60172
1.03171 61632
1.03171 60172
1.0322 61632
1.0322 60172
1.03269 61632
1.03269 60172
1.03318 61632
1.03318 60172
1.03367 61632
1.03367 60172
1.03416 61632
1.03416 60172
1.03465 61632
1.03465 60172
1.03514 61632
1.03514 60172
1.03563 61632
1.03563 60172
1.03612 61632
1.03612 60172
1.03661 61632
1.03661 60172
1.0371 61632
1.0371 60172
1.03759 61632
1.03759 60172
1.03808 61632
1.03808 60172
1.03857 61632
1.03857 60172
1.03906 61632
1.03906 60172
1.03955 61632
1.03955 60172
1.04004 61632
1.04004 60172
1.04053 61632
1.04053 60172
1.04102 61632
1.04102 60172
1.04151 61632
1.04151 60172
1.042 61632
1.042 60172
1.04249 61632
1.04249 60172
1.04298 61632
1.04298 60172
1.04347 61632
1.04347 60172
1.04395 61632
1.04395 60172
1.04444 61632
1.04444 60172
1.04493 61632
1.04493 60172
1.04542 61632
1.04542 60172
1.04591 61632
1.04591 60172
1.0464 61632
1.0464 60172
1.04689 61632
1.04689 60172
1.04738 61632
1.04738 60172
1.04787 61632
1.04787 60172
1.04836 61632
1.04836 60172
1.04885 61632
1.04885 60172
1.04934 61632
1.04934 60172
1.04983 61632
1.04983 60172
1.05032 61632
1.05032 60172
1.05081 61632
1.05081 60172
1.0513 61632
1.0513 60172
1.05179 61632
1.05179 60172
1.05228 61632
1.05228 60172
1.05277 61632
1.05277 60172
1.05326 61632
1.05326 60172
1.05375 61632
1.05375 60172
1.05424 61632
1.05424 60172
1.05473 61632
1.05473 60172
1.05522 61632
1.05522 60172
1.05571 61632
1.05571 60172
1.05619 61632
1.05619 60172
1.05668 61632
1.05668 60172
1.05717 61632
1.05717 60172
1.05766 61632
1.05766 60172
1.05815 61632
1.05815 60172
1.05864 61632
1.05864 60172
1.05913 61632
1.05913 60172
1.05962 61632
1.05962 60172
1.06011 61632
1.06011 60172
1.0606 61632
1.0606 60172
1.06109 61632
1.06109 60172
1.06158 61632
1.06158 60172
1.06207 61632
1.06207 60172
1.06256 61632
1.06256 60172
1.06305 61632
1.06305 60172
1.06354 61632
1.06354 60172
1.06403 61632
1.06403 60172
1.06452 61632
1.06452 60172
1.06501 61632
1.06501 60172
1.0655 61632
1.0655 60172
1.06599 61632
1.06599 60172
1.06648 61632
1.06648 60172
1.06697 61632
1.06697 60172
1.06746 61632
1.06746 60172
1.06795 61632
1.06795 60172
1.06843 61632
1.06843 60172
1.06892 61632
1.06892 60172
1.06941 61632
1.06941 60172
1.0699 61632
1.0699 60172
1.07039 61632
1.07039 60172
1.07088 61632
1.07088 60172
1.07137 61632
1.07137 60172
1.07186 61632
1.07186 60172
1.07235 61632
1.07235 60172
1.07284 61632
1.07284 60172
1.07333 61632
1.07333 60172
1.07382 61632
1.07382 60172
1.07431 61632
1.07431 60172
1.0748 61632
1.0748 60172
1.07529 61632
1.07529 60172
1.07578 61632
1.07578 60172
1.07627 61632
1.07627 60172
1.07676 61632
1.07676 60172
1.07725 61632
1.07725 60172
1.07774 61632
1.07774 60172
1.07823 61632
1.07823 60172
1.07872 61632
1.07872 60172
1.07921 61632
1.07921 60172
1.0797 61632
1.0797 60172
1.08019 61632
1.08019 60172
1.08067 61632
1.08067 60172
1.08116 61632
1.08116 60172
1.08165 61632
1.08165 60172
1.08214 61632
1.08214 60172
1.08263 61632
1.08263 60172
1.08312 61632
1.08312 60172
1.08361 61632
1.08361 60172
1.0841 61632
1.0841 60172
1.08459 61632
1.08459 60172
1.08508 61632
1.08508 60172
1.08557 61632
1.08557 60172
1.08606 61632
1.08606 60172
1.08655 61632
1.08655 60172
1.08704 61632
1.08704 60172
1.08753 61632
1.08753 60172
1.08802 61632
1.08802 60172
1.08851 61632
1.08851 60172
1.089 61632
1.089 60172
1.08949 61632
1.08949 60172
1.08998 61632
1.08998 60172
1.09047 61632
1.09047 60172
1.09096 61632
1.09096 60172
1.09145 61632
1.09145 60172
1.09194 61632
1.09194 60172
1.09243 61632
1.09243 60172
1.09291 61632
1.09291 60172
1.0934 61632
1.0934 60172
1.09389 61632
1.09389 60172
1.09438 61632
1.09438 60172
1.09487 61632
1.09487 60172
1.09536 61632
1.09536 60172
1.09585 61632
1.09585 60172
1.09634 61632
1.09634 60172
1.09683 61632
1.09683 60172
1.09732 61632
1.09732 60172
1.09781 61632
1.09781 60172
1.0983 61632
1.0983 60172
1.09879 61632
1.09879 60172
1.09928 61632
1.09928 60172
1.09977 61632
1.09977 60172
1.10026 61632
1.10026 60172
1.10075 61632
1.10075 60172
1.10126 61632
1.10126 60172
1.10175 61632
1.10175 60172
1.10224 61632
1.10224 60172
1.10273 61632
1.10273 60172
1.10322 61632
1.10322 60172
1.10371 61632
1.10371 60172
1.1042 61632
1.1042 60172
1.10469 61632
1.10469 60172
1.10517 61632
1.10517 60172
1.10566 61632
1.10566 60172
1.10615 61632
1.10615 60172
1.10664 61632
1.10664 60172
1.10713 61632
1.10713 60172
1.10762 61632
1.10762 60172
1.10811 61632
1.10811 60172
1.1086 61632
1.1086 60172
1.10909 61632
1.10909 60172
1.10958 61632
1.10958 60172
1.11007 61632
1.11007 60172
1.11056 61632
1.11056 60172
1.11105 61632
1.11105 60172
1.11154 61632
1.11154 60172
1.11203 61632
1.11203 60172
1.11252 61632
1.11252 60172
1.11301 61632
1.11301 60172
1.1135 61632
1.1135 60172
1.11399 61632
1.11399 60172
1.11448 61632
1.11448 60172
1.11497 61632
1.11497 60172
1.11546 61632
1.11546 60172
1.11595 61632
1.11595 60172
1.11644 61632
1.11644 60172
1.11693 61632
1.11693 60172
1.11741 61632
1.11741 60172
1.1179 61632
1.1179 60172
1.11839 61632
1.11839 60172
1.11888 61632
1.11888 60172
1.11937 61632
1.11937 60172
1.11986 61632
1.11986 60172
1.12035 61632
1.12035 60172
1.12084 61632
1.12084 60172
1.12133 61632
1.12133 60172
1.12182 61632
1.12182 60172
1.12231 61632
1.12231 60172
1.1228 61632
1.1228 60172
1.12329 61632
1.12329 60172
1.12378 61632
1.12378 60172
1.12427 61632
1.12427 60172
1.12476 61632
1.12476 60172
1.12525 61632
1.12525 60172
1.12574 61632
1.12574 60172
1.12623 61632
1.12623 60172
1.12672 61632
1.12672 60172
1.12721 61632
1.12721 60172
1.1277 61632
1.1277 60172
1.12819 61632
1.12819 60172
1.12868 61632
1.12868 60172
1.12917 61632
1.12917 60172
1.12965 61632
1.12965 60172
1.13014 61632
1.13014 60172
1.13063 61632
1.13063 60172
1.13112 61632
1.13112 60172
1.13161 61632
1.13161 60172
1.1321 61632
1.1321 60172
1.13259 61632
1.13259 60172
1.13308 61632
1.13308 60172
1.13357 61632
1.13357 60172
1.13406 61632
1.13406 60172
1.13455 61632
1.13455 60172
1.13504 61632
1.13504 60172
1.13553 61632
1.13553 60172
1.13602 61632
1.13602 60172
1.13651 61632
1.13651 60172
1.137 61632
1.137 60172
1.13749 61632
1.13749 60172
1.13798 61632
1.13798 60172
1.13847 61632
1.13847 60172
1.13896 61632
1.13896 60172
1.13945 61632
1.13945 60172
1.13994 61632
1.13994 60172
1.14043 61632
1.14043 60172
1.14092 61632
1.14092 60172
1.14141 61632
1.14141 60172
1.14189 61632
1.14189 60172
1.14238 61632
1.14238 60172
1.14287 61632
1.14287 60172
1.14336 61632
1.14336 60172
1.14385 61632
1.14385 60172
1.14434 61632
1.14434 60172
1.14483 61632
1.14483 60172
1.14532 61632
1.14532 60172
1.14581 61632
1.14581 60172
1.1463 61632
1.1463 60172
1.14679 61632
1.14679 60172
1.14728 61632
1.14728 60172
1.14777 61632
1.14777 60172
1.14826 61632
1.14826 60172
1.14875 61632
1.14875 60172
1.14924 61632
1.14924 60172
1.14973 61632
1.14973 60172
1.15022 61632
1.15022 60172
1.15071 61632
1.15071 60172
1.1512 61632
1.1512 60172
1.15169 61632
1.15169 60172
1.15218 61632
1.15218 60172
1.15267 61632
1.15267 60172
1.15316 61632
1.15316 60172
1.15365 61632
1.15365 60172
1.15413 61632
1.15413 60172
1.15462 61632
1.15462 60172
1.15511 61632
1.15511 60172
1.1556 61632
1.1556 60172
1.15609 61632
1.15609 60172
1.15658 61632
1.15658 60172
1.15707 61632
1.15707 60172
1.15756 61632
1.15756 60172
1.15805 61632
1.15805 60172
1.15854 61632
1.15854 60172
1.15903 61632
1.15903 60172
1.15952 61632
1.15952 60172
1.16001 61632
1.16001 60172
1.1605 61632
1.1605 60172
1.16099 61632
1.16099 60172
1.16148 61632
1.16148 60172
1.16197 61632
1.16197 60172
1.16246 61632
1.16246 60172
1.16295 61632
1.16295 60172
1.16344 61632
1.16344 60172
1.16393 61632
1.16393 60172
1.16442 61632
1.16442 60172
1.16491 61632
1.16491 60172
1.1654 61632
1.1654 60172
1.16589 61632
1.16589 60172
1.16637 61632
1.16637 60172
1.16686 61632
1.16686 60172
1.16735 61632
1.16735 60172
1.16784 61632
1.16784 60172
1.16833 61632
1.16833 60172
1.16882 61632
1.16882 60172
1.16931 61632
1.16931 60172
1.1698 61632
1.1698 60172
1.17029 61632
1.17029 60172
1.17078 61632
1.17078 60172
1.17127 61632
1.17127 60172
1.17176 61632
1.17176 60172
1.17225 61632
1.17225 60172
1.17274 61632
1.17274 60172
1.17323 61632
1.17323 60172
1.17372 61632
1.17372 60172
1.17421 61632
1.17421 60172
1.1747 61632
1.1747 60172
1.17519 61632
1.17519 60172
1.17568 61632
1.17568 60172
1.17617 61632
1.17617 60172
1.17666 61632
1.17666 60172
1.17715 61632
1.17715 60172
1.17764 61632
1.17764 60172
1.17813 61632
1.17813 60172
1.17861 61632
1.17861 60172
1.1791 61632
1.1791 60172
1.17959 61632
1.17959 60172
1.18008 61632
1.18008 60172
1.18057 61632
1.18057 60172
1.18106 61632
1.18106 60172
1.18155 61632
1.18155 60172
1.18204 61632
1.18204 60172
1.18253 61632
1.18253 60172
1.18302 61632
1.18302 60172
1.18351 61632
1.18351 60172
1.184 61632
1.184 60172
1.18449 61632
1.18449 60172
1.18498 61632
1.18498 60172
1.18547 61632
1.18547 60172
1.18596 61632
1.18596 60172
1.18645 61632
1.18645 60172
1.18694 61632
1.18694 60172
1.18743 61632
1.18743 60172
1.18792 61632
1.18792 60172
1.18841 61632
1.18841 60172
1.1889 61632
1.1889 60172
1.18939 61632
1.18939 60172
1.18988 61632
1.18988 60172
1.19037 61632
1.19037 60172
1.19085 61632
1.19085 60172
1.19134 61632
1.19134 60172
1.19183 61632
1.19183 60172
1.19232 61632
1.19232 60172
1.19281 61632
1.19281 60172
1.1933 61632
1.1933 60172
1.19379 61632
1.19379 60172
1.19428 61632
1.19428 60172
1.19477 61632
1.19477 60172
1.19526 61632
1.19526 60172
1.19575 61632
1.19575 60172
1.19624 61632
1.19624 60172
1.19673 61632
1.19673 60172
1.19722 61632
1.19722 60172
1.19771 61632
1.19771 60172
1.1982 61632
1.1982 60172
1.19869 61632
1.19869 60172
1.19918 61632
1.19918 60172
1.19967 61632
1.19967 60172
1.20016 61632
1.20016 60172
1.20065 61632
1.20065 60172
1.20114 61632
1.20114 60172
1.20163 61632
1.20163 60172
1.20212 61632
1.20212 60172
1.20261 61632
1.20261 60172
1.20309 61632
1.20309 60172
1.20358 61632
1.20358 60172
1.20407 61632
1.20407 60172
1.20456 61632
1.20456 60172
1.20505 61632
1.20505 60172
1.20554 61632
1.20554 60172
1.20603 61632
1.20603 60172
1.20652 61632
1.20652 60172
1.20701 61632
1.20701 60172
1.2075 61632
1.2075 60172
1.20799 61632
1.20799 60172
1.20848 61632
1.20848 60172
1.20897 61632
1.20897 60172
1.20946 61632
1.20946 60172
1.20995 61632
1.20995 60172
1.21044 61632
1.21044 60172
1.21093 61632
1.21093 60172
1.21142 61632
1.21142 60172
1.21191 61632
1.21191 60172
1.2124 61632
1.2124 60172
1.21289 61632
1.21289 60172
1.21338 61632
1.21338 60172
1.21387 61632
1.21387 60172
1.21436 61632
1.21436 60172
1.21485 61632
1.21485 60172
1.21533 61632
1.21533 60172
1.21582 61632
1.21582 60172
1.21631 61632
1.21631 60172
1.2168 61632
1.2168 60172
1.21729 61632
1.21729 60172
1.21778 61632
1.21778 60172
1.21827 61632
1.21827 60172
1.21875 61632
1.21875 60172
1.21925 61632
1.21925 60172
1.21974 61632
1.21974 60172
1.22023 61632
1.22023 60172
1.22072 61632
1.22072 60172
1.22121 61632
1.22121 60172
1.2217 61632
1.2217 60172
1.22219 61632
1.22219 60172
1.22268 61632
1.22268 60172
1.22317 61632
1.22317 60172
1.22366 61632
1.22366 60172
1.22415 61632
1.22415 60172
1.22464 61632
1.22464 60172
1.22513 61632
1.22513 60172
1.22562 61632
1.22562 60172
1.22611 61632
1.22611 60172
1.2266 61632
1.2266 60172
1.22709 61632
1.22709 60172
1.22757 61632
1.22757 60172
1.22806 61632
1.22806 60172
1.22855 61632
1.22855 60172
1.22904 61632
1.22904 60172
1.22953 61632
1.22953 60172
1.23002 61632
1.23002 60172
1.23051 61632
1.23051 60172
1.231 61632
1.231 60172
1.23149 61632
1.23149 60172
1.23198 61632
1.23198 60172
1.23247 61632
1.23247 60172
1.23296 61632
1.23296 60172
1.23345 61632
1.23345 60172
1.23394 61632
1.23394 60172
1.23443 61632
1.23443 60172
1.23492 61632
1.23492 60172
1.23541 61632
1.23541 60172
1.2359 61632
1.2359 60172
1.23639 61632
1.23639 60172
1.23688 61632
1.23688 60172
1.23737 61632
1.23737 60172
1.23784 61632
1.23784 60172
1.23835 61632
1.23835 60172
1.23882 61632
1.23882 60172
1.23933 61632
1.23933 60172
1.23981 61632
1.23981 60172
1.2403 61632
1.2403 60172
1.24079 61632
1.24079 60172
1.24128 61632
1.24128 60172
1.24177 61632
1.24177 60172
1.24226 61632
1.24226 60172
1.24275 61632
1.24275 60172
1.24324 61632
1.24324 60172
1.24373 61632
1.24373 60172
1.24422 61632
1.24422 60172
1.24471 61632
1.24471 60172
1.2452 61632
1.2452 60172
1.24569 61632
1.24569 60172
1.24618 61632
1.24618 60172
1.24667 61632
1.24667 60172
1.24716 61632
1.24716 60172
1.24765 61632
1.24765 60172
1.24814 61632
1.24814 60172
1.24863 61632
1.24863 60172
1.24912 61632
1.24912 60172
1.24961 61632
1.24961 60172
1.2501 61632
1.2501 60172
1.25059 61632
1.25059 60172
1.25108 61632
1.25108 60172
1.25157 61632
1.25157 60172
1.25205 61632
1.25205 60172
1.25254 61632
1.25254 60172
1.25303 61632
1.25303 60172
1.25352 61632
1.25352 60172
1.25401 61632
1.25401 60172
1.2545 61632
1.2545 60172
1.25499 61632
1.25499 60172
1.25548 61632
1.25548 60172
1.25597 61632
1.25597 60172
1.25646 61632
1.25646 60172
1.25695 61632
1.25695 60172
1.25744 61632
1.25744 60172
1.25792 61632
1.25792 60172
1.25842 61632
1.25842 60172
1.2589 61632
1.2589 60172
1.2594 61632
1.2594 60172
1.25989 61632
1.25989 60172
1.26038 61632
1.26038 60172
1.26087 61632
1.26087 60172
1.26136 61632
1.26136 60172
1.26185 61632
1.26185 60172
1.26234 61632
1.26234 60172
1.26283 61632
1.26283 60172
1.26332 61632
1.26332 60172
1.26381 61632
1.26381 60172
1.26429 61632
1.26429 60172
1.26478 61632
1.26478 60172
1.26527 61632
1.26527 60172
1.26576 61632
1.26576 60172
1.26625 61632
1.26625 60172
1.26674 61632
1.26674 60172
1.26723 61632
1.26723 60172
1.26772 61632
1.26772 60172
1.26821 61632
1.26821 60172
1.2687 61632
1.2687 60172
1.26919 61632
1.26919 60172
1.26968 61632
1.26968 60172
1.27017 61632
1.27017 60172
1.27066 61632
1.27066 60172
1.27115 61632
1.27115 60172
1.27164 61632
1.27164 60172
1.27213 61632
1.27213 60172
1.27262 61632
1.27262 60172
1.27311 61632
1.27311 60172
1.2736 61632
1.2736 60172
1.27409 61632
1.27409 60172
1.27458 61632
1.27458 60172
1.27507 61632
1.27507 60172
1.27556 61632
1.27556 60172
1.27605 61632
1.27605 60172
1.27653 61632
1.27653 60172
1.27702 61632
1.27702 60172
1.27751 61632
1.27751 60172
1.27799 61632
1.27799 60172
1.27849 61632
1.27849 60172
1.27897 61632
1.27897 60172
1.27947 61632
1.27947 60172
1.27996 61632
1.27996 60172
1.28045 61632
1.28045 60172
1.28094 61632
1.28094 60172
1.28143 61632
1.28143 60172
1.28192 61632
1.28192 60172
1.28241 61632
1.28241 60172
1.2829 61632
1.2829 60172
1.28339 61632
1.28339 60172
1.28388 61632
1.28388 60172
1.28437 61632
1.28437 60172
1.28486 61632
1.28486 60172
1.28535 61632
1.28535 60172
1.28584 61632
1.28584 60172
1.28633 61632
1.28633 60172
1.28682 61632
1.28682 60172
1.28731 61632
1.28731 60172
1.2878 61632
1.2878 60172
1.28829 61632
1.28829 60172
1.28877 61632
1.28877 60172
1.28926 61632
1.28926 60172
1.28975 61632
1.28975 60172
1.29024 61632
1.29024 60172
1.29073 61632
1.29073 60172
1.29122 61632
1.29122 60172
1.29171 61632
1.29171 60172
1.2922 61632
1.2922 60172
1.29269 61632
1.29269 60172
1.29318 61632
1.29318 60172
1.29367 61632
1.29367 60172
1.29416 61632
1.29416 60172
1.29465 61632
1.29465 60172
1.29514 61632
1.29514 60172
1.29563 61632
1.29563 60172
1.29612 61632
1.29612 60172
1.29661 61632
1.29661 60172
1.2971 61632
1.2971 60172
1.29759 61632
1.29759 60172
1.29806 61632
1.29806 60172
1.29857 61632
1.29857 60172
1.29904 61632
1.29904 60172
1.29955 61632
1.29955 60172
1.30004 61632
1.30004 60172
1.30053 61632
1.30053 60172
1.30103 61632
1.30103 60172
1.30152 61632
1.30152 60172
1.30201 61632
1.30201 60172
1.3025 61632
1.3025 60172
1.30299 61632
1.30299 60172
1.30348 61632
1.30348 60172
1.30397 61632
1.30397 60172
1.30446 61632
1.30446 60172
1.30495 61632
1.30495 60172
1.30544 61632
1.30544 60172
1.30593 61632
1.30593 60172
1.30642 61632
1.30642 60172
1.30691 61632
1.30691 60172
1.3074 61632
1.3074 60172
1.30789 61632
1.30789 60172
1.30838 61632
1.30838 60172
1.30887 61632
1.30887 60172
1.30936 61632
1.30936 60172
1.30985 61632
1.30985 60172
1.31034 61632
1.31034 60172
1.31083 61632
1.31083 60172
1.31132 61632
1.31132 60172
1.31181 61632
1.31181 60172
1.3123 61632
1.3123 60172
1.31279 61632
1.31279 60172
1.31327 61632
1.31327 60172
1.31376 61632
1.31376 60172
1.31425 61632
1.31425 60172
1.31474 61632
1.31474 60172
1.31523 61632
1.31523 60172
1.31572 61632
1.31572 60172
1.31621 61632
1.31621 60172
1.3167 61632
1.3167 60172
1.31719 61632
1.31719 60172
1.31768 61632
1.31768 60172
1.31816 61632
1.31816 60172
1.31866 61632
1.31866 60172
1.31914 61632
1.31914 60172
1.31964 61632
1.31964 60172
1.32013 61632
1.32013 60172
1.32062 61632
1.32062 60172
1.32111 61632
1.32111 60172
1.3216 61632
1.3216 60172
1.32209 61632
1.32209 60172
1.32258 61632
1.32258 60172
1.32307 61632
1.32307 60172
1.32356 61632
1.32356 60172
1.32405 61632
1.32405 60172
1.32454 61632
1.32454 60172
1.32503 61632
1.32503 60172
1.32551 61632
1.32551 60172
1.326 61632
1.326 60172
1.32649 61632
1.32649 60172
1.32698 61632
1.32698 60172
1.32747 61632
1.32747 60172
1.32796 61632
1.32796 60172
1.32845 61632
1.32845 60172
1.32894 61632
1.32894 60172
1.32943 61632
1.32943 60172
1.32992 61632
1.32992 60172
1.33041 61632
1.33041 60172
1.3309 61632
1.3309 60172
1.33139 61632
1.33139 60172
1.33188 61632
1.33188 60172
1.33237 61632
1.33237 60172
1.33286 61632
1.33286 60172
1.33335 61632
1.33335 60172
1.33384 61632
1.33384 60172
1.33433 61632
1.33433 60172
1.33482 61632
1.33482 60172
1.33531 61632
1.33531 60172
1.3358 61632
1.3358 60172
1.33629 61632
1.33629 60172
1.33678 61632
1.33678 60172
1.33727 61632
1.33727 60172
1.33775 61632
1.33775 60172
1.33823 61632
1.33823 60172
1.33873 61632
1.33873 60172
1.33921 61632
1.33921 60172
1.33971 61632
1.33971 60172
1.3402 61632
1.3402 60172
1.34069 61632
1.34069 60172
1.34118 61632
1.34118 60172
1.34167 61632
1.34167 60172
1.34216 61632
1.34216 60172
1.34265 61632
1.34265 60172
1.34314 61632
1.34314 60172
1.34363 61632
1.34363 60172
1.34412 61632
1.34412 60172
1.34461 61632
1.34461 60172
1.3451 61632
1.3451 60172
1.34559 61632
1.34559 60172
1.34608 61632
1.34608 60172
1.34657 61632
1.34657 60172
1.34706 61632
1.34706 60172
1.34755 61632
1.34755 60172
1.34804 61632
1.34804 60172
1.34853 61632
1.34853 60172
1.34902 61632
1.34902 60172
1.34951 61632
1.34951 60172
1.34999 61632
1.34999 60172
1.35048 61632
1.35048 60172
1.35097 61632
1.35097 60172
1.35146 61632
1.35146 60172
1.35195 61632
1.35195 60172
1.35244 61632
1.35244 60172
1.35293 61632
1.35293 60172
1.35342 61632
1.35342 60172
1.35391 61632
1.35391 60172
1.3544 61632
1.3544 60172
1.35489 61632
1.35489 60172
1.35538 61632
1.35538 60172
1.35587 61632
1.35587 60172
1.35636 61632
1.35636 60172
1.35685 61632
1.35685 60172
1.35734 61632
1.35734 60172
1.35783 61632
1.35783 60172
1.35831 61632
1.35831 60172
1.35881 61632
1.35881 60172
1.35928 61632
1.35928 60172
1.35979 61632
1.35979 60172
1.36028 61632
1.36028 60172
1.36077 61632
1.36077 60172
1.36126 61632
1.36126 60172
1.36175 61632
1.36175 60172
1.36223 61632
1.36223 60172
1.36272 61632
1.36272 60172
1.36321 61632
1.36321 60172
1.3637 61632
1.3637 60172
1.36419 61632
1.36419 60172
1.36468 61632
1.36468 60172
1.36517 61632
1.36517 60172
1.36566 61632
1.36566 60172
1.36615 61632
1.36615 60172
1.36664 61632
1.36664 60172
1.36713 61632
1.36713 60172
1.36762 61632
1.36762 60172
1.36811 61632
1.36811 60172
1.3686 61632
1.3686 60172
1.36909 61632
1.36909 60172
1.36958 61632
1.36958 60172
1.37007 61632
1.37007 60172
1.37056 61632
1.37056 60172
1.37105 61632
1.37105 60172
1.37154 61632
1.37154 60172
1.37203 61632
1.37203 60172
1.37252 61632
1.37252 60172
1.37301 61632
1.37301 60172
1.3735 61632
1.3735 60172
1.37399 61632
1.37399 60172
1.37447 61632
1.37447 60172
1.37496 61632
1.37496 60172
1.37545 61632
1.37545 60172
1.37594 61632
1.37594 60172
1.37643 61632
1.37643 60172
1.37692 61632
1.37692 60172
1.37741 61632
1.37741 60172
1.3779 61632
1.3779 60172
1.37838 61632
1.37838 60172
1.37888 61632
1.37888 60172
1.37936 61632
1.37936 60172
1.37986 61632
1.37986 60172
1.38035 61632
1.38035 60172
1.38084 61632
1.38084 60172
1.38133 61632
1.38133 60172
1.38182 61632
1.38182 60172
1.38231 61632
1.38231 60172
1.3828 61632
1.3828 60172
1.38329 61632
1.38329 60172
1.38378 61632
1.38378 60172
1.38427 61632
1.38427 60172
1.38476 61632
1.38476 60172
1.38525 61632
1.38525 60172
1.38574 61632
1.38574 60172
1.38623 61632
1.38623 60172
1.38671 61632
1.38671 60172
1.3872 61632
1.3872 60172
1.38769 61632
1.38769 60172
1.38818 61632
1.38818 60172
1.38867 61632
1.38867 60172
1.38916 61632
1.38916 60172
1.38965 61632
1.38965 60172
1.39014 61632
1.39014 60172
1.39063 61632
1.39063 60172
1.39112 61632
1.39112 60172
1.39161 61632
1.39161 60172
1.3921 61632
1.3921 60172
1.39259 61632
1.39259 60172
1.39308 61632
1.39308 60172
1.39357 61632
1.39357 60172
1.39406 61632
1.39406 60172
1.39455 61632
1.39455 60172
1.39504 61632
1.39504 60172
1.39553 61632
1.39553 60172
1.39602 61632
1.39602 60172
1.39651 61632
1.39651 60172
1.397 61632
1.397 60172
1.39749 61632
1.39749 60172
1.39798 61632
1.39798 60172
1.39845 61632
1.39845 60172
1.39895 61632
1.39895 60172
1.39943 61632
1.39943 60172
1.39993 61632
1.39993 60172
1.40042 61632
1.40042 60172
1.40091 61632
1.40091 60172
1.4014 61632
1.4014 60172
1.40189 61632
1.40189 60172
1.40238 61632
1.40238 60172
1.40287 61632
1.40287 60172
1.40336 61632
1.40336 60172
1.40385 61632
1.40385 60172
1.40434 61632
1.40434 60172
1.40483 61632
1.40483 60172
1.40532 61632
1.40532 60172
1.40581 61632
1.40581 60172
1.4063 61632
1.4063 60172
1.40679 61632
1.40679 60172
1.40728 61632
1.40728 60172
1.40777 61632
1.40777 60172
1.40826 61632
1.40826 60172
1.40875 61632
1.40875 60172
1.40924 61632
1.40924 60172
1.40973 61632
1.40973 60172
1.41022 61632
1.41022 60172
1.41071 61632
1.41071 60172
1.41119 61632
1.41119 60172
1.41168 61632
1.41168 60172
1.41217 61632
1.41217 60172
1.41266 61632
1.41266 60172
1.41315 61632
1.41315 60172
1.41364 61632
1.41364 60172
1.41413 61632
1.41413 60172
1.41462 61632
1.41462 60172
1.41511 61632
1.41511 60172
1.4156 61632
1.4156 60172
1.41609 61632
1.41609 60172
1.41658 61632
1.41658 60172
1.41707 61632
1.41707 60172
1.41756 61632
1.41756 60172
1.41805 61632
1.41805 60172
1.41853 61632
1.41853 60172
1.41903 61632
1.41903 60172
1.41951 61632
1.41951 60172
1.42001 61632
1.42001 60172
1.4205 61632
1.4205 60172
1.42099 61632
1.42099 60172
1.42148 61632
1.42148 60172
1.42197 61632
1.42197 60172
1.42246 61632
1.42246 60172
1.42295 61632
1.42295 60172
1.42343 61632
1.42343 60172
1.42392 61632
1.42392 60172
1.42441 61632
1.42441 60172
1.4249 61632
1.4249 60172
1.42539 61632
1.42539 60172
1.42588 61632
1.42588 60172
1.42637 61632
1.42637 60172
1.42686 61632
1.42686 60172
1.42735 61632
1.42735 60172
1.42784 61632
1.42784 60172
1.42833 61632
1.42833 60172
1.42882 61632
1.42882 60172
1.42931 61632
1.42931 60172
1.4298 61632
1.4298 60172
1.43029 61632
1.43029 60172
1.43078 61632
1.43078 60172
1.43127 61632
1.43127 60172
1.43176 61632
1.43176 60172
1.43225 61632
1.43225 60172
1.43274 61632
1.43274 60172
1.43323 61632
1.43323 60172
1.43372 61632
1.43372 60172
1.43421 61632
1.43421 60172
1.4347 61632
1.4347 60172
1.43519 61632
1.43519 60172
1.43567 61632
1.43567 60172
1.43616 61632
1.43616 60172
1.43665 61632
1.43665 60172
1.43714 61632
1.43714 60172
1.43763 61632
1.43763 60172
1.43812 61632
1.43812 60172
1.4386 61632
1.4386 60172
1.4391 61632
1.4391 60172
1.43958 61632
1.43958 60172
1.44008 61632
1.44008 60172
1.44057 61632
1.44057 60172
1.44106 61632
1.44106 60172
1.44155 61632
1.44155 60172
1.44204 61632
1.44204 60172
1.44253 61632
1.44253 60172
1.44302 61632
1.44302 60172
1.44351 61632
1.44351 60172
1.444 61632
1.444 60172
1.44449 61632
1.44449 60172
1.44498 61632
1.44498 60172
1.44547 61632
1.44547 60172
1.44596 61632
1.44596 60172
1.44645 61632
1.44645 60172
1.44694 61632
1.44694 60172
1.44743 61632
1.44743 60172
1.44791 61632
1.44791 60172
1.4484 61632
1.4484 60172
1.44889 61632
1.44889 60172
1.44938 61632
1.44938 60172
1.44987 61632
1.44987 60172
1.45036 61632
1.45036 60172
1.45085 61632
1.45085 60172
1.45134 61632
1.45134 60172
1.45183 61632
1.45183 60172
1.45232 61632
1.45232 60172
1.45281 61632
1.45281 60172
1.4533 61632
1.4533 60172
1.45379 61632
1.45379 60172
1.45428 61632
1.45428 60172
1.45477 61632
1.45477 60172
1.45526 61632
1.45526 60172
1.45575 61632
1.45575 60172
1.45624 61632
1.45624 60172
1.45673 61632
1.45673 60172
1.45722 61632
1.45722 60172
1.45771 61632
1.45771 60172
1.4582 61632
1.4582 60172
1.45867 61632
1.45867 60172
1.45918 61632
1.45918 60172
1.45965 61632
1.45965 60172
1.46015 61632
1.46015 60172
1.46064 61632
1.46064 60172
1.46113 61632
1.46113 60172
1.46162 61632
1.46162 60172
1.46211 61632
1.46211 60172
1.4626 61632
1.4626 60172
1.46309 61632
1.46309 60172
1.46358 61632
1.46358 60172
1.46407 61632
1.46407 60172
1.46456 61632
1.46456 60172
1.46505 61632
1.46505 60172
1.46554 61632
1.46554 60172
1.46603 61632
1.46603 60172
1.46652 61632
1.46652 60172
1.46701 61632
1.46701 60172
1.4675 61632
1.4675 60172
1.46799 61632
1.46799 60172
1.46848 61632
1.46848 60172
1.46897 61632
1.46897 60172
1.46946 61632
1.46946 60172
1.46995 61632
1.46995 60172
1.47044 61632
1.47044 60172
1.47093 61632
1.47093 60172
1.47142 61632
1.47142 60172
1.47191 61632
1.47191 60172
1.47239 61632
1.47239 60172
1.47288 61632
1.47288 60172
1.47337 61632
1.47337 60172
1.47386 61632
1.47386 60172
1.47435 61632
1.47435 60172
1.47484 61632
1.47484 60172
1.47533 61632
1.47533 60172
1.47582 61632
1.47582 60172
1.47631 61632
1.47631 60172
1.4768 61632
1.4768 60172
1.47729 61632
1.47729 60172
1.47778 61632
1.47778 60172
1.47827 61632
1.47827 60172
1.47875 61632
1.47875 60172
1.47925 61632
1.47925 60172
1.47973 61632
1.47973 60172
1.48023 61632
1.48023 60172
1.48072 61632
1.48072 60172
1.48121 61632
1.48121 60172
1.4817 61632
1.4817 60172
1.48219 61632
1.48219 60172
1.48268 61632
1.48268 60172
1.48317 61632
1.48317 60172
1.48366 61632
1.48366 60172
1.48415 61632
1.48415 60172
1.48463 61632
1.48463 60172
1.48512 61632
1.48512 60172
1.48561 61632
1.48561 60172
1.4861 61632
1.4861 60172
1.48659 61632
1.48659 60172
1.48708 61632
1.48708 60172
1.48757 61632
1.48757 60172
1.48806 61632
1.48806 60172
1.48855 61632
1.48855 60172
1.48904 61632
1.48904 60172
1.48953 61632
1.48953 60172
1.49002 61632
1.49002 60172
1.49051 61632
1.49051 60172
1.491 61632
1.491 60172
1.49149 61632
1.49149 60172
1.49198 61632
1.49198 60172
1.49247 61632
1.49247 60172
1.49296 61632
1.49296 60172
1.49345 61632
1.49345 60172
1.49394 61632
1.49394 60172
1.49443 61632
1.49443 60172
1.49492 61632
1.49492 60172
1.49541 61632
1.49541 60172
1.4959 61632
1.4959 60172
1.49639 61632
1.49639 60172
1.49687 61632
1.49687 60172
1.49736 61632
1.49736 60172
1.49785 61632
1.49785 60172
1.49834 61632
1.49834 60172
1.49882 61632
1.49882 60172
1.49932 61632
1.49932 60172
1.4998 61632
1.4998 60172
1.50016 20616
1.50018 22076
1.50018 20616
1.5002 22076
1.5002 20616
1.50023 22076
1.50023 20616
1.50025 22076
1.50025 20616
1.50028 22076
1.50028 20616
1.5003 22076
1.5003 19616
1.50033 21076
1.50033 18616
1.50035 20076
1.50035 18116
1.50038 19576
1.50038 16616
1.5004 18076
1.5004 15616
1.50042 17076
1.50042 14616
1.50045 16076
1.50045 13616
1.50047 15076
1.50047 12616
1.5005 14076
1.5005 11616
1.50052 13076
1.50052 10616
1.50055 12076
1.50055 10616
1.50057 12076
1.5006 13536
1.50062 14996
1.50064 16456
1.50067 17916
1.50069 19376
1.50072 20836
1.50074 22296
1.50077 23756
1.50091 25216
1.50151 26676
1.50208 28136
1.50263 29596
1.50315 31056
1.50365 32516
1.50414 33976
1.50463 35436
1.50512 36896
1.50561 38356
1.5061 39816
1.50659 41276
1.50708 42736
1.50757 44196
1.50806 45656
1.50823 10616
1.50825 12076
1.50825 10616
1.50828 12076
1.50828 10616
1.5083 12076
1.5083 10616
1.50832 12076
1.50832 10616
1.50835 12076
1.50835 10616
1.50837 12076
1.5084 13536
1.50842 14996
1.50845 16456
1.50847 17916
1.5085 19376
1.50852 20836
1.50854 22296
1.50857 23756
1.50889 25216
1.50947 26676
1.51014 28136
1.51067 29596
1.51119 31056
1.51169 32516
1.51218 33976
1.51268 35436
1.51316 36896
1.51367 38356
1.51416 39816
1.5146 41276
1.51509 42736
1.51563 44196
1.51604 45656
1.51623 10616
1.51626 12076
1.51628 13536
1.51628 10616
1.51632 12076
1.51634 13536
1.51634 10616
1.51635 12076
1.51635 10616
1.51638 12076
1.51638 10616
1.51639 12076
1.5164 13536
1.51642 14996
1.51644 16456
1.51645 17916
1.51648 19376
1.51651 20836
1.51654 22296
1.51658 23756
1.51698 25216
1.51762 26676
1.51817 28136
1.5187 29596
1.51921 31056
1.51971 32516
1.52021 33976
1.52071 35436
1.52123 36896
1.52177 38356
1.52207 39816
1.52261 41276
1.52315 42736
1.52372 44196
1.52403 45656
1.52426 10616
1.52437 12076
1.52443 13536
1.52445 14996
1.52446 16456
1.52447 17916
1.52448 19376
1.5245 20836
1.52452 22296
1.52453 23756
1.52475 25216
1.52532 26676
1.52587 28136
1.52639 29596
1.52693 31056
1.52744 32516
1.52793 33976
1.52844 35436
1.52896 36896
1.52948 38356
1.53001 39816
1.53031 41276
1.53088 42736
1.53143 44196
1.53176 45656
1.53207 10616
1.53208 12076
1.53209 13536
1.5321 14996
1.53211 16456
1.53214 17916
1.53215 19376
1.53216 20836
1.53219 22296
1.5322 23756
1.53244 25216
1.53314 26676
1.53375 28136
1.53429 29596
1.5348 31056
1.53531 32516
1.53583 33976
1.53631 35436
1.53675 36896
1.53715 38356
1.53769 39816
1.53825 41276
1.53874 42736
1.5391 44196
1.53968 45656
1.54001 10616
1.54008 12076
1.54008 10616
1.5401 12076
1.54016 13536
1.54019 14996
1.54023 16456
1.54026 17916
1.54031 19376
1.54033 20836
1.54034 22296
1.54036 23756
1.54042 25216
1.54097 26676
1.54151 28136
1.54203 29596
1.54256 31056
1.54307 32516
1.54356 33976
1.54403 35436
1.54454 36896
1.54506 38356
1.5454 39816
1.54594 41276
1.54645 42736
1.54696 44196
1.54734 45656
1.54779 10616
1.5478 12076
1.5478 10616
1.54782 12076
1.54782 10616
1.54784 12076
1.54785 13536
1.54785 10616
1.54788 12076
1.54789 13536
1.54791 14996
1.54791 10616
1.54795 12076
1.54799 13536
1.548 14996
1.54801 16456
1.54802 17916
1.54804 19376
1.54805 20836
1.54806 22296
1.54807 23756
1.54815 25216
1.54869 26676
1.54945 28136
1.55001 29596
1.55054 31056
1.55105 32516
1.55155 33976
1.552 35436
1.55236 36896
1.5529 38356
1.55345 39816
1.554 41276
1.55438 42736
1.55486 44196
1.55545 45656
1.55548 10616
1.5555 12076
1.5555 10616
1.55551 12076
1.55552 13536
1.55553 14996
1.55553 10616
1.55554 12076
1.55554 10616
1.55556 12076
1.55556 10616
1.55557 12076
1.55558 13536
1.55558 10616
1.55559 12076
1.55559 10616
1.55561 12076
1.55561 10616
1.55562 12076
1.55564 13536
1.55565 14996
1.55567 16456
1.55568 17916
1.55579 19376
1.55583 20836
1.5559 22296
1.55594 23756
1.55658 25216
1.55719 26676
1.55775 28136
1.55828 29596
1.55881 31056
1.55932 32516
1.55985 33976
1.56036 35436
1.56085 36896
1.56133 38356
1.56177 39816
1.56233 41276
1.56287 42736
1.56333 44196
1.56351 10616
1.56353 12076
1.56355 13536
1.56355 10616
1.56358 12076
1.5636 13536
1.5636 10616
1.56363 12076
1.56365 13536
1.56369 14996
1.5637 16456
1.56371 17916
1.56373 19376
1.56374 20836
1.56375 22296
1.56376 23756
1.56418 25216
1.5648 26676
1.56533 28136
1.56585 29596
1.56637 31056
1.56688 32516
1.56738 33976
1.56789 35436
1.56842 36896
1.56892 38356
1.56924 39816
1.56975 41276
1.57033 42736
1.57087 44196
1.57117 45656
1.57145 10616
1.5715 12076
1.5715 10616
1.57158 12076
1.5716 13536
1.57161 14996
1.57163 16456
1.57165 17916
1.57169 19376
1.5717 20836
1.57171 22296
1.57172 23756
1.5719 25216
1.57244 26676
1.57299 28136
1.57359 29596
1.57411 31056
1.57462 32516
1.57511 33976
1.57551 35436
1.57601 36896
1.57655 38356
1.5771 39816
1.57751 41276
1.57792 42736
1.57849 44196
1.57905 45656
1.57923 10616
1.57924 12076
1.57924 10616
1.57926 12076
1.57926 10616
1.57928 12076
1.57928 10616
1.57929 12076
1.57929 10616
1.57931 12076
1.57931 10616
1.57932 12076
1.57933 13536
1.57935 14996
1.57935 10616
1.57937 12076
1.57937 10616
1.5794 12076
1.57951 13536
1.57955 14996
1.57956 16456
1.57959 17916
1.5796 19376
1.57962 20836
1.57967 22296
1.57978 23756
1.57992 25216
1.5805 26676
1.58117 28136
1.5817 29596
1.58222 31056
1.58273 32516
1.58323 33976
1.58374 35436
1.58422 36896
1.58477 38356
1.58535 39816
1.58571 41276
1.58619 42736
1.58678 44196
1.58702 10616
1.58703 12076
1.58703 10616
1.58706 12076
1.58708 13536
1.58708 10616
1.58711 12076
1.58712 13536
1.58714 14996
1.58722 16456
1.58734 17916
1.58739 19376
1.58743 20836
1.58744 22296
1.58745 23756
1.58755 25216
1.58811 26676
1.58864 28136
1.58919 29596
1.5897 31056
1.5902 32516
1.5907 33976
1.59119 35436
1.59172 36896
1.59225 38356
1.59282 39816
1.59313 41276
1.59365 42736
1.59424 44196
1.59458 45656
1.59481 11116
1.59487 12576
1.59487 10616
1.59489 12076
1.59489 10616
1.5949 12076
1.5949 10616
1.59491 12076
1.59491 10616
1.59492 12076
1.59493 13536
1.59496 14996
1.59498 16456
1.595 17916
1.59501 19376
1.59502 20836
1.59503 22296
1.59504 23756
1.59557 25216
1.59611 26676
1.59665 28136
1.59717 29596
1.59768 31056
1.5982 32516
1.5987 33976
1.59921 35436
1.59974 36896
1.60028 38356
1.60056 39816
1.6011 41276
1.60167 42736
1.60222 44196
1.60253 45656
1.60313 47116
1.60347 48576
1.60384 50036
1.60428 51496
1.60455 52956
1.60499 54416
1.60531 55876
1.60571 57336
1.60609 58796
1.60627 10616
1.60629 12076
1.60629 10616
1.6063 12076
1.60631 13536
1.60632 14996
1.60632 10616
1.60633 12076
1.60633 10616
1.60635 12076
1.60635 10616
1.60636 12076
1.60637 13536
1.60637 10616
1.60638 12076
1.60638 10616
1.6064 12076
1.6064 10616
1.60641 12076
1.60642 13536
1.60643 14996
1.60644 16456
1.60647 17916
1.60648 19376
1.60649 20836
1.60651 22296
1.60652 23756
1.60682 25216
1.60741 26676
1.608 28136
1.60858 29596
1.6091 31056
1.60961 32516
1.61011 33976
1.61059 35436
1.61105 36896
1.61152 38356
1.61193 39816
1.6125 41276
1.613 42736
1.61345 44196
1.6139 45656
1.61416 10616
1.61419 12076
1.61419 10616
1.61421 12076
1.61427 13536
1.6143 14996
1.61432 16456
1.61433 17916
1.61436 19376
1.61437 20836
1.61441 22296
1.61443 23756
1.61464 25216
1.6152 26676
1.61573 28136
1.61627 29596
1.61678 31056
1.61728 32516
1.61778 33976
1.61828 35436
1.61881 36896
1.61933 38356
1.61988 39816
1.62016 41276
1.62071 42736
1.62129 44196
1.62158 45656
1.62216 47116
1.62258 48576
1.62287 50036
1.62327 51496
1.62374 52956
1.62398 54416
1.62445 55876
1.62472 57336
1.62517 58796
1.62544 60256
1.62565 10616
1.62576 12076
1.62576 10616
1.62579 12076
1.62581 13536
1.62582 14996
1.62583 16456
1.62584 17916
1.62586 19376
1.62587 20836
1.62588 22296
1.62589 23756
1.62603 25216
1.62656 26676
1.62711 28136
1.62764 29596
1.62817 31056
1.62866 32516
1.62915 33976
1.62963 35436
1.6301 36896
1.63057 38356
1.63094 39816
1.63145 41276
1.63196 42736
1.63243 44196
1.63282 45656
1.63335 47116
1.63353 10616
1.63354 12076
1.63354 10616
1.63357 12076
1.63358 13536
1.6336 14996
1.6336 10616
1.63364 12076
1.63364 10616
1.6337 12076
1.63375 13536
1.6338 14996
1.63384 16456
1.63386 17916
1.63387 19376
1.6339 20836
1.63394 22296
1.63396 23756
1.63413 25216
1.63469 26676
1.63524 28136
1.63577 29596
1.63628 31056
1.63678 32516
1.63728 33976
1.63778 35436
1.6383 36896
1.63882 38356
1.63935 39816
1.63967 41276
1.64022 42736
1.64078 44196
1.64109 45656
1.64135 10616
1.64138 12076
1.64138 10616
1.64139 12076
1.64139 10616
1.64141 12076
1.64141 10616
1.64143 12076
1.64144 13536
1.64147 14996
1.64149 16456
1.6415 17916
1.64152 19376
1.64154 20836
1.64155 22296
1.64157 23756
1.64199 25216
1.64264 26676
1.64317 28136
1.64369 29596
1.6442 31056
1.6447 32516
1.64522 33976
1.64574 35436
1.64628 36896
1.64671 38356
1.64709 39816
1.64765 41276
1.64823 42736
1.64867 44196
1.64901 10616
1.64903 12076
1.64903 10616
1.64904 12076
1.64905 13536
1.64906 14996
1.64906 10616
1.64907 12076
1.64907 10616
1.64909 12076
1.64909 10616
1.6491 12076
1.64911 13536
1.64912 14996
1.64912 10616
1.64914 12076
1.64914 10616
1.64916 12076
1.64917 13536
1.6492 14996
1.64922 16456
1.64938 17916
1.6494 19376
1.64944 20836
1.64951 22296
1.64959 23756
1.64969 25216
1.65033 26676
1.65122 28136
1.65194 29596
1.65266 31056
1.65283 10616
1.65287 12076
1.65289 13536
1.65289 10616
1.65291 12076
1.65291 10616
1.65292 12076
1.65292 10616
1.65293 12076
1.65293 10616
1.65294 12076
1.65294 11116
1.65295 12576
1.65295 10616
1.65297 12076
1.65297 10616
1.65298 12076
1.65298 10616
1.65299 12076
1.65299 10616
1.65302 12076
1.65303 13536
1.65305 14996
1.65328 16456
1.65333 17916
1.65337 19376
1.65339 20836
1.65342 22296
1.65348 23756
1.65409 25216
1.6547 26676
1.65529 28136
1.65584 29596
1.65636 31056
1.65687 32516
1.65739 33976
1.6579 35436
1.65846 36896
1.65897 38356
1.65938 39816
1.65991 41276
1.66048 42736
1.66091 10616
1.66097 12076
1.66097 10616
1.66102 12076
1.66102 10616
1.66105 12076
1.66105 10616
1.66107 12076
1.66112 13536
1.66116 14996
1.66117 16456
1.66118 17916
1.66119 19376
1.66121 20836
1.66123 22296
1.66124 23756
1.66127 25216
1.66183 26676
1.66237 28136
1.66291 29596
1.66343 31056
1.66394 32516
1.66444 33976
1.66492 35436
1.66541 36896
1.66591 38356
1.66631 39816
1.66683 41276
1.66732 42736
1.66784 44196
1.66824 45656
1.66866 10616
1.66868 12076
1.66868 10616
1.6687 12076
1.6687 10616
1.66871 12076
1.66871 10616
1.66874 12076
1.66876 13536
1.66876 10616
1.66879 12076
1.66879 10616
1.66882 12076
1.66885 13536
1.66886 14996
1.66887 16456
1.6689 17916
1.66891 19376
1.66892 20836
1.66893 22296
1.66896 23756
1.66907 25216
1.66965 26676
1.67032 28136
1.67087 29596
1.67139 31056
1.67189 32516
1.67238 33976
1.67287 35436
1.67326 36896
1.67376 38356
1.67431 39816
1.67483 41276
1.67525 42736
1.67572 44196
1.6763 45656
1.67649 11116
1.6765 12576
1.6765 10616
1.67653 12076
1.67653 10616
1.67656 12076
1.67656 10616
1.67658 12076
1.67658 10616
1.67666 12076
1.6767 13536
1.67676 14996
1.6768 16456
1.67683 17916
1.67686 19376
1.67688 20836
1.67691 22296
1.67693 23756
1.67708 25216
1.67764 26676
1.67817 28136
1.67871 29596
1.67922 31056
1.67973 32516
1.68023 33976
1.68073 35436
1.68126 36896
1.68178 38356
1.68222 39816
1.6826 41276
1.68315 42736
1.68373 44196
1.68402 45656
1.6844 10616
1.68442 12076
1.68442 10616
1.68444 12076
1.68446 13536
1.68446 10616
1.68448 12076
1.68448 10616
1.68449 12076
1.6845 13536
1.6845 10616
1.68451 12076
1.68451 10616
1.68453 12076
1.68453 10616
1.68454 12076
1.68454 10616
1.68455 12076
1.68455 10616
1.68456 12076
1.68459 13536
1.6846 14996
1.68462 16456
1.68464 17916
1.68465 19376
1.68466 20836
1.68467 22296
1.68468 23756
1.68519 25216
1.68575 26676
1.68629 28136
1.68681 29596
1.68734 31056
1.68785 32516
1.68835 33976
1.68886 35436
1.68939 36896
1.68994 38356
1.69021 39816
1.69075 41276
1.69132 42736
1.69191 44196
1.69218 45656
1.69277 47116
1.69318 48576
1.69349 50036
1.69391 51496
1.6942 52956
1.69462 54416
1.69502 55876
1.69535 57336
1.6958 58796
1.69596 10616
1.69597 12076
1.69597 10616
1.69599 12076
1.696 13536
1.69601 14996
1.69601 10616
1.69602 12076
1.69602 10616
1.69605 12076
1.69606 13536
1.69607 14996
1.69607 10616
1.69609 12076
1.69609 10616
1.6961 12076
1.69612 13536
1.69613 14996
1.69616 16456
1.69617 17916
1.69618 19376
1.6962 20836
1.69621 22296
1.69623 23756
1.69649 25216
1.6971 26676
1.69764 28136
1.69819 29596
1.69871 31056
1.69922 32516
1.69973 33976
1.70023 35436
1.70074 36896
1.70123 38356
1.70156 39816
1.70211 41276
1.70268 42736
1.70319 44196
1.70352 45656
1.70413 47116
1.70446 48576
1.70482 50036
1.70521 51496
1.70553 52956
1.70598 54416
1.70632 55876
1.7067 57336
1.70705 58796
1.70744 60256
1.70746 10616
1.70747 12076
1.70747 10616
1.70749 12076
1.70749 10616
1.70751 12076
1.70752 13536
1.70752 10616
1.70753 12076
1.70753 10616
1.70755 12076
1.70755 10616
1.70756 12076
1.70757 13536
1.70757 10616
1.70758 12076
1.70758 10616
1.7076 12076
1.7076 10616
1.70762 12076
1.70763 13536
1.70771 14996
1.70773 16456
1.70774 17916
1.70775 19376
1.70777 20836
1.70778 22296
1.70779 23756
1.70817 25216
1.70874 26676
1.70944 28136
1.71 29596
1.71057 31056
1.71115 32516
1.71174 33976
1.71232 35436
1.71275 36896
1.71338 38356
1.71384 10616
1.71385 12076
1.71385 10616
1.7139 12076
1.7139 10616
1.71397 12076
1.71397 10616
1.71401 12076
1.71404 13536
1.71405 14996
1.71406 16456
1.71408 17916
1.71409 19376
1.7141 20836
1.71411 22296
1.71412 23756
1.71421 25216
1.71498 26676
1.71555 28136
1.7161 29596
1.71662 31056
1.71713 32516
1.71764 33976
1.71813 35436
1.71858 36896
1.71899 38356
1.71954 39816
1.72008 41276
1.72057 42736
1.72095 44196
1.72152 45656
1.72157 10616
1.72158 12076
1.72158 10616
1.7216 12076
1.7216 10616
1.72161 12076
1.72162 13536
1.72163 14996
1.72163 10616
1.72164 12076
1.72164 10616
1.72166 12076
1.72168 13536
1.72168 11116
1.72169 12576
1.72169 10616
1.72171 12076
1.72171 10616
1.72175 12076
1.72182 13536
1.72189 14996
1.72191 16456
1.72195 17916
1.722 19376
1.72202 20836
1.72206 22296
1.7221 23756
1.72269 25216
1.72325 26676
1.72379 28136
1.72432 29596
1.72483 31056
1.72533 32516
1.72585 33976
1.72636 35436
1.7269 36896
1.72745 38356
1.72793 39816
1.72832 41276
1.72887 42736
1.72947 44196
1.72965 10616
1.72967 12076
1.72968 13536
1.7297 14996
1.7297 10616
1.72972 12076
1.72972 10616
1.72973 12076
1.72974 13536
1.72976 14996
1.72976 10616
1.72979 12076
1.7298 13536
1.72992 14996
1.73001 16456
1.73005 17916
1.73007 19376
1.7301 20836
1.73012 22296
1.73014 23756
1.7303 25216
1.73087 26676
1.73141 28136
1.73211 29596
1.73263 31056
1.73315 32516
1.73364 33976
1.73401 35436
1.73454 36896
1.73508 38356
1.73566 39816
1.73617 41276
1.7365 42736
1.73709 44196
1.73726 10616
1.73729 12076
1.73729 10616
1.73744 12076
1.73749 13536
1.73755 14996
1.73759 16456
1.7376 17916
1.73762 19376
1.73764 20836
1.73765 22296
1.7377 23756
1.73784 25216
1.7384 26676
1.73893 28136
1.73945 29596
1.73996 31056
1.74046 32516
1.74096 33976
1.74148 35436
1.742 36896
1.74253 38356
1.74303 39816
1.74336 41276
1.74392 42736
1.7445 44196
1.74477 45656
1.74537 47116
1.74577 48576
1.74605 50036
1.74648 51496
1.74691 52956
1.7472 54416
1.74766 55876
1.74794 57336
1.7484 58796
1.74867 60256
1.74872 10616
1.74873 12076
1.74873 10616
1.74875 12076
1.74877 13536
1.74877 10616
1.74878 12076
1.74878 10616
1.7488 12076
1.7488 10616
1.74882 12076
1.74897 13536
1.74899 14996
1.74904 16456
1.74907 17916
1.74908 19376
1.74909 20836
1.7491 22296
1.74911 23756
1.74933 25216
1.74989 26676
1.75043 28136
1.75095 29596
1.75146 31056
1.75196 32516
1.75246 33976
1.75298 35436
1.7535 36896
1.75403 38356
1.75452 39816
1.75485 41276
1.75541 42736
1.75599 44196
1.75626 45656
1.75667 10616
1.7567 12076
1.7567 10616
1.75671 12076
1.75673 13536
1.75673 10616
1.75675 12076
1.75675 10616
1.75676 12076
1.75677 13536
1.75677 10616
1.75678 12076
1.75678 11116
1.75679 12576
1.75679 10616
1.75681 12076
1.75681 10616
1.75682 12076
1.75682 10616
1.75683 12076
1.75683 10616
1.75684 12076
1.75686 13536
1.75687 14996
1.75689 16456
1.7569 17916
1.75692 19376
1.75693 20836
1.75694 22296
1.75695 23756
1.75744 25216
1.758 26676
1.75855 28136
1.75908 29596
1.75959 31056
1.7601 32516
1.76061 33976
1.76112 35436
1.76166 36896
1.76221 38356
1.76263 39816
1.76303 41276
1.76359 42736
1.76419 44196
1.76446 45656
1.76468 10616
1.76474 12076
1.76474 10616
1.7648 12076
1.76484 13536
1.76488 14996
1.76491 16456
1.76493 17916
1.76494 19376
1.76495 20836
1.76496 22296
1.76498 23756
1.7652 25216
1.7658 26676
1.76653 28136
1.76705 29596
1.76756 31056
1.76806 32516
1.76856 33976
1.76908 35436
1.76943 36896
1.76988 38356
1.77042 39816
1.77097 41276
1.77146 42736
1.77182 44196
1.77238 45656
1.77257 10616
1.77258 12076
1.77259 13536
1.77263 14996
1.77263 10616
1.77269 12076
1.77272 13536
1.77279 14996
1.77287 16456
1.7729 17916
1.77297 19376
1.77298 20836
1.77299 22296
1.77301 23756
1.77315 25216
1.7737 26676
1.77425 28136
1.77478 29596
1.77529 31056
1.77579 32516
1.77629 33976
1.77679 35436
1.77731 36896
1.77785 38356
1.77838 39816
1.7787 41276
1.77924 42736
1.77982 44196
1.78012 45656
1.78036 10616
1.78043 12076
1.78047 13536
1.78048 14996
1.78049 16456
1.7805 17916
1.78051 19376
1.78054 20836
1.78055 22296
1.78056 23756
1.78084 25216
1.78143 26676
1.78216 28136
1.78268 29596
1.78319 31056
1.78369 32516
1.78419 33976
1.7847 35436
1.78501 36896
1.78551 38356
1.78602 39816
1.78656 41276
1.78706 42736
1.78742 44196
1.78797 45656
1.78855 47116
1.78858 10616
1.78859 12076
1.78859 10616
1.78861 12076
1.78861 10616
1.78862 12076
1.78863 13536
1.78864 14996
1.78864 10616
1.78866 12076
1.78866 10616
1.78868 12076
1.78869 13536
1.78869 11116
1.7887 12576
1.7887 10616
1.78872 12076
1.78872 11116
1.78873 12576
1.78873 10616
1.78874 12076
1.78874 10616
1.78877 12076
1.78878 13536
1.78879 14996
1.78881 16456
1.78884 17916
1.78885 19376
1.78886 20836
1.78889 22296
1.7889 23756
1.78945 25216
1.79001 26676
1.79072 28136
1.79131 29596
1.79184 31056
1.79235 32516
1.79285 33976
1.79333 35436
1.79369 36896
1.79424 38356
1.7948 39816
1.79533 41276
1.79569 42736
1.79621 44196
1.79669 10616
1.7967 12076
1.79672 13536
1.79672 10616
1.79673 12076
1.79673 10616
1.79675 12076
1.79677 13536
1.79677 10616
1.79678 12076
1.79678 10616
1.79681 12076
1.79685 13536
1.79686 14996
1.79687 16456
1.79688 17916
1.79689 19376
1.79691 20836
1.79692 22296
1.79693 23756
1.79702 25216
1.79762 26676
1.79826 28136
1.79884 29596
1.79936 31056
1.79986 32516
1.80035 33976
1.8008 35436
1.80124 36896
1.80178 38356
1.80233 39816
1.80277 41276
1.80317 42736
1.80373 44196
1.80424 45656
1.8044 10616
1.80441 12076
1.80441 10616
1.80443 12076
1.80443 10616
1.80444 12076
1.80445 13536
1.80445 10616
1.80446 12076
1.80446 10616
1.80448 12076
1.80448 10616
1.80449 12076
1.80449 10616
1.8045 12076
1.8045 10616
1.80452 12076
1.80452 10616
1.80454 12076
1.80454 10616
1.80456 12076
1.80456 10616
1.80457 12076
1.8046 13536
1.80467 14996
1.80472 16456
1.80473 17916
1.80479 19376
1.80483 20836
1.80487 22296
1.80488 23756
1.80539 25216
1.80595 26676
1.8065 28136
1.80706 29596
1.80759 31056
1.8081 32516
1.8086 33976
1.8091 35436
1.80963 36896
1.81017 38356
1.81061 39816
1.81105 41276
1.81159 42736
1.81216 44196
1.81237 10616
1.81241 12076
1.81242 13536
1.81243 14996
1.81243 10616
1.81246 12076
1.81247 13536
1.81248 14996
1.81248 10616
1.81254 12076
1.81262 13536
1.81265 14996
1.81267 16456
1.81268 17916
1.8127 19376
1.81274 20836
1.81279 22296
1.81284 23756
1.81298 25216
1.81356 26676
1.8141 28136
1.81464 29596
1.81515 31056
1.81566 32516
1.81616 33976
1.81666 35436
1.81717 36896
1.8177 38356
1.81824 39816
1.81856 41276
1.81911 42736
1.81966 44196
1.82009 45656
1.82028 10616
1.82031 12076
1.82032 13536
1.82033 14996
1.82033 10616
1.82035 12076
1.82035 10616
1.82036 12076
1.82036 10616
1.82037 12076
1.82037 10616
1.82038 12076
1.82038 11116
1.82041 12576
1.82041 10616
1.82042 12076
1.82042 10616
1.82043 12076
1.82043 10616
1.82044 12076
1.82046 13536
1.82047 14996
1.82049 16456
1.82053 17916
1.82054 19376
1.82057 20836
1.82058 22296
1.82059 23756
1.82112 25216
1.82167 26676
1.82221 28136
1.82273 29596
1.82324 31056
1.82375 32516
1.82425 33976
1.82477 35436
1.82531 36896
1.82586 38356
1.82641 39816
1.82668 41276
1.82724 42736
1.82784 44196
1.8282 45656
1.82839 11116
1.82847 12576
1.82847 10616
1.8285 12076
1.82851 13536
1.82853 14996
1.82854 16456
1.82855 17916
1.82856 19376
1.82858 20836
1.82859 22296
1.8286 23756
1.82893 25216
1.82966 26676
1.8302 28136
1.83072 29596
1.83124 31056
1.83175 32516
1.83225 33976
1.83277 35436
1.83329 36896
1.83357 38356
1.83409 39816
1.83465 41276
1.83523 42736
1.83551 44196
1.83606 45656
1.83624 10616
1.83626 12076
1.83626 10616
1.83629 12076
1.83629 10616
1.83637 12076
1.83637 10616
1.83649 12076
1.83659 13536
1.83662 14996
1.83663 16456
1.83665 17916
1.83666 19376
1.83667 20836
1.83668 22296
1.8367 23756
1.83683 25216
1.83739 26676
1.83792 28136
1.83847 29596
1.83899 31056
1.8395 32516
1.84002 33976
1.84053 35436
1.84107 36896
1.84154 38356
1.84209 39816
1.84245 41276
1.84302 42736
1.84352 44196
1.8439 45656
1.84407 10616
1.84413 12076
1.84413 10616
1.84416 12076
1.84417 13536
1.84418 14996
1.84419 16456
1.8442 17916
1.84423 19376
1.84424 20836
1.84427 22296
1.84428 23756
1.84464 25216
1.84546 26676
1.84602 28136
1.84655 29596
1.84706 31056
1.84756 32516
1.84806 33976
1.84856 35436
1.84906 36896
1.84944 38356
1.84997 39816
1.85047 41276
1.85101 42736
1.85139 44196
1.85192 45656
1.85212 10616
1.85214 12076
1.85214 10616
1.85215 12076
1.85216 13536
1.85216 10616
1.8523 12076
1.85237 13536
1.85239 14996
1.85242 16456
1.85244 17916
1.85247 19376
1.85248 20836
1.8525 22296
1.85253 23756
1.85269 25216
1.85328 26676
1.85382 28136
1.85437 29596
1.85489 31056
1.8554 32516
1.8559 33976
1.8564 35436
1.85688 36896
1.85733 38356
1.85785 39816
1.85829 41276
1.85882 42736
1.85925 44196
1.85969 45656
1.85995 10616
1.85998 12076
1.85998 10616
1.85999 12076
1.86001 13536
1.86001 10616
1.86004 12076
1.86004 10616
1.86007 12076
1.86007 10616
1.86013 12076
1.86016 13536
1.86021 14996
1.86023 16456
1.86024 17916
1.86026 19376
1.86028 20836
1.86029 22296
1.86031 23756
1.8606 25216
1.86117 26676
1.86172 28136
1.86231 29596
1.86282 31056
1.86332 32516
1.86382 33976
1.86432 35436
1.86484 36896
1.86535 38356
1.86568 39816
1.86623 41276
1.86677 42736
1.86731 44196
1.86765 45656
1.86787 10616
1.86798 12076
1.86798 10616
1.86802 12076
1.86803 13536
1.86806 14996
1.86808 16456
1.8681 17916
1.86813 19376
1.86814 20836
1.86815 22296
1.86817 23756
1.86839 25216
1.86897 26676
1.86952 28136
1.87005 29596
1.87057 31056
1.87107 32516
1.87156 33976
1.87206 35436
1.87258 36896
1.87309 38356
1.8736 39816
1.87396 41276
1.87451 42736
1.87505 44196
1.87553 45656
1.87572 10616
1.87573 12076
1.87573 10616
1.87576 12076
1.87576 10616
1.87578 12076
1.87578 10616
1.8758 12076
1.8758 10616
1.87581 12076
1.87581 10616
1.87582 12076
1.87582 10616
1.87583 12076
1.87583 10616
1.87586 12076
1.87586 10616
1.87591 12076
1.87592 13536
1.87593 14996
1.87594 16456
1.87597 17916
1.87598 19376
1.87599 20836
1.876 22296
1.87603 23756
1.87647 25216
1.87704 26676
1.87758 28136
1.87811 29596
1.87862 31056
1.87913 32516
1.87963 33976
1.88015 35436
1.88068 36896
1.88121 38356
1.88166 39816
1.88206 41276
1.88262 42736
1.88319 44196
1.88349 45656
1.88374 10616
1.88378 12076
1.88378 11116
1.88381 12576
1.88381 10616
1.88383 12076
1.88383 10616
1.88388 12076
1.88392 13536
1.88394 14996
1.88395 16456
1.88398 17916
1.88399 19376
1.884 20836
1.88401 22296
1.88403 23756
1.88431 25216
1.88506 26676
1.88559 28136
1.88612 29596
1.88664 31056
1.88714 32516
1.88763 33976
1.88814 35436
1.88867 36896
1.88902 38356
1.88947 39816
1.89003 41276
1.89059 42736
1.89096 44196
1.89143 45656
1.89159 10616
1.89167 12076
1.89167 10616
1.89169 12076
1.8917 13536
1.8917 10616
1.89179 12076
1.89186 13536
1.89192 14996
1.89197 16456
1.89198 17916
1.892 19376
1.89201 20836
1.89202 22296
1.89203 23756
1.8922 25216
1.89275 26676
1.8933 28136
1.89383 29596
1.89435 31056
1.89485 32516
1.89534 33976
1.89584 35436
1.89636 36896
1.8969 38356
1.89744 39816
1.89775 41276
1.89828 42736
1.89886 44196
1.89943 45656
1.89959 10616
1.8996 12076
1.8996 11116
1.89961 12576
1.89961 10616
1.89964 12076
1.89964 10616
1.89965 12076
1.89965 11116
1.89966 12576
1.89966 10616
1.89968 12076
1.89968 10616
1.89969 12076
1.89969 10616
1.8997 12076
1.8997 10616
1.89971 12076
1.89971 11116
1.89974 12576
1.89974 10616
1.89976 12076
1.89979 13536
1.89981 14996
1.89982 16456
1.89985 17916
1.89986 19376
1.89988 20836
1.90008 22296
1.90017 23756
1.90031 25216
1.9009 26676
1.9016 28136
1.90218 29596
1.9027 31056
1.90321 32516
1.90371 33976
1.90417 35436
1.90461 36896
1.90516 38356
1.90571 39816
1.90619 41276
1.90665 42736
1.90716 44196
1.90739 10616
1.90742 12076
1.90742 10616
1.90745 12076
1.90745 10616
1.90751 12076
1.90751 10616
1.90755 12076
1.90756 13536
1.90759 14996
1.90761 16456
1.90762 17916
1.90765 19376
1.90766 20836
1.90771 22296
1.90775 23756
1.90792 25216
1.90848 26676
1.90902 28136
1.90962 29596
1.91014 31056
1.91065 32516
1.91114 33976
1.91158 35436
1.9121 36896
1.91262 38356
1.91316 39816
1.91355 41276
1.91402 42736
1.91457 44196
1.91506 45656
1.91524 10616
1.91525 12076
1.91525 10616
1.91527 12076
1.91528 13536
1.91529 14996
1.91529 10616
1.9153 12076
1.9153 10616
1.91533 12076
1.91533 10616
1.91534 12076
1.91534 10616
1.91535 12076
1.91535 10616
1.91537 12076
1.91537 10616
1.91539 12076
1.91539 10616
1.91541 12076
1.91543 13536
1.91544 14996
1.91546 16456
1.91548 17916
1.91549 19376
1.91556 20836
1.91561 22296
1.91562 23756
1.91612 25216
1.91667 26676
1.9172 28136
1.91774 29596
1.91826 31056
1.91876 32516
1.91925 33976
1.91975 35436
1.92027 36896
1.92081 38356
1.92136 39816
1.92167 41276
1.92221 42736
1.92278 44196
1.9232 45656
1.92344 10616
1.92346 12076
1.92346 10616
1.92347 12076
1.92347 10616
1.92348 12076
1.92348 11116
1.92349 12576
1.92349 10616
1.92351 12076
1.92351 10616
1.92352 12076
1.92352 10616
1.92353 12076
1.92353 10616
1.92354 12076
1.92355 13536
1.92357 14996
1.92358 16456
1.92359 17916
1.92362 19376
1.92363 20836
1.92364 22296
1.92367 23756
1.92418 25216
1.92472 26676
1.92526 28136
1.9258 29596
1.92632 31056
1.92683 32516
1.92734 33976
1.92787 35436
1.92841 36896
1.92896 38356
1.92926 39816
1.92978 41276
1.93035 42736
1.93095 44196
1.93121 45656
1.93133 10616
1.93143 12076
1.93143 10616
1.93154 12076
1.93161 13536
1.93166 14996
1.93168 16456
1.93169 17916
1.9317 19376
1.93171 20836
1.93172 22296
1.93174 23756
1.93196 25216
1.93254 26676
1.93329 28136
1.93381 29596
1.93432 31056
1.93482 32516
1.93532 33976
1.93584 35436
1.93619 36896
1.93669 38356
1.93725 39816
1.93775 41276
1.93813 42736
1.93865 44196
1.93918 45656
1.93936 10616
1.93938 12076
1.93938 10616
1.93939 12076
1.9394 13536
1.93941 14996
1.93941 10616
1.93944 12076
1.93944 10616
1.93946 12076
1.93946 10616
1.93949 12076
1.93949 10616
1.93951 12076
1.93953 13536
1.93956 14996
1.93971 16456
1.93978 17916
1.93979 19376
1.9398 20836
1.93982 22296
1.93984 23756
1.94005 25216
1.94062 26676
1.94135 28136
1.94188 29596
1.94239 31056
1.94289 32516
1.94341 33976
1.94392 35436
1.94425 36896
1.94478 38356
1.94528 39816
1.94583 41276
1.94635 42736
1.94674 44196
1.94728 45656
1.94731 10616
1.94732 12076
1.94732 10616
1.94735 12076
1.94737 13536
1.94737 10616
1.94742 12076
1.94742 10616
1.94743 12076
1.94743 10616
1.94745 12076
1.94745 10616
1.94746 12076
1.94747 13536
1.94748 14996
1.94751 16456
1.94752 17916
1.94753 19376
1.94756 20836
1.94759 22296
1.94776 23756
1.94829 25216
1.94893 26676
1.94948 28136
1.95001 29596
1.95055 31056
1.95106 32516
1.95156 33976
1.95209 35436
1.95263 36896
1.95308 38356
1.95345 39816
1.95402 41276
1.9546 42736
1.95506 44196
1.95528 10616
1.95529 12076
1.95529 10616
1.95531 12076
1.95531 10616
1.95532 12076
1.95533 13536
1.95535 14996
1.95535 10616
1.95537 12076
1.95538 13536
1.95539 14996
1.9554 16456
1.95542 17916
1.95543 19376
1.95544 20836
1.95545 22296
1.95547 23756
1.95595 25216
1.95653 26676
1.95707 28136
1.95761 29596
1.95813 31056
1.95864 32516
1.95915 33976
1.95968 35436
1.96022 36896
1.96071 38356
1.96109 39816
1.96158 41276
1.96217 42736
1.96269 44196
1.96296 10616
1.96299 12076
1.96299 10616
1.963 12076
1.96301 13536
1.96302 14996
1.96302 10616
1.96303 12076
1.96303 10616
1.96305 12076
1.96305 10616
1.96312 12076
1.96314 13536
1.96317 14996
1.96324 16456
1.96327 17916
1.96334 19376
1.96341 20836
1.96344 22296
1.96345 23756
1.96357 25216
1.96413 26676
1.96467 28136
1.96519 29596
1.9657 31056
1.96621 32516
1.96671 33976
1.96723 35436
1.96775 36896
1.96829 38356
1.96869 39816
1.96909 41276
1.96966 42736
1.97025 44196
1.97052 45656
1.9707 10616
1.97074 12076
1.97082 13536
1.97082 10616
1.9709 12076
1.97093 13536
1.97095 14996
1.97096 16456
1.97097 17916
1.97098 19376
1.971 20836
1.97101 22296
1.97102 23756
1.97126 25216
1.97207 26676
1.9726 28136
1.97312 29596
1.97363 31056
1.97413 32516
1.97465 33976
1.97517 35436
1.97568 36896
1.97601 38356
1.97652 39816
1.97708 41276
1.97766 42736
1.97795 44196
1.97852 45656
1.97871 11116
1.97874 12576
1.97874 10616
1.97875 12076
1.97875 10616
1.97896 12076
1.97902 13536
1.97907 14996
1.97909 16456
1.9791 17916
1.97912 19376
1.97913 20836
1.97914 22296
1.97915 23756
1.97926 25216
1.97983 26676
1.98037 28136
1.9809 29596
1.98141 31056
1.98191 32516
1.98241 33976
1.98292 35436
1.98344 36896
1.98396 38356
1.98426 39816
1.9848 41276
1.98534 42736
1.9859 44196
1.9862 45656
1.98661 10616
1.98662 12076
1.98662 10616
1.98665 12076
1.98666 13536
1.98667 14996
1.98667 10616
1.98669 12076
1.98669 10616
1.98671 12076
1.98672 13536
1.98672 10616
1.98673 12076
1.98673 10616
1.98675 12076
1.98675 10616
1.98677 12076
1.98678 13536
1.9868 14996
1.98681 16456
1.98682 17916
1.98683 19376
1.98686 20836
1.98687 22296
1.98688 23756
1.98733 25216
1.98788 26676
1.98843 28136
1.98896 29596
1.98949 31056
1.99 32516
1.99051 33976
1.99104 35436
1.99157 36896
1.99214 38356
1.99239 39816
1.99296 41276
1.99354 42736
1.99416 44196
1.99441 45656
1.99461 10616
1.99481 12076
1.99489 13536
1.9949 14996
1.99492 16456
1.99493 17916
1.99494 19376
1.99495 20836
1.99496 22296
1.99498 23756
1.99515 25216
1.9957 26676
1.99625 28136
1.99678 29596
1.99729 31056
1.99778 32516
1.99827 33976
1.99878 35436
1.99928 36896
1.9998 38356
2.00025 2920
2.00031 4380
2.00032 5840
2.00033 7300
2.00034 8760
2.00036 10220
2.00038 11680
2.0004 13140
2.00042 14600
2.00043 16060
2.00044 17520
2.00045 18980
2.00048 20440
2.00049 21900
2.0005 23360
2.00053 24820
2.00098 2920
2.00099 4380
2.00099 2920
2.001 4380
2.001 2920
2.00101 4380
2.00101 2920
2.00102 4380
2.00102 2920
2.00104 4380
2.00104 2920
2.00105 4380
2.00105 2920
2.00106 4380
2.00106 2920
2.00107 4380
2.00107 2920
2.00109 4380
2.00109 2920
2.00122 4380
2.00122 2920
2.00148 4380
2.00148 2920
2.00162 4380
2.00162 2920
2.00164 4380
2.00164 2920
2.00165 4380
2.00165 2920
2.00166 4380
2.00166 2920
2.00167 4380
2.00167 2920
2.00281 4380
2.00281 3280
2.00282 4740
2.00282 3236
2.00406 4696
2.00406 2920
2.00407 4380
2.00407 2920
2.00484 4380
2.00484 2920
2.00486 4380
2.00486 2920
2.00563 4380
2.00563 2920
2.00564 4380
2.00564 2920
2.00641 4380
2.00641 2920
2.00642 4380
2.00642 2920
2.00719 4380
2.00719 2920
2.00721 4380
2.00721 2920
2.00798 4380
2.00798 2920
2.00799 4380
2.00799 2920
2.00876 4380
2.00876 2920
2.00877 4380
2.00877 2920
2.00954 4380
2.00954 2920
2.00956 4380
2.00956 2920
2.01033 4380
2.01033 2920
2.01034 4380
2.01034 2920
2.01111 4380
2.01111 2920
2.01112 4380
2.01112 2920
2.01194 4380
2.01195 5840
2.01258 7300
2.01259 8760
2.01261 10220
2.01264 11680
2.01307 13140
2.01309 14600
2.01311 16060
2.01313 17520
2.01316 18980
2.01318 20440
2.0132 21900
2.01322 23360
2.01378 24820
2.01435 26280
2.0149 27740
2.01543 29200
2.01597 30660
2.01648 32120
2.01697 33580
2.01747 35040
2.01798 36500
2.0185 37960
2.01894 39420
2.01938 40880
2.0199 42340
2.02044 43800
2.02085 45260
2.0211 10616
2.02113 12076
2.02115 13536
2.02115 10616
2.02118 12076
2.02119 13536
2.02121 14996
2.02123 16456
2.02124 17916
2.02126 19376
2.02128 20836
2.0213 22296
2.02131 23756
2.02161 25216
2.02224 26676
2.02282 28136
2.02337 29596
2.02389 31056
2.0244 32516
2.02492 33976
2.02543 35436
2.02588 36896
2.02632 38356
2.02679 39816
2.02735 41276
2.02789 42736
2.02829 44196
2.02872 10616
2.02873 12076
2.02873 10616
2.02875 12076
2.02875 10616
2.02876 12076
2.02877 13536
2.02877 10616
2.02878 12076
2.02878 10616
2.0288 12076
2.0288 10616
2.02882 12076
2.02883 13536
2.02883 10616
2.02884 12076
2.02884 10616
2.02886 12076
2.02886 10616
2.02888 12076
2.02893 13536
2.02899 14996
2.02902 16456
2.02904 17916
2.02905 19376
2.02908 20836
2.0291 22296
2.02914 23756
2.02936 25216
2.03003 26676
2.03071 28136
2.03153 29596
2.03225 31056
2.03246 10616
2.03249 12076
2.03249 10616
2.03257 12076
2.03257 10616
2.0326 12076
2.03263 13536
2.03265 14996
2.03268 16456
2.03271 17916
2.03272 19376
2.03274 20836
2.03275 22296
2.03277 23756
2.03327 25216
2.03382 26676
2.03448 28136
2.03502 29596
2.03556 31056
2.03607 32516
2.03657 33976
2.03706 35436
2.03747 36896
2.03803 38356
2.03848 39816
2.03902 41276
2.03946 42736
2.04 44196
2.04046 45656
2.04046 10616
2.04047 12076
2.04047 10616
2.0405 12076
2.04052 13536
2.04052 10616
2.04055 12076
2.04063 13536
2.04068 14996
2.04069 16456
2.04071 17916
2.04072 19376
2.04073 20836
2.04074 22296
2.04076 23756
2.04131 25216
2.04191 26676
2.04254 28136
2.04311 29596
2.04364 31056
2.04415 32516
2.04466 33976
2.04515 35436
2.04553 36896
2.04602 38356
2.04657 39816
2.04711 41276
2.04755 42736
2.04799 44196
2.04849 10616
2.0485 12076
2.0485 10616
2.04852 12076
2.04852 10616
2.04853 12076
2.04855 13536
2.04855 10616
2.04858 12076
2.04861 13536
2.04861 10616
2.04863 12076
2.04863 10616
2.04865 12076
2.04866 13536
2.04868 14996
2.04869 16456
2.0487 17916
2.04871 19376
2.04872 20836
2.04874 22296
2.04876 23756
2.04888 25216
2.0495 26676
2.05016 28136
2.0507 29596
2.05122 31056
2.05172 32516
2.05221 33976
2.05271 35436
2.05311 36896
2.0536 38356
2.05415 39816
2.05464 41276
2.05509 42736
2.05555 44196
2.05607 45656
2.05623 10616
2.05625 12076
2.05625 10616
2.05626 12076
2.05627 13536
2.05629 14996
2.05629 10616
2.05631 12076
2.05631 10616
2.05632 12076
2.05636 13536
2.05636 10616
2.05638 12076
2.05642 13536
2.05643 14996
2.0565 16456
2.05654 17916
2.0566 19376
2.05664 20836
2.05666 22296
2.05667 23756
2.05696 25216
2.05769 26676
2.05824 28136
2.05879 29596
2.05931 31056
2.05982 32516
2.06033 33976
2.06082 35436
2.0613 36896
2.06173 38356
2.06222 39816
2.06277 41276
2.06327 42736
2.06369 44196
2.0642 45656
2.06436 11116
2.06437 12576
2.06437 10616
2.06439 12076
2.06439 10616
2.0644 12076
2.0644 10616
2.06441 12076
2.06441 10616
2.06442 12076
2.06442 10616
2.06445 12076
2.06445 10616
2.06446 12076
2.06446 10616
2.06456 12076
2.06462 13536
2.06466 14996
2.06468 16456
2.0647 17916
2.06473 19376
2.06475 20836
2.06478 22296
2.06483 23756
2.06506 25216
2.06585 26676
2.06639 28136
2.06693 29596
2.06744 31056
2.06794 32516
2.06845 33976
2.06897 35436
2.0695 36896
2.06981 38356
2.07033 39816
2.07089 41276
2.07147 42736
2.07178 44196
2.07226 10616
2.07227 12076
2.07227 10616
2.07229 12076
2.07229 10616
2.0723 12076
2.07232 13536
2.07232 10616
2.07233 12076
2.07233 10616
2.07235 12076
2.07236 13536
2.07237 14996
2.07237 10616
2.07238 12076
2.07238 10616
2.0724 12076
2.0724 10616
2.07241 12076
2.07243 13536
2.07246 14996
2.07251 16456
2.07252 17916
2.07254 19376
2.07256 20836
2.07274 22296
2.07282 23756
2.07292 25216
2.07357 26676
2.07424 28136
2.075 29596
2.07573 31056
2.07592 10616
2.07598 12076
2.07598 10616
2.07608 12076
2.07612 13536
2.07614 14996
2.07615 16456
2.07618 17916
2.07619 19376
2.0762 20836
2.07622 22296
2.07624 23756
2.07679 25216
2.07733 26676
2.07794 28136
2.07851 29596
2.07905 31056
2.07956 32516
2.08008 33976
2.08052 35436
2.08098 36896
2.08154 38356
2.08212 39816
2.08257 41276
2.08296 42736
2.08356 44196
2.08377 10616
2.08381 12076
2.08385 13536
2.08385 10616
2.08392 12076
2.08397 13536
2.08398 14996
2.08399 16456
2.084 17916
2.08403 19376
2.08404 20836
2.08407 22296
2.08418 23756
2.08432 25216
2.08488 26676
2.08542 28136
2.08595 29596
2.08647 31056
2.08698 32516
2.08746 33976
2.08795 35436
2.08847 36896
2.08897 38356
2.08952 39816
2.08986 41276
2.09036 42736
2.0909 44196
2.09127 45656
2.09161 10616
2.09162 12076
2.09162 10616
2.09165 12076
2.09166 13536
2.09167 14996
2.09167 10616
2.09168 12076
2.09168 10616
2.09172 12076
2.09172 10616
2.09173 12076
2.09173 10616
2.09175 12076
2.09175 10616
2.09176 12076
2.09177 13536
2.09179 14996
2.09181 16456
2.09182 17916
2.09184 19376
2.09187 20836
2.09189 22296
2.09193 23756
2.09232 25216
2.09289 26676
2.09344 28136
2.09396 29596
2.09448 31056
2.09499 32516
2.09551 33976
2.09603 35436
2.09657 36896
2.09712 38356
2.0975 39816
2.09793 41276
2.09852 42736
2.09912 44196
2.09938 45656
2.09954 10616
2.09957 12076
2.09957 11116
2.09968 12576
2.09979 14036
2.09983 15496
2.09984 16956
2.09985 18416
2.09987 19876
2.09988 21336
2.09989 22796
2.0999 24256
2.10014 25716
2.10016 11116
2.10017 12576
2.10017 11116
2.10019 12576
2.10048 14036
2.10049 15496
2.10053 16956
2.10056 18416
2.10057 19876
2.10058 21336
2.1006 22796
2.10062 24256
2.10127 25716
2.10185 27176
2.10272 28636
2.10329 30096
2.10385 31556
2.10439 33016
2.1049 34476
2.10544 35936
2.10571 37396
2.10627 38856
2.10685 40316
2.10742 41776
2.10794 43236
2.10829 44696
2.10891 46156
2.1095 47616
2.1096 10616
2.10961 12076
2.10961 10616
2.10962 12076
2.10962 10616
2.10964 12076
2.10964 11116
2.10966 12576
2.10966 10616
2.10967 12076
2.10967 10616
2.10969 12076
2.10969 10616
2.1097 12076
2.1097 10616
2.10971 12076
2.10971 11116
2.10972 12576
2.10972 10616
2.10973 12076
2.10973 10616
2.10975 12076
2.10975 10616
2.10976 12076
2.10977 13536
2.10978 14996
2.1098 16456
2.10981 17916
2.10982 19376
2.10983 20836
2.10986 22296
2.10987 23756
2.11043 25216
2.11102 26676
2.11179 28136
2.11241 29596
2.11298 31056
2.11353 32516
2.11403 33976
2.11449 35436
2.11494 36896
2.1155 38356
2.11607 39816
2.11656 41276
2.11692 42736
2.1175 44196
2.11811 45656
2.11846 47116
2.11864 10616
2.11869 12076
2.11869 10616
2.11873 12076
2.11873 11116
2.11874 12576
2.11874 10616
2.11876 12076
2.11876 10616
2.11885 12076
2.11887 13536
2.11889 14996
2.11891 16456
2.11892 17916
2.11893 19376
2.11895 20836
2.11896 22296
2.11897 23756
2.1193 25216
2.12008 26676
2.12066 28136
2.12122 29596
2.12177 31056
2.12231 32516
2.12284 33976
2.12336 35436
2.1239 36896
2.12428 38356
2.12471 39816
2.12526 41276
2.12585 42736
2.12625 44196
2.1267 45656
2.12731 47116
2.12761 10616
2.12766 12076
2.12773 13536
2.12773 10616
2.12776 12076
2.12777 13536
2.1278 14996
2.12783 16456
2.1279 17916
2.128 19376
2.12804 20836
2.12805 22296
2.12806 23756
2.12809 25216
2.12866 26676
2.12924 28136
2.12981 29596
2.13036 31056
2.1309 32516
2.13142 33976
2.13194 35436
2.13248 36896
2.13275 38356
2.13328 39816
2.13385 41276
2.13442 42736
2.13469 44196
2.13528 45656
2.13589 47116
2.13614 10616
2.13615 12076
2.13615 10616
2.13616 12076
2.13616 10616
2.13617 12076
2.13619 13536
2.13621 14996
2.13622 16456
2.13648 17916
2.13658 19376
2.1366 20836
2.13661 22296
2.13663 23756
2.13666 25216
2.13725 26676
2.13782 28136
2.13839 29596
2.13894 31056
2.13948 32516
2.14 33976
2.14053 35436
2.14107 36896
2.14132 38356
2.14187 39816
2.14244 41276
2.14302 42736
2.14328 44196
2.14388 45656
2.14449 47116
2.14475 48576
2.14479 10616
2.1448 12076
2.1448 10616
2.14481 12076
2.14481 10616
2.14508 12076
2.14518 13536
2.14522 14996
2.14523 16456
2.14524 17916
2.14525 19376
2.14526 20836
2.14528 22296
2.14529 23756
2.14552 25216
2.14612 26676
2.147 28136
2.14756 29596
2.14811 31056
2.14865 32516
2.14918 33976
2.1497 35436
2.14996 36896
2.1505 38356
2.15104 39816
2.15161 41276
2.15214 42736
2.15246 44196
2.15304 45656
2.15364 47116
2.15388 10616
2.15389 12076
2.15389 10616
2.1539 12076
2.1539 10616
2.15391 12076
2.15393 13536
2.15394 14996
2.15395 16456
2.15396 17916
2.15397 19376
2.154 20836
2.154 10616
2.15401 12076
2.15401 10616
2.15402 12076
2.15404 13536
2.15431 14996
2.15435 16456
2.15442 17916
2.15444 19376
2.15446 20836
2.15448 22296
2.15449 23756
2.15454 25216
2.15516 26676
2.15574 28136
2.1563 29596
2.15685 31056
2.15739 32516
2.15791 33976
2.15844 35436
2.15898 36896
2.15953 38356
2.1601 39816
2.16036 41276
2.16095 42736
2.16155 44196
2.16183 45656
2.16242 10616
2.16243 12076
2.16243 10616
2.16244 12076
2.16244 10616
2.16245 12076
2.16247 13536
2.16248 14996
2.16249 16456
2.16251 17916
2.16253 19376
2.16253 10616
2.16254 12076
2.16254 10616
2.16255 12076
2.16255 10616
2.16258 12076
2.1626 13536
2.16285 14996
2.16296 16456
2.16299 17916
2.163 19376
2.16302 20836
2.16303 22296
2.16304 23756
2.16305 25216
2.16373 26676
2.16441 28136
2.16512 29596
2.16587 31056
2.16654 10616
2.16655 12076
2.16655 10616
2.16657 12076
2.16657 10616
2.16658 12076
2.16658 10616
2.16659 12076
2.16659 10616
2.1666 12076
2.1666 10616
2.16663 12076
2.16663 10616
2.16664 12076
2.16664 10616
2.16665 12076
2.16665 10616
2.16666 12076
2.16666 10616
2.16669 12076
2.16669 10616
2.1667 12076
2.1667 10616
2.16709 12076
2.16717 13536
2.16724 14996
2.16725 16456
2.16726 17916
2.16728 19376
2.16729 20836
2.16731 22296
2.16732 23756
2.16784 25216
2.16844 26676
2.16901 28136
2.16959 29596
2.17015 31056
2.1707 32516
2.17124 33976
2.17179 35436
2.17235 36896
2.17291 38356
2.17332 39816
2.17377 41276
2.17438 42736
2.17498 44196
2.17528 45656
2.17566 10616
2.17572 12076
2.17572 10616
2.17573 12076
2.17573 10616
2.17574 12076
2.17574 10616
2.17575 12076
2.17575 10616
2.17578 12076
2.17578 10616
2.17579 12076
2.17579 10616
2.17582 12076
2.17583 13536
2.17584 14996
2.17585 16456
2.17586 17916
2.17588 19376
2.17589 20836
2.1759 22296
2.17591 23756
2.17628 25216
2.177 26676
2.17758 28136
2.17815 29596
2.17871 31056
2.17926 32516
2.1798 33976
2.18033 35436
2.18087 36896
2.18121 38356
2.18166 39816
2.18224 41276
2.18283 42736
2.18318 44196
2.18367 45656
2.18429 47116
2.18466 48576
2.18466 10616
2.18469 12076
2.1847 13536
2.18473 14996
2.18473 10616
2.18482 12076
2.18496 13536
2.185 14996
2.18502 16456
2.18503 17916
2.18504 19376
2.18505 20836
2.18507 22296
2.18508 23756
2.18566 25216
2.18625 26676
2.18684 28136
2.1874 29596
2.18796 31056
2.18851 32516
2.18905 33976
2.18953 35436
2.19006 36896
2.19058 38356
2.19092 39816
2.19147 41276
2.192 42736
2.19253 44196
2.19291 45656
2.19347 47116
2.194 48576
2.19411 10616
2.19413 12076
2.19413 10616
2.19414 12076
2.19416 13536
2.19416 10616
2.19417 12076
2.19417 10616
2.19418 12076
2.19418 11116
2.1942 12576
2.1942 11116
2.19422 12576
2.19422 11616
2.19424 13076
2.19424 11116
2.19425 12576
2.19425 11116
2.19428 12576
2.19428 10616
2.19429 12076
2.19429 10616
2.19433 12076
2.19435 13536
2.19436 14996
2.19438 16456
2.19439 17916
2.1944 19376
2.19441 20836
2.19442 22296
2.19445 23756
2.19501 25216
2.1956 26676
2.19617 28136
2.19674 29596
2.19729 31056
2.19784 32516
2.19837 33976
2.1989 35436
2.19944 36896
2.19999 38356
2.20052 39816
2.20082 41276
2.2014 42736
2.202 44196
2.20236 45656
2.20287 47116
2.20322 10616
2.20332 12076
2.20332 10616
2.20338 12076
2.20341 13536
2.20345 14996
2.20347 16456
2.20348 17916
2.20349 19376
2.2035 20836
2.20352 22296
2.20353 23756
2.20363 25216
2.20422 26676
2.2048 28136
2.20536 29596
2.20591 31056
2.20645 32516
2.20698 33976
2.20749 35436
2.208 36896
2.20852 38356
2.20881 39816
2.20935 41276
2.20989 42736
2.21045 44196
2.21075 45656
2.21131 47116
2.2119 48576
2.21219 50036
2.21226 10616
2.21229 12076
2.21229 10616
2.2123 12076
2.2123 10616
2.21242 12076
2.21242 10616
2.21254 12076
2.21263 13536
2.21265 14996
2.21267 16456
2.21268 17916
2.21269 19376
2.2127 20836
2.21273 22296
2.21274 23756
2.21297 25216
2.21357 26676
2.21415 28136
2.21472 29596
2.21528 31056
2.21582 32516
2.21634 33976
2.21684 35436
2.21736 36896
2.21789 38356
2.21842 39816
2.21873 41276
2.21926 42736
2.21984 44196
2.22039 45656
2.22071 47116
2.22122 10616
2.22124 12076
2.22126 13536
2.22128 14996
2.22129 16456
2.2213 17916
2.22132 19376
2.22133 20836
2.22135 22296
2.22137 23756
2.22143 25216
2.22203 26676
2.2226 28136
2.22318 29596
2.22374 31056
2.22429 32516
2.22483 33976
2.22535 35436
2.22588 36896
2.22641 38356
2.22667 39816
2.22721 41276
2.22779 42736
2.22835 44196
2.22863 45656
2.22922 47116
2.22982 48576
2.22999 10616
2.23 12076
2.23 10616
2.23002 12076
2.23002 10616
2.23003 12076
2.23003 10616
2.23004 12076
2.23004 10616
2.23005 12076
2.23005 10616
2.23007 12076
2.23007 10616
2.23008 12076
2.23008 10616
2.23009 12076
2.23009 10616
2.23011 12076
2.23011 10616
2.23013 12076
2.23013 10616
2.23014 12076
2.23014 10616
2.23015 12076
2.23015 10616
2.23016 12076
2.23016 10616
2.23019 12076
2.2302 13536
2.23027 14996
2.23041 16456
2.23055 17916
2.23059 19376
2.2306 20836
2.23063 22296
2.23064 23756
2.23075 25216
2.23168 26676
2.23227 28136
2.23283 29596
2.2334 31056
2.23395 32516
2.23448 33976
2.23502 35436
2.2355 36896
2.23584 38356
2.23641 39816
2.237 41276
2.2376 42736
2.23786 44196
2.23848 45656
2.23905 10616
2.23909 12076
2.23909 10616
2.23911 12076
2.23911 10616
2.23912 12076
2.23912 10616
2.23913 12076
2.23913 10616
2.23916 12076
2.23916 10616
2.23917 12076
2.23917 10616
2.23918 12076
2.23918 10616
2.23919 12076
2.23919 10616
2.2392 12076
2.2392 10616
2.23922 12076
2.23922 10616
2.23923 12076
2.23924 13536
2.23925 14996
2.23927 16456
2.23928 17916
2.23929 19376
2.2393 20836
2.23931 22296
2.23933 23756
2.23936 25216
2.23998 26676
2.24056 28136
2.24114 29596
2.2417 31056
2.24225 32516
2.24279 33976
2.24331 35436
2.24384 36896
2.24438 38356
2.24493 39816
2.2452 41276
2.24575 42736
2.24634 44196
2.24673 45656
2.24718 47116
2.24776 10616
2.24777 12076
2.24777 10616
2.24778 12076
2.24778 10616
2.24779 12076
2.24781 13536
2.24782 14996
2.24783 16456
2.24784 17916
2.24785 19376
2.24787 20836
2.24787 10616
2.24788 12076
2.24788 10616
2.24789 12076
2.24789 10616
2.2479 12076
2.24792 13536
2.24793 14996
2.24794 16456
2.24795 17916
2.24798 19376
2.24799 20836
2.24801 22296
2.24803 23756
2.2481 25216
2.24888 26676
2.24979 28136
2.2505 29596
2.25123 31056
2.25198 32516
2.25215 10616
2.25218 12076
2.25218 11116
2.25219 12576
2.25219 11116
2.25221 12576
2.25221 11116
2.25224 12576
2.25224 11116
2.25233 12576
2.25233 10616
2.25238 12076
2.25242 13536
2.2526 14996
2.2527 16456
2.25273 17916
2.25274 19376
2.25276 20836
2.25279 22296
2.25281 23756
2.25331 25216
2.25394 26676
2.25454 28136
2.25512 29596
2.25568 31056
2.25624 32516
2.25677 33976
2.2573 35436
2.25784 36896
2.25833 38356
2.25869 39816
2.25927 41276
2.25985 42736
2.26036 44196
2.26074 45656
2.26133 10616
2.26134 12076
2.26134 10616
2.26135 12076
2.26135 10616
2.26138 12076
2.26139 13536
2.2614 14996
2.26141 16456
2.26144 17916
2.26144 11116
2.26145 12576
2.26145 10616
2.26146 12076
2.26146 10616
2.26147 12076
2.26147 10616
2.26149 12076
2.26149 10616
2.2615 12076
2.2615 10616
2.26151 12076
2.26153 13536
2.26155 14996
2.26156 16456
2.26158 17916
2.2616 19376
2.26173 20836
2.2618 22296
2.26184 23756
2.26191 25216
2.26255 26676
2.2632 28136
2.26378 29596
2.26435 31056
2.26489 32516
2.2654 33976
2.26589 35436
2.26634 36896
2.26686 38356
2.26733 39816
2.26785 41276
2.2683 42736
2.26881 44196
2.26933 45656
2.26979 47116
2.27009 10616
2.2701 12076
2.2701 10616
2.27011 12076
2.27011 10616
2.27014 12076
2.27015 13536
2.27016 14996
2.27018 16456
2.27022 17916
2.27022 10616
2.27026 12076
2.27028 13536
2.27029 14996
2.27031 16456
2.27033 17916
2.27036 19376
2.27038 20836
2.2704 22296
2.27043 23756
2.27069 25216
2.27131 26676
2.27192 28136
2.27252 29596
2.2731 31056
2.27365 32516
2.27417 33976
2.27467 35436
2.27519 36896
2.27565 38356
2.27609 39816
2.27663 41276
2.27715 42736
2.27764 44196
2.2781 45656
2.27863 47116
2.27897 10616
2.27901 12076
2.27901 10616
2.27906 12076
2.27906 10616
2.27912 12076
2.27912 10616
2.27915 12076
2.27917 13536
2.2792 14996
2.27925 16456
2.27928 17916
2.27931 19376
2.27934 20836
2.27935 22296
2.27936 23756
2.27942 25216
2.28002 26676
2.28061 28136
2.28118 29596
2.28175 31056
2.2823 32516
2.28283 33976
2.28335 35436
2.28381 36896
2.2842 38356
2.28472 39816
2.28523 41276
2.28577 42736
2.28611 44196
2.28664 45656
2.28722 47116
2.28755 48576
2.28774 10616
2.28779 12076
2.28781 13536
2.28784 14996
2.28788 16456
2.28792 17916
2.28794 19376
2.28796 20836
2.28799 22296
2.288 23756
2.28827 25216
2.28887 26676
2.28947 28136
2.29005 29596
2.29063 31056
2.29118 32516
2.2917 33976
2.29222 35436
2.29274 36896
2.29328 38356
2.29374 39816
2.29416 41276
2.2947 42736
2.29528 44196
2.29571 45656
2.29617 47116
2.29656 10616
2.29659 12076
2.29659 10616
2.29662 12076
2.29662 10616
2.29666 12076
2.29666 10616
2.2967 12076
2.2967 10616
2.29675 12076
2.29677 13536
2.29678 14996
2.29681 16456
2.29683 17916
2.29684 19376
2.29686 20836
2.29687 22296
2.29689 23756
2.29698 25216
2.29757 26676
2.29815 28136
2.29873 29596
2.2993 31056
2.29985 32516
2.30016 11616
2.30017 13076
2.30017 12116
2.30019 13576
2.30019 12116
2.30021 13576
2.30022 15036
2.30023 16496
2.30024 17956
2.30026 19416
2.30027 20876
2.30028 22336
2.3003 23796
2.30081 25256
2.30141 26716
2.30202 28176
2.3026 29636
2.30318 31096
2.30375 32556
2.30434 34016
2.30493 35476
2.30554 36936
2.30614 38396
2.30659 39856
2.30716 10616
2.30718 12076
2.30718 10616
2.30719 12076
2.30723 13536
2.30725 14996
2.30728 16456
2.30728 10616
2.3073 12076
2.30734 13536
2.30736 14996
2.30744 16456
2.30751 17916
2.30755 19376
2.3076 20836
2.30765 22296
2.30767 23756
2.30768 25216
2.30836 26676
2.30895 28136
2.30954 29596
2.3101 31056
2.31064 32516
2.31116 33976
2.31166 35436
2.31216 36896
2.31265 38356
2.31309 39816
2.3136 41276
2.31413 42736
2.31462 44196
2.31506 45656
2.31559 47116
2.31581 10616
2.31583 12076
2.31583 10616
2.31586 12076
2.31588 13536
2.3159 14996
2.31598 16456
2.31601 17916
2.31606 19376
2.31608 20836
2.3161 22296
2.31611 23756
2.31635 25216
2.31694 26676
2.31754 28136
2.31813 29596
2.31869 31056
2.31924 32516
2.31978 33976
2.3203 35436
2.32082 36896
2.32131 38356
2.32169 39816
2.32222 41276
2.32278 42736
2.32329 44196
2.32366 45656
2.32424 47116
2.32478 48576
2.32478 10616
2.3248 12076
2.3248 10616
2.32482 12076
2.32482 10616
2.32484 12076
2.32484 11116
2.32485 12576
2.32485 10616
2.32489 12076
2.32489 10616
2.32492 12076
2.32492 10616
2.32495 12076
2.32495 10616
2.32496 12076
2.32498 13536
2.325 14996
2.32501 16456
2.32503 17916
2.32504 19376
2.32507 20836
2.32508 22296
2.32509 23756
2.32569 25216
2.32628 26676
2.32685 28136
2.32743 29596
2.32798 31056
2.32852 32516
2.32904 33976
2.32957 35436
2.33011 36896
2.33066 38356
2.33111 39816
2.33149 41276
2.33207 42736
2.33267 44196
2.33294 45656
2.33353 47116
2.33384 10616
2.33393 12076
2.33393 11116
2.33398 12576
2.33398 10616
2.33409 12076
2.33413 13536
2.33415 14996
2.33416 16456
2.33417 17916
2.33418 19376
2.3342 20836
2.33421 22296
2.33422 23756
2.33431 25216
2.33491 26676
2.33548 28136
2.33604 29596
2.33659 31056
2.33713 32516
2.33766 33976
2.33817 35436
2.33868 36896
2.3392 38356
2.33949 39816
2.34003 41276
2.34057 42736
2.34113 44196
2.34143 45656
2.34199 47116
2.34258 48576
2.3428 10616
2.34281 12076
2.34281 10616
2.34283 12076
2.34285 13536
2.34286 14996
2.34287 16456
2.34288 17916
2.34291 19376
2.34291 10616
2.34292 12076
2.34292 10616
2.34293 12076
2.34293 10616
2.34294 12076
2.34294 10616
2.34297 12076
2.34297 10616
2.34298 12076
2.34299 13536
2.34305 14996
2.34326 16456
2.34334 17916
2.34335 19376
2.34336 20836
2.34337 22296
2.3434 23756
2.34347 25216
2.34408 26676
2.34467 28136
2.34524 29596
2.34579 31056
2.34633 32516
2.34686 33976
2.34737 35436
2.34788 36896
2.34842 38356
2.34896 39816
2.34927 41276
2.34982 42736
2.35038 44196
2.35087 45656
2.35126 47116
2.35179 10616
2.3518 12076
2.3518 10616
2.35181 12076
2.35183 13536
2.35184 14996
2.35185 16456
2.35186 17916
2.35187 19376
2.35189 20836
2.35189 10616
2.3519 12076
2.3519 10616
2.35191 12076
2.35191 10616
2.35192 12076
2.35195 13536
2.35197 14996
2.352 16456
2.35201 17916
2.35202 19376
2.35205 20836
2.35206 22296
2.35207 23756
2.35214 25216
2.35291 26676
2.35359 28136
2.35419 29596
2.35476 31056
2.35531 32516
2.35584 33976
2.35634 35436
2.35671 36896
2.35717 38356
2.35773 39816
2.35831 41276
2.35876 42736
2.35915 44196
2.35977 45656
2.3603 47116
2.36048 10616
2.36049 12076
2.36049 10616
2.3605 12076
2.3605 10616
2.36051 12076
2.36051 10616
2.36052 12076
2.36052 10616
2.36054 12076
2.36054 11116
2.36055 12576
2.36055 10616
2.36056 12076
2.36056 10616
2.36057 12076
2.36057 10616
2.36059 12076
2.36059 10616
2.3606 12076
2.3606 10616
2.36061 12076
2.36061 10616
2.36062 12076
2.36062 10616
2.36063 12076
2.36063 10616
2.36066 12076
2.36068 13536
2.3607 14996
2.36071 16456
2.36072 17916
2.36081 19376
2.36084 20836
2.36093 22296
2.36098 23756
2.36126 25216
2.36193 26676
2.36257 28136
2.36315 29596
2.36372 31056
2.36425 32516
2.36477 33976
2.36527 35436
2.3658 36896
2.36636 38356
2.36687 39816
2.36725 41276
2.36778 42736
2.36838 44196
2.36873 45656
2.36927 47116
2.36931 10616
2.36933 12076
2.36936 13536
2.36938 14996
2.36941 16456
2.36941 10616
2.36944 12076
2.36946 13536
2.36947 14996
2.36949 16456
2.36952 17916
2.36958 19376
2.36966 20836
2.36974 22296
2.36976 23756
2.37002 25216
2.37062 26676
2.37147 28136
2.37206 29596
2.37262 31056
2.37316 32516
2.37367 33976
2.37418 35436
2.37454 36896
2.37508 38356
2.37563 39816
2.37617 41276
2.3765 42736
2.37708 44196
2.37765 45656
2.37813 47116
2.37831 10616
2.37834 12076
2.37834 10616
2.37836 12076
2.37836 10616
2.37837 12076
2.37837 10616
2.37839 12076
2.37839 11116
2.37841 12576
2.37841 10616
2.37844 12076
2.37844 10616
2.37846 12076
2.37846 10616
2.37847 12076
2.37847 10616
2.37848 12076
2.37848 10616
2.3785 12076
2.37851 13536
2.37853 14996
2.37855 16456
2.37856 17916
2.37857 19376
2.37858 20836
2.37861 22296
2.37863 23756
2.37902 25216
2.37968 26676
2.38026 28136
2.38082 29596
2.38138 31056
2.38193 32516
2.38247 33976
2.383 35436
2.38354 36896
2.38404 38356
2.38436 39816
2.38492 41276
2.38551 42736
2.38605 44196
2.38638 45656
2.38699 47116
2.38704 10616
2.38705 12076
2.38705 10616
2.38706 12076
2.38706 10616
2.38707 12076
2.38709 13536
2.3871 14996
2.38712 16456
2.38713 17916
2.38715 19376
2.38715 10616
2.38716 12076
2.38716 10616
2.38718 12076
2.3872 13536
2.38721 14996
2.38728 16456
2.38739 17916
2.38749 19376
2.38755 20836
2.38758 22296
2.3876 23756
2.38781 25216
2.38868 26676
2.38927 28136
2.38989 29596
2.39046 31056
2.39101 32516
2.39154 33976
2.39204 35436
2.39255 36896
2.3929 38356
2.39346 39816
2.39405 41276
2.39458 42736
2.3949 44196
2.39551 45656
2.39604 10616
2.39607 12076
2.39608 13536
2.3961 14996
2.39611 16456
2.39613 17916
2.39613 10616
2.39616 12076
2.39616 10616
2.3962 12076
2.39621 13536
2.39622 14996
2.39624 16456
2.39625 17916
2.39626 19376
2.39627 20836
2.39629 22296
2.3963 23756
2.39631 25216
2.39687 26676
2.39745 28136
2.39801 29596
2.39856 31056
2.39911 32516
2.39965 33976
2.40017 35436
2.40069 36896
2.40118 38356
2.40146 39816
2.40201 41276
2.40257 42736
2.40309 44196
2.40339 45656
2.40398 47116
2.40452 48576
2.40484 50036
2.40516 11616
2.40529 13076
2.40532 14536
2.40534 15996
2.40536 17456
2.4054 18916
2.40543 20376
2.40544 21836
2.40545 23296
2.40546 24756
2.40552 26216
2.4061 27676
2.40667 29136
2.40724 30596
2.40779 32056
2.40832 33516
2.40885 34976
2.40936 36436
2.40988 37896
2.4102 39356
2.41072 40816
2.41124 42276
2.41177 43736
2.41209 45196
2.41263 46656
2.41319 48116
2.41352 49576
2.41405 10616
2.41406 12076
2.41406 10616
2.41408 12076
2.41408 10616
2.4141 12076
2.4141 10616
2.41411 12076
2.41411 10616
2.41414 12076
2.41414 11116
2.41416 12576
2.41416 10616
2.41419 12076
2.41419 10616
2.4142 12076
2.4142 10616
2.41421 12076
2.41421 10616
2.41422 12076
2.41422 10616
2.41425 12076
2.41426 13536
2.41427 14996
2.41428 16456
2.4143 17916
2.41431 19376
2.41433 20836
2.41436 22296
2.41437 23756
2.41438 25216
2.41494 26676
2.41574 28136
2.41635 29596
2.41691 31056
2.41745 32516
2.41796 33976
2.41843 35436
2.41881 36896
2.41935 38356
2.41987 39816
2.42041 41276
2.42079 42736
2.42129 44196
2.42187 45656
2.4223 47116
2.42268 10616
2.42269 12076
2.42269 10616
2.4227 12076
2.4227 10616
2.42271 12076
2.42273 13536
2.42275 14996
2.42277 16456
2.42279 17916
2.42279 10616
2.4228 12076
2.4228 10616
2.42281 12076
2.42281 10616
2.42282 12076
2.42285 13536
2.42286 14996
2.42287 16456
2.42296 17916
2.42298 19376
2.42306 20836
2.42308 22296
2.42313 23756
2.42314 25216
2.42389 26676
2.42459 28136
2.4253 29596
2.42603 31056
2.42678 32516
2.42711 10616
2.42721 12076
2.42723 13536
2.42725 14996
2.42728 16456
2.4273 17916
2.42736 19376
2.4274 20836
2.42744 22296
2.42747 23756
2.42762 25216
2.42825 26676
2.42905 28136
2.42964 29596
2.4302 31056
2.43074 32516
2.43125 33976
2.43175 35436
2.43216 36896
2.4327 38356
2.43324 39816
2.43376 41276
2.43413 42736
2.4347 44196
2.43527 45656
2.43572 47116
2.4359 10616
2.43593 12076
2.43593 10616
2.43595 12076
2.43595 10616
2.43597 12076
2.43597 10616
2.43599 12076
2.43599 10616
2.43603 12076
2.43603 10616
2.43605 12076
2.43605 10616
2.43606 12076
2.43606 10616
2.43609 12076
2.4361 13536
2.43612 14996
2.43614 16456
2.43615 17916
2.43617 19376
2.4362 20836
2.43621 22296
2.43622 23756
2.43652 25216
2.4372 26676
2.43784 28136
2.4384 29596
2.43895 31056
2.43949 32516
2.44003 33976
2.44055 35436
2.44108 36896
2.44151 38356
2.4419 39816
2.44247 41276
2.44306 42736
2.44349 44196
2.44392 45656
2.44454 47116
2.44498 48576
2.44544 50036
2.44586 51496
2.44615 52956
2.44657 54416
2.44684 55876
2.44728 57336
2.44755 58796
2.44801 60256
2.44827 61716
2.44874 63176
2.44901 64636
2.44927 10616
2.44935 12076
2.44935 10616
2.44938 12076
2.44938 10616
2.44939 12076
2.4494 13536
2.44941 14996
2.44943 16456
2.44944 17916
2.44945 19376
2.44946 20836
2.44947 22296
2.44949 23756
2.44957 25216
2.44985 26676
2.45044 28136
2.45102 29596
2.45158 31056
2.45213 32516
2.45265 33976
2.45317 35436
2.45366 36896
2.45413 38356
2.45467 39816
2.45502 41276
2.45554 42736
2.45603 44196
2.45644 45656
2.45695 47116
2.45745 48576
2.45782 50036
2.45792 10616
2.45804 12076
2.45804 10616
2.45811 12076
2.45814 13536
2.45815 14996
2.45816 16456
2.45817 17916
2.45819 19376
2.4582 20836
2.45821 22296
2.45822 23756
2.45849 25216
2.45912 26676
2.4597 28136
2.46028 29596
2.46084 31056
2.46139 32516
2.46193 33976
2.46245 35436
2.46297 36896
2.46349 38356
2.4639 39816
2.46433 41276
2.46489 42736
2.46544 44196
2.46573 45656
2.46632 47116
2.4669 10616
2.46691 12076
2.46691 10616
2.46692 12076
2.46692 10616
2.46695 12076
2.46696 13536
2.46698 14996
2.46699 16456
2.46701 17916
2.46701 10616
2.46702 12076
2.46702 10616
2.46703 12076
2.46703 10616
2.46706 12076
2.46707 13536
2.46708 14996
2.46709 16456
2.4671 17916
2.46713 19376
2.46714 20836
2.46715 22296
2.46717 23756
2.46718 25216
2.46777 26676
2.46843 28136
2.46912 29596
2.46983 31056
2.47056 32516
2.47102 10616
2.47108 12076
2.47117 13536
2.47119 14996
2.4712 16456
2.47122 17916
2.47123 19376
2.47124 20836
2.47125 22296
2.47128 23756
2.47138 25216
2.47196 26676
2.47271 28136
2.47335 29596
2.47392 31056
2.47447 32516
2.475 33976
2.47541 35436
2.47585 36896
2.4764 38356
2.47697 39816
2.47746 41276
2.47781 42736
2.47837 44196
2.47899 45656
2.47934 47116
2.47955 10616
2.47956 12076
2.47956 10616
2.47959 12076
2.47962 13536
2.47963 14996
2.4797 16456
2.47973 17916
2.47974 19376
2.47976 20836
2.47977 22296
2.47978 23756
2.47994 25216
2.48054 26676
2.48119 28136
2.48176 29596
2.48233 31056
2.48286 32516
2.48338 33976
2.48389 35436
2.48437 36896
2.48492 38356
2.48548 39816
2.48582 41276
2.48633 42736
2.48691 44196
2.48733 45656
2.48784 47116
2.48808 10616
2.4881 12076
2.4881 10616
2.48816 12076
2.48816 10616
2.48827 12076
2.48833 13536
2.48836 14996
2.48837 16456
2.48838 17916
2.4884 19376
2.48841 20836
2.48842 22296
2.48843 23756
2.48852 25216
2.48913 26676
2.48976 28136
2.49035 29596
2.49091 31056
2.49146 32516
2.492 33976
2.49252 35436
2.49292 36896
2.49341 38356
2.49385 39816
2.4944 41276
2.49487 42736
2.49533 44196
2.49581 45656
2.49636 47116
2.49678 48576
2.49711 10616
2.49713 12076
2.49713 10616
2.49717 12076
2.49717 10616
2.49718 12076
2.49718 10616
2.49719 12076
2.49719 10616
2.4972 12076
2.4972 10616
2.49722 12076
2.49722 10616
2.49724 12076
2.49726 13536
2.49728 14996
2.49729 16456
2.4973 17916
2.49731 19376
2.49733 20836
2.49735 22296
2.49736 23756
2.49751 25216
2.49812 26676
2.49871 28136
2.49928 29596
2.49983 31056
