0.0 0
1.00055 0.000547321
1.00113 0.000551227
1.00115 0.000557705
1.0017 0.000560237
1.00173 0.000565513
1.00175 0.000570129
1.00178 0.000577228
1.00228 0.00057732
1.00231 0.000580461
1.00233 0.000583209
1.00236 0.000588673
1.00238 0.000593454
1.0024 0.000600698
1.00243 0.000607036
1.00245 0.000615642
1.00286 0.000610932
1.00288 0.000609871
1.00291 0.000608943
1.00293 0.000611191
1.00296 0.000613158
1.00298 0.000617939
1.00301 0.000622122
1.00303 0.000628842
1.00306 0.000634722
1.00308 0.000642927
1.0031 0.000650107
1.00313 0.000659449
1.00315 0.000667623
1.00318 0.000677836
1.0032 0.000686772
1.00323 0.000697651
1.00344 0.00068269
1.00346 0.000669599
1.00349 0.000658145
1.00351 0.000648122
1.00354 0.000639352
1.00356 0.000631679
1.00358 0.000624965
1.00361 0.00061909
1.00363 0.000613949
1.00366 0.000609451
1.00368 0.000605515
1.00371 0.000602071
1.00373 0.000599058
1.00376 0.000596421
1.00378 0.000594114
1.0038 0.000592095
1.00402 0.000590329
1.00404 0.000588783
1.00406 0.000587431
1.00409 0.000586248
1.00411 0.000588273
1.00414 0.000590044
1.00416 0.000591594
1.00419 0.00059295
1.00421 0.000594137
1.00424 0.000595175
1.00426 0.000596084
1.00429 0.000596879
1.00431 0.000597575
1.00433 0.000598184
1.00436 0.000598717
1.00438 0.000599183
1.00441 0.000599591
1.00459 0.000596888
1.00462 0.000594523
1.00464 0.000592453
1.00467 0.000590642
1.00469 0.000589057
1.00472 0.00058767
1.00474 0.000586457
1.00477 0.000585395
1.00479 0.000587526
1.00481 0.000589391
1.00484 0.000591023
1.00486 0.000592451
1.00489 0.0005937
1.00491 0.000594793
1.00494 0.000595749
1.00496 0.000596586
1.00499 0.000597318
1.00501 0.000597959
1.00517 0.00059546
1.0052 0.000593273
1.00522 0.000591359
1.00525 0.000589685
1.00527 0.00058822
1.00529 0.000586938
1.00532 0.000585816
1.00534 0.000584835
1.00537 0.000583976
1.00539 0.000583225
1.00542 0.000582567
1.00544 0.000585052
1.00547 0.000587226
1.00549 0.000589128
1.00551 0.000590793
1.00554 0.000592249
1.00556 0.000593523
1.00559 0.000594638
1.00561 0.000595614
1.00575 0.000593408
1.00577 0.000591478
1.0058 0.000589789
1.00582 0.000588311
1.00585 0.000587018
1.00587 0.000585886
1.0059 0.000584896
1.00592 0.00058403
1.00595 0.000583272
1.00597 0.000582609
1.00599 0.000582028
1.00602 0.00058152
1.00604 0.000581076
1.00607 0.000583747
1.00609 0.000586084
1.00612 0.000588129
1.00614 0.000589918
1.00617 0.000591484
1.00619 0.000592854
1.00621 0.000594053
1.00633 0.000592042
1.00635 0.000590282
1.00638 0.000588742
1.0064 0.000587395
1.00643 0.000586216
1.00645 0.000585185
1.00647 0.000584282
1.0065 0.000583492
1.00652 0.000582801
1.00655 0.000582196
1.00657 0.000581667
1.0066 0.000581204
1.00662 0.000580799
1.00665 0.000580445
1.00667 0.000583195
1.00669 0.000585601
1.00672 0.000587706
1.00674 0.000589548
1.00677 0.00059116
1.00679 0.000592571
1.00682 0.000593805
1.00691 0.000591825
1.00693 0.000590092
1.00695 0.000588576
1.00698 0.00058725
1.007 0.000586089
1.00703 0.000585073
1.00705 0.000584184
1.00708 0.000583407
1.0071 0.000582727
1.00713 0.000582132
1.00715 0.000581611
1.00717 0.000581155
1.0072 0.000580756
1.00722 0.000580407
1.00725 0.000583162
1.00727 0.000585572
1.0073 0.000587681
1.00732 0.000589526
1.00735 0.000591141
1.00737 0.000592554
1.0074 0.00059379
1.00742 0.000594872
1.00748 0.000592759
1.00751 0.00059091
1.00753 0.000589292
1.00756 0.000587876
1.00758 0.000586637
1.00761 0.000585553
1.00763 0.000584604
1.00765 0.000583774
1.00768 0.000583048
1.0077 0.000582413
1.00773 0.000581857
1.00775 0.00058137
1.00778 0.000580944
1.0078 0.000583632
1.00783 0.000585984
1.00785 0.000588042
1.00788 0.000589842
1.0079 0.000591417
1.00792 0.000592795
1.00795 0.000594001
1.00797 0.000595056
1.008 0.00059598
1.00802 0.000596788
1.00806 0.000594435
1.00809 0.000592376
1.00811 0.000590575
1.00813 0.000588999
1.00816 0.00058762
1.00818 0.000586413
1.00821 0.000585357
1.00823 0.000584433
1.00826 0.000583624
1.00828 0.000582917
1.00831 0.000582298
1.00833 0.000584816
1.00836 0.00058702
1.00838 0.000588948
1.0084 0.000590635
1.00843 0.000592111
1.00845 0.000593403
1.00848 0.000594533
1.0085 0.000595522
1.00853 0.000596387
1.00855 0.000597144
1.00858 0.000597807
1.0086 0.000598387
1.00862 0.000598894
1.00865 0.000597472
1.00867 0.000596228
1.0087 0.000595139
1.00872 0.000594186
1.00875 0.000593352
1.00877 0.000592623
1.0088 0.000591985
1.00882 0.000591426
1.00884 0.000593997
1.00887 0.000596247
1.00889 0.000598216
1.00892 0.000599939
1.00894 0.000601446
1.00897 0.000602765
1.00899 0.000603919
1.00902 0.000604929
1.00904 0.000605812
1.00907 0.000606585
1.00909 0.000607261
1.00911 0.000607853
1.00914 0.000608371
1.00916 0.000608824
1.00919 0.000609221
1.00921 0.000609568
1.00924 0.000609872
1.00926 0.000610138
1.00929 0.00061037
1.00931 0.000610573
1.00933 0.000610751
1.00936 0.000613967
1.00938 0.000616781
1.00941 0.000619243
1.00943 0.000621397
1.00946 0.000623282
1.00948 0.000624931
1.00951 0.000626374
1.00953 0.000627637
1.00955 0.000628742
1.00958 0.000629709
1.0096 0.000630555
1.00963 0.000631295
1.00965 0.000631943
1.00968 0.00063251
1.0097 0.000633006
1.00973 0.00063344
1.00975 0.00063382
1.00978 0.000634152
1.0098 0.000634443
1.00982 0.000634697
1.00985 0.000634919
1.00987 0.000638174
1.0099 0.000641022
1.00992 0.000643514
1.00995 0.000645694
1.00997 0.000647602
1.01 0.000649271
1.01002 0.000650732
1.01004 0.00065201
1.01007 0.000653128
1.01009 0.000654107
1.01012 0.000654963
1.01014 0.000655712
1.01017 0.000656368
1.01019 0.000656942
1.01022 0.000657444
1.01024 0.000657883
1.01026 0.000658267
1.01029 0.000658603
1.01031 0.000658897
1.01034 0.000659154
1.01036 0.000659379
1.01039 0.000662636
1.01041 0.000665486
1.01044 0.00066798
1.01046 0.000670162
1.01049 0.000672071
1.01051 0.000673742
1.01053 0.000675204
1.01056 0.000676483
1.01058 0.000677602
1.01061 0.000678581
1.01063 0.000679438
1.01066 0.000680188
1.01068 0.000680844
1.01071 0.000681418
1.01073 0.00068192
1.01075 0.00068236
1.01078 0.000682745
1.0108 0.000683081
1.01083 0.000683375
1.01085 0.000683633
1.01088 0.000683858
1.0109 0.000687115
1.01093 0.000689965
1.01095 0.000692459
1.01097 0.000694641
1.011 0.00069655
1.01102 0.000698221
1.01105 0.000699683
1.01107 0.000700962
1.0111 0.000702081
1.01112 0.00070306
1.01115 0.000703917
1.01117 0.000704667
1.01119 0.000705323
1.01122 0.000705897
1.01124 0.000706399
1.01127 0.000706839
1.01129 0.000707224
1.01132 0.000707561
1.01134 0.000707855
1.01137 0.000708113
1.01139 0.000708338
1.01142 0.000711595
1.01144 0.000714445
1.01146 0.000716939
1.01149 0.000719121
1.01151 0.00072103
1.01154 0.000722701
1.01156 0.000724163
1.01159 0.000725442
1.01161 0.000726561
1.01164 0.00072754
1.01166 0.000728397
1.01168 0.000729147
1.01171 0.000729803
1.01173 0.000730377
1.01176 0.000730879
1.01178 0.000731319
1.01181 0.000731704
1.01183 0.000732041
1.01186 0.000732335
1.01188 0.000732593
1.0119 0.000732818
1.01193 0.000736075
1.01195 0.000738925
1.01198 0.000741419
1.012 0.000743601
1.01203 0.00074551
1.01205 0.000747181
1.01208 0.000748643
1.0121 0.000749922
1.01213 0.000751041
1.01215 0.00075202
1.01217 0.000752877
1.0122 0.000753627
1.01222 0.000754283
1.01225 0.000754857
1.01227 0.000755359
1.0123 0.000755799
1.01232 0.000756184
1.01235 0.000756521
1.01237 0.000756815
1.01239 0.000757073
1.01242 0.000757298
1.01244 0.000760555
1.01247 0.000763405
1.01249 0.000765899
1.01252 0.000768081
1.01254 0.00076999
1.01257 0.000771661
1.01259 0.000773123
1.01261 0.000774402
1.01264 0.000775521
1.01266 0.0007765
1.01269 0.000777357
1.01271 0.000778107
1.01274 0.000778763
1.01276 0.000779337
1.01279 0.000779839
1.01281 0.000780279
1.01284 0.000780664
1.01286 0.000781001
1.01288 0.000781295
1.01291 0.000781553
1.01293 0.000781778
1.01296 0.000785035
1.01298 0.000787885
1.01301 0.000790379
1.01303 0.000792561
1.01306 0.00079447
1.01308 0.000796141
1.0131 0.000797603
1.01313 0.000798882
1.01315 0.000800001
1.01318 0.00080098
1.0132 0.000801837
1.01323 0.000802587
1.01325 0.000803243
1.01328 0.000803817
1.0133 0.000804319
1.01332 0.000804759
1.01335 0.000805144
1.01337 0.000805481
1.0134 0.000805775
1.01342 0.000806033
1.01345 0.000806258
1.01347 0.000809515
1.0135 0.000812365
1.01352 0.000814859
1.01355 0.000817041
1.01357 0.00081895
1.01359 0.000820621
1.01362 0.000822083
1.01364 0.000823362
1.01367 0.000824481
1.01369 0.00082546
1.01372 0.000826317
1.01374 0.000827067
1.01377 0.000827723
1.01379 0.000828297
1.01381 0.000828799
1.01384 0.000829239
1.01386 0.000829624
1.01389 0.000829961
1.01391 0.000830255
1.01394 0.000830513
1.01396 0.000830738
1.01399 0.000833995
1.01401 0.000836845
1.01403 0.000839339
1.01406 0.000841521
1.01408 0.00084343
1.01411 0.000845101
1.01413 0.000846563
1.01416 0.000847842
1.01418 0.000848961
1.01421 0.00084994
1.01423 0.000850797
1.01425 0.000851547
1.01428 0.000852203
1.0143 0.000852777
1.01433 0.000853279
1.01435 0.000853719
1.01438 0.000854104
1.0144 0.000854441
1.01443 0.000854735
1.01445 0.000854993
1.01448 0.000855218
1.0145 0.000858475
1.01452 0.000861325
1.01455 0.000863819
1.01457 0.000866001
1.0146 0.00086791
1.01462 0.000869581
1.01465 0.000871043
1.01467 0.000872322
1.0147 0.000873441
1.01472 0.00087442
1.01474 0.000875277
1.01477 0.000876027
1.01479 0.000876683
1.01482 0.000877257
1.01484 0.000877759
1.01487 0.000878199
1.01489 0.000878584
1.01492 0.000878921
1.01494 0.000879215
1.01496 0.000879473
1.01499 0.000879698
1.01501 0.000882955
1.01504 0.000885805
1.01506 0.000888299
1.01509 0.000890481
1.01511 0.00089239
1.01514 0.000894061
1.01516 0.000895523
1.01519 0.000896802
1.01521 0.000897921
1.01523 0.0008989
1.01526 0.000899757
1.01528 0.000900507
1.01531 0.000901163
1.01533 0.000901737
1.01536 0.000902239
1.01538 0.000902679
1.01541 0.000903064
1.01543 0.000903401
1.01545 0.000903695
1.01548 0.000903953
1.0155 0.000904178
1.01553 0.000907435
1.01555 0.000910285
1.01558 0.000912779
1.0156 0.000914961
1.01563 0.00091687
1.01565 0.000918541
1.01567 0.000920003
1.0157 0.000921282
1.01572 0.000922401
1.01575 0.00092338
1.01577 0.000924237
1.0158 0.000924987
1.01582 0.000925643
1.01585 0.000926217
1.01587 0.000926719
1.0159 0.000927159
1.01592 0.000927544
1.01594 0.000927881
1.01597 0.000928175
1.01599 0.000928433
1.01602 0.000928658
1.01604 0.000931915
1.01607 0.000934765
1.01609 0.000937259
1.01612 0.000939441
1.01614 0.00094135
1.01616 0.000943021
1.01619 0.000944483
1.01621 0.000945762
1.01624 0.000946881
1.01626 0.00094786
1.01629 0.000948717
1.01631 0.000949467
1.01634 0.000950123
1.01636 0.000950697
1.01638 0.000951199
1.01641 0.000951639
1.01643 0.000952024
1.01646 0.000952361
1.01648 0.000952655
1.01651 0.000952913
1.01653 0.000953138
1.01656 0.000956395
1.01658 0.000959245
1.01661 0.000961739
1.01663 0.000963921
1.01665 0.00096583
1.01668 0.000967501
1.0167 0.000968963
1.01673 0.000970242
1.01675 0.000971361
1.01678 0.00097234
1.0168 0.000973197
1.01683 0.000973947
1.01685 0.000974603
1.01687 0.000975177
1.0169 0.000975679
1.01692 0.000976119
1.01695 0.000976504
1.01697 0.000976841
1.017 0.000977135
1.01702 0.000977393
1.01705 0.000977618
1.01707 0.000980875
1.01709 0.000983725
1.01712 0.000986219
1.01714 0.000988401
1.01717 0.00099031
1.01719 0.000991981
1.01722 0.000993443
1.01724 0.000994722
1.01727 0.000995841
1.01729 0.00099682
1.01731 0.000997677
1.01734 0.000998427
1.01736 0.000999083
1.01739 0.000999657
1.01741 0.00100016
1.01744 0.0010006
1.01746 0.00100098
1.01749 0.00100132
1.01751 0.00100161
1.01754 0.00100187
1.01756 0.0010021
1.01758 0.00100535
1.01761 0.0010082
1.01763 0.0010107
1.01766 0.00101288
1.01768 0.00101479
1.01771 0.00101646
1.01773 0.00101792
1.01776 0.0010192
1.01778 0.00102032
1.0178 0.0010213
1.01783 0.00102216
1.01785 0.00102291
1.01788 0.00102356
1.0179 0.00102414
1.01793 0.00102464
1.01795 0.00102508
1.01798 0.00102546
1.018 0.0010258
1.01802 0.00102609
1.01805 0.00102635
1.01807 0.00102658
1.0181 0.00102983
1.01812 0.00103268
1.01815 0.00103518
1.01817 0.00103736
1.0182 0.00103927
1.01822 0.00104094
1.01825 0.0010424
1.01827 0.00104368
1.01829 0.0010448
1.01832 0.00104578
1.01834 0.00104664
1.01837 0.00104739
1.01839 0.00104804
1.01842 0.00104862
1.01844 0.00104912
1.01847 0.00104956
1.01849 0.00104994
1.01851 0.00105028
1.01854 0.00105057
1.01856 0.00105083
1.01859 0.00105106
1.01861 0.00105431
1.01864 0.00105717
1.01866 0.00105966
1.01869 0.00106184
1.01871 0.00106375
1.01873 0.00106542
1.01876 0.00106688
1.01878 0.00106816
1.01881 0.00106928
1.01883 0.00107026
1.01886 0.00107112
1.01888 0.00107187
1.01891 0.00107252
1.01893 0.0010731
1.01896 0.0010736
1.01898 0.00107404
1.019 0.00107442
1.01903 0.00107476
1.01905 0.00107506
1.01908 0.00107531
1.0191 0.00107554
1.01913 0.0010788
1.01915 0.00108165
1.01918 0.00108414
1.0192 0.00108632
1.01922 0.00108823
1.01925 0.0010899
1.01927 0.00109136
1.0193 0.00109264
1.01932 0.00109376
1.01935 0.00109474
1.01937 0.0010956
1.0194 0.00109635
1.01942 0.001097
1.01944 0.00109758
1.01947 0.00109808
1.01949 0.00109852
1.01952 0.0010989
1.01954 0.00109924
1.01957 0.00109954
1.01959 0.00109979
1.01962 0.00110002
1.01964 0.00110327
1.01967 0.00110612
1.01969 0.00110862
1.01971 0.0011108
1.01974 0.00111271
1.01976 0.00111438
1.01979 0.00111584
1.01981 0.00111712
1.01984 0.00111824
1.01986 0.00111922
1.01989 0.00112008
1.01991 0.00112083
1.01993 0.00112148
1.01996 0.00112206
1.01998 0.00112256
1.02001 0.001123
1.02003 0.00112338
1.02006 0.00112372
1.02008 0.00112401
1.02011 0.00112427
1.02013 0.0011245
1.02015 0.00112776
1.02018 0.00113061
1.0202 0.0011331
1.02023 0.00113528
1.02025 0.00113719
1.02028 0.00113886
1.0203 0.00114032
1.02033 0.0011416
1.02035 0.00114272
1.02037 0.0011437
1.0204 0.00114456
1.02042 0.00114531
1.02045 0.00114596
1.02047 0.00114654
1.0205 0.00114704
1.02052 0.00114748
1.02055 0.00114786
1.02057 0.0011482
1.0206 0.0011485
1.02062 0.00114875
1.02064 0.00114898
1.02067 0.00115223
1.02069 0.00115508
1.02072 0.00115758
1.02074 0.00115976
1.02077 0.00116167
1.02079 0.00116334
1.02082 0.0011648
1.02084 0.00116608
1.02086 0.0011672
1.02089 0.00116818
1.02091 0.00116904
1.02094 0.00116979
1.02096 0.00117044
1.02099 0.00117102
1.02101 0.00117152
1.02104 0.00117196
1.02106 0.00117234
1.02108 0.00117268
1.02111 0.00117297
1.02113 0.00117323
1.02116 0.00117346
1.02118 0.00117672
1.02121 0.00117957
1.02123 0.00118206
1.02126 0.00118424
1.02128 0.00118615
1.02131 0.00118782
1.02133 0.00118928
1.02135 0.00119056
1.02138 0.00119168
1.0214 0.00119266
1.02143 0.00119352
1.02145 0.00119427
1.02148 0.00119492
1.0215 0.0011955
1.02153 0.001196
1.02155 0.00119644
1.02157 0.00119682
1.0216 0.00119716
1.02162 0.00119746
1.02165 0.00119771
1.02167 0.00119794
1.0217 0.00120119
1.02172 0.00120404
1.02175 0.00120654
1.02177 0.00120872
1.02179 0.00121063
1.02182 0.0012123
1.02184 0.00121376
1.02187 0.00121504
1.02189 0.00121616
1.02192 0.00121714
1.02194 0.001218
1.02197 0.00121875
1.02199 0.0012194
1.02202 0.00121998
1.02204 0.00122048
1.02206 0.00122092
1.02209 0.0012213
1.02211 0.00122164
1.02214 0.00122193
1.02216 0.00122219
1.02219 0.00122242
1.02221 0.00122567
1.02224 0.00122852
1.02226 0.00123102
1.02228 0.0012332
1.02231 0.00123511
1.02233 0.00123678
1.02236 0.00123824
1.02238 0.00123952
1.02241 0.00124064
1.02243 0.00124162
1.02246 0.00124248
1.02248 0.00124323
1.0225 0.00124388
1.02253 0.00124446
1.02255 0.00124496
1.02258 0.0012454
1.0226 0.00124578
1.02263 0.00124612
1.02265 0.00124641
1.02268 0.00124667
1.0227 0.0012469
1.02273 0.00125015
1.02275 0.001253
1.02277 0.0012555
1.0228 0.00125768
1.02282 0.00125959
1.02285 0.00126126
1.02287 0.00126272
1.0229 0.001264
1.02292 0.00126512
1.02295 0.0012661
1.02297 0.00126696
1.02299 0.00126771
1.02302 0.00126836
1.02304 0.00126894
1.02307 0.00126944
1.02309 0.00126988
1.02312 0.00127026
1.02314 0.0012706
1.02317 0.00127089
1.02319 0.00127115
1.02321 0.00127138
1.02324 0.00127464
1.02326 0.00127749
1.02329 0.00127998
1.02331 0.00128216
1.02334 0.00128407
1.02336 0.00128574
1.02339 0.0012872
1.02341 0.00128848
1.02343 0.0012896
1.02346 0.00129058
1.02348 0.00129144
1.02351 0.00129219
1.02353 0.00129284
1.02356 0.00129342
1.02358 0.00129392
1.02361 0.00129436
1.02363 0.00129474
1.02366 0.00129508
1.02368 0.00129538
1.0237 0.00129563
1.02373 0.00129586
1.02375 0.00129911
1.02378 0.00130196
1.0238 0.00130446
1.02383 0.00130664
1.02385 0.00130855
1.02388 0.00131022
1.0239 0.00131168
1.02392 0.00131296
1.02395 0.00131408
1.02397 0.00131506
1.024 0.00131592
1.02402 0.00131667
1.02405 0.00131732
1.02407 0.0013179
1.0241 0.0013184
1.02412 0.00131884
1.02414 0.00131922
1.02417 0.00131956
1.02419 0.00131985
1.02422 0.00132011
1.02424 0.00132034
1.02427 0.00132359
1.02429 0.00132644
1.02432 0.00132894
1.02434 0.00133112
1.02437 0.00133303
1.02439 0.0013347
1.02441 0.00133616
1.02444 0.00133744
1.02446 0.00133856
1.02449 0.00133954
1.02451 0.0013404
1.02454 0.00134115
1.02456 0.0013418
1.02459 0.00134238
1.02461 0.00134288
1.02463 0.00134332
1.02466 0.0013437
1.02468 0.00134404
1.02471 0.00134433
1.02473 0.00134459
1.02476 0.00134482
1.02478 0.00134808
1.02481 0.00135092
1.02483 0.00135342
1.02485 0.0013556
1.02488 0.00135751
1.0249 0.00135918
1.02493 0.00136064
1.02495 0.00136192
1.02498 0.00136304
1.025 0.00136402
1.02503 0.00136488
1.02505 0.00136563
1.02508 0.00136628
1.0251 0.00136686
1.02512 0.00136736
1.02515 0.0013678
1.02517 0.00136818
1.0252 0.00136852
1.02522 0.00136882
1.02525 0.00136907
1.02527 0.0013693
1.0253 0.00137255
1.02532 0.0013754
1.02534 0.0013779
1.02537 0.00138008
1.02539 0.00138199
1.02542 0.00138366
1.02544 0.00138512
1.02547 0.0013864
1.02549 0.00138752
1.02552 0.0013885
1.02554 0.00138936
1.02556 0.00139011
1.02559 0.00139076
1.02561 0.00139134
1.02564 0.00139184
1.02566 0.00139228
1.02569 0.00139266
1.02571 0.001393
1.02574 0.00139329
1.02576 0.00139355
1.02579 0.00139378
1.02581 0.00139704
1.02583 0.00139989
1.02586 0.00140238
1.02588 0.00140456
1.02591 0.00140647
1.02593 0.00140814
1.02596 0.0014096
1.02598 0.00141088
1.02601 0.001412
1.02603 0.00141298
1.02605 0.00141384
1.02608 0.00141459
1.0261 0.00141524
1.02613 0.00141582
1.02615 0.00141632
1.02618 0.00141676
1.0262 0.00141714
1.02623 0.00141748
1.02625 0.00141778
1.02627 0.00141803
1.0263 0.00141826
1.02632 0.00142151
1.02635 0.00142436
1.02637 0.00142686
1.0264 0.00142904
1.02642 0.00143095
1.02645 0.00143262
1.02647 0.00143408
1.02649 0.00143536
1.02652 0.00143648
1.02654 0.00143746
1.02657 0.00143832
1.02659 0.00143907
1.02662 0.00143972
1.02664 0.0014403
1.02667 0.0014408
1.02669 0.00144124
1.02672 0.00144162
1.02674 0.00144196
1.02676 0.00144225
1.02679 0.00144251
1.02681 0.00144274
1.02684 0.001446
1.02686 0.00144885
1.02689 0.00145134
1.02691 0.00145352
1.02694 0.00145543
1.02696 0.0014571
1.02698 0.00145856
1.02701 0.00145984
1.02703 0.00146096
1.02706 0.00146194
1.02708 0.0014628
1.02711 0.00146355
1.02713 0.0014642
1.02716 0.00146478
1.02718 0.00146528
1.0272 0.00146572
1.02723 0.0014661
1.02725 0.00146644
1.02728 0.00146674
1.0273 0.00146699
1.02733 0.00146722
1.02735 0.00147047
1.02738 0.00147332
1.0274 0.00147582
1.02743 0.001478
1.02745 0.00147991
1.02747 0.00148158
1.0275 0.00148304
1.02752 0.00148432
1.02755 0.00148544
1.02757 0.00148642
1.0276 0.00148728
1.02762 0.00148803
1.02765 0.00148868
1.02767 0.00148926
1.02769 0.00148976
1.02772 0.0014902
1.02774 0.00149058
1.02777 0.00149092
1.02779 0.00149121
1.02782 0.00149147
1.02784 0.0014917
1.02787 0.00149496
1.02789 0.00149781
1.02791 0.0015003
1.02794 0.00150248
1.02796 0.00150439
1.02799 0.00150606
1.02801 0.00150752
1.02804 0.0015088
1.02806 0.00150992
1.02809 0.0015109
1.02811 0.00151176
1.02814 0.00151251
1.02816 0.00151316
1.02818 0.00151374
1.02821 0.00151424
1.02823 0.00151468
1.02826 0.00151506
1.02828 0.0015154
1.02831 0.0015157
1.02833 0.00151595
1.02836 0.00151618
1.02838 0.00151943
1.0284 0.00152228
1.02843 0.00152478
1.02845 0.00152696
1.02848 0.00152887
1.0285 0.00153054
1.02853 0.001532
1.02855 0.00153328
1.02858 0.0015344
1.0286 0.00153538
1.02862 0.00153624
1.02865 0.00153699
1.02867 0.00153764
1.0287 0.00153822
1.02872 0.00153872
1.02875 0.00153916
1.02877 0.00153954
1.0288 0.00153988
1.02882 0.00154017
1.02885 0.00154043
1.02887 0.00154066
1.02889 0.00154391
1.02892 0.00154676
1.02894 0.00154926
1.02897 0.00155144
1.02899 0.00155335
1.02902 0.00155502
1.02904 0.00155648
1.02907 0.00155776
1.02909 0.00155888
1.02911 0.00155986
1.02914 0.00156072
1.02916 0.00156147
1.02919 0.00156212
1.02921 0.0015627
1.02924 0.0015632
1.02926 0.00156364
1.02929 0.00156402
1.02931 0.00156436
1.02933 0.00156465
1.02936 0.00156491
1.02938 0.00156514
1.02941 0.00156839
1.02943 0.00157124
1.02946 0.00157374
1.02948 0.00157592
1.02951 0.00157783
1.02953 0.0015795
1.02955 0.00158096
1.02958 0.00158224
1.0296 0.00158336
1.02963 0.00158434
1.02965 0.0015852
1.02968 0.00158595
1.0297 0.0015866
1.02973 0.00158718
1.02975 0.00158768
1.02978 0.00158812
1.0298 0.0015885
1.02982 0.00158884
1.02985 0.00158913
1.02987 0.00158939
1.0299 0.00158962
1.02992 0.00159288
1.02995 0.00159573
1.02997 0.00159822
1.03 0.0016004
1.03002 0.00160231
1.03004 0.00160398
1.03007 0.00160544
1.03009 0.00160672
1.03012 0.00160784
1.03014 0.00160882
1.03017 0.00160968
1.03019 0.00161043
1.03022 0.00161108
1.03024 0.00161166
1.03026 0.00161216
1.03029 0.0016126
1.03031 0.00161298
1.03034 0.00161332
1.03036 0.00161362
1.03039 0.00161387
1.03041 0.0016141
1.03044 0.00161736
1.03046 0.0016202
1.03049 0.0016227
1.03051 0.00162488
1.03053 0.00162679
1.03056 0.00162846
1.03058 0.00162992
1.03061 0.0016312
1.03063 0.00163232
1.03066 0.0016333
1.03068 0.00163416
1.03071 0.00163491
1.03073 0.00163556
1.03075 0.00163614
1.03078 0.00163664
1.0308 0.00163708
1.03083 0.00163746
1.03085 0.0016378
1.03088 0.0016381
1.0309 0.00163835
1.03093 0.00163858
1.03095 0.00164183
1.03097 0.00164468
1.031 0.00164718
1.03102 0.00164936
1.03105 0.00165127
1.03107 0.00165294
1.0311 0.0016544
1.03112 0.00165568
1.03115 0.0016568
1.03117 0.00165778
1.0312 0.00165864
1.03122 0.00165939
1.03124 0.00166004
1.03127 0.00166062
1.03129 0.00166112
1.03132 0.00166156
1.03134 0.00166194
1.03137 0.00166228
1.03139 0.00166257
1.03142 0.00166283
1.03144 0.00166306
1.03146 0.00166632
1.03149 0.00166917
1.03151 0.00167166
1.03154 0.00167384
1.03156 0.00167575
1.03159 0.00167742
1.03161 0.00167888
1.03164 0.00168016
1.03166 0.00168128
1.03168 0.00168226
1.03171 0.00168312
1.03173 0.00168387
1.03176 0.00168452
1.03178 0.0016851
1.03181 0.0016856
1.03183 0.00168604
1.03186 0.00168642
1.03188 0.00168676
1.03191 0.00168706
1.03193 0.00168731
1.03195 0.00168754
1.03198 0.00169079
1.032 0.00169364
1.03203 0.00169614
1.03205 0.00169832
1.03208 0.00170023
1.0321 0.0017019
1.03213 0.00170336
1.03215 0.00170464
1.03217 0.00170576
1.0322 0.00170674
1.03222 0.0017076
1.03225 0.00170835
1.03227 0.001709
1.0323 0.00170958
1.03232 0.00171008
1.03235 0.00171052
1.03237 0.0017109
1.03239 0.00171124
1.03242 0.00171153
1.03244 0.00171179
1.03247 0.00171202
1.03249 0.00171528
1.03252 0.00171813
1.03254 0.00172062
1.03257 0.0017228
1.03259 0.00172471
1.03261 0.00172638
1.03264 0.00172784
1.03266 0.00172912
1.03269 0.00173024
1.03271 0.00173122
1.03274 0.00173208
1.03276 0.00173283
1.03279 0.00173348
1.03281 0.00173406
1.03284 0.00173456
1.03286 0.001735
1.03288 0.00173538
1.03291 0.00173572
1.03293 0.00173602
1.03296 0.00173627
1.03298 0.0017365
1.03301 0.00173975
1.03303 0.0017426
1.03306 0.0017451
1.03308 0.00174728
1.0331 0.00174919
1.03313 0.00175086
1.03315 0.00175232
1.03318 0.0017536
1.0332 0.00175472
1.03323 0.0017557
1.03325 0.00175656
1.03328 0.00175731
1.0333 0.00175796
1.03332 0.00175854
1.03335 0.00175904
1.03337 0.00175948
1.0334 0.00175986
1.03342 0.0017602
1.03345 0.00176049
1.03347 0.00176075
1.0335 0.00176098
1.03352 0.00176423
1.03355 0.00176709
1.03357 0.00176958
1.03359 0.00177176
1.03362 0.00177367
1.03364 0.00177534
1.03367 0.0017768
1.03369 0.00177808
1.03372 0.0017792
1.03374 0.00178018
1.03377 0.00178104
1.03379 0.00178179
1.03381 0.00178244
1.03384 0.00178302
1.03386 0.00178352
1.03389 0.00178396
1.03391 0.00178434
1.03394 0.00178468
1.03396 0.00178497
1.03399 0.00178523
1.03401 0.00178546
1.03403 0.00178871
1.03752 0.00176549
1.03755 0.00174823
1.03757 0.00173618
1.03761 0.00172258
1.03763 0.00171068
1.03768 0.0017018
1.03771 0.00169403
1.03774 0.00168723
1.03777 0.00168128
1.0378 0.00167607
1.03783 0.00167152
1.03787 0.00166753
1.03789 0.00166404
1.03795 0.00166099
1.03798 0.00165834
1.038 0.00165909
1.03803 0.0016628
1.03805 0.00166911
1.03806 0.00167616
1.03809 0.00168538
1.03811 0.00169652
1.03814 0.00170932
1.03816 0.00172358
1.03817 0.00173759
1.0382 0.00175291
1.03837 0.00174031
1.03839 0.0017293
1.03842 0.00172273
1.03844 0.00172004
1.03847 0.00172075
1.03849 0.00172442
1.03851 0.0017307
1.03854 0.00173926
1.03856 0.0017498
1.03859 0.00176209
1.03861 0.0017759
1.03875 0.00176197
1.0388 0.0017498
1.03882 0.00174222
1.03883 0.00173711
1.03886 0.0017357
1.03888 0.00173753
1.03891 0.00174219
1.03893 0.00174932
1.03894 0.0017571
1.03897 0.00176696
1.03898 0.00177712
1.039 0.00178907
1.03902 0.00180105
1.03904 0.0018146
1.03905 0.00182799
1.03908 0.00184276
1.0392 0.00182202
1.03922 0.00180388
1.03925 0.00178801
1.03929 0.00177411
1.03931 0.00176196
1.03937 0.00175285
1.0394 0.00174489
1.03943 0.00173792
1.03946 0.00173182
1.03949 0.00172648
1.03952 0.00172181
1.03956 0.00171772
1.03958 0.00171721
1.03959 0.00171522
1.03965 0.00171349
1.03968 0.00171197
1.0397 0.00171065
1.03973 0.00170949
1.03976 0.00171
1.03978 0.00171045
1.0398 0.00171084
1.03982 0.00171119
1.03985 0.00171149
1.03987 0.00171175
1.03989 0.00171198
1.03991 0.00171218
1.04008 0.00171236
1.04011 0.00171251
1.04014 0.00171418
1.04017 0.00171564
1.04019 0.00171691
1.04022 0.00171803
1.04024 0.001719
1.04026 0.00171986
1.04029 0.00172061
1.04031 0.00172126
1.04034 0.00172183
1.04047 0.00172233
1.04052 0.00172277
1.04056 0.00172468
1.04057 0.00172636
1.0406 0.00172782
1.04062 0.0017291
1.04064 0.00173023
1.04067 0.00173121
1.04068 0.00173207
1.04071 0.00173282
1.04072 0.00173347
1.04074 0.00173405
1.04075 0.00173455
1.04078 0.00173499
1.04079 0.00173538
1.04082 0.00173572
1.04094 0.00173601
1.04096 0.00173627
1.04099 0.00173649
1.04102 0.00173669
1.04105 0.00173686
1.04111 0.00173702
1.04113 0.00173715
1.04117 0.00173726
1.0412 0.00173737
1.04123 0.00173745
1.04126 0.00173753
1.04129 0.0017376
1.04132 0.00173766
1.04133 0.00173771
1.04139 0.00173776
1.04142 0.0017378
1.04144 0.00173783
1.04146 0.00173786
1.0415 0.00173789
1.04151 0.00173791
1.04154 0.00173793
1.04156 0.00173795
1.04159 0.00173797
1.04161 0.00173798
1.04162 0.00173799
1.04165 0.001738
1.04182 0.00173801
1.04184 0.00173802
1.04188 0.00173803
1.04191 0.00173803
1.04193 0.00173804
1.04195 0.00173804
1.04198 0.00173805
1.042 0.00173805
1.04203 0.00173805
1.04205 0.00173806
1.04208 0.00173806
1.04221 0.00173806
1.04226 0.00173806
1.0423 0.00173807
1.04231 0.00173807
1.04233 0.00173807
1.04236 0.00173807
1.04238 0.00173807
1.04241 0.00173807
1.04242 0.00173807
1.04244 0.00173807
1.04246 0.00173807
1.09199 0.00174113
1.092 0.00174228
1.09203 0.00174329
1.09204 0.00174416
1.09206 0.00174493
1.09224 0.00174561
1.09226 0.00174619
1.0923 0.00174671
1.09232 0.00174716
1.09235 0.00174756
1.09237 0.0017479
1.0924 0.0017482
1.09242 0.00174847
1.09244 0.0017487
1.09247 0.0017489
1.09249 0.00174908
1.09263 0.00174923
1.09268 0.00174937
1.09271 0.00174949
1.09273 0.00174959
1.09275 0.00174968
1.09277 0.00174976
1.0928 0.00174983
1.09282 0.00174989
1.09284 0.00174994
1.09286 0.00174999
1.09287 0.00175003
1.0929 0.00175007
1.09291 0.0017501
1.09293 0.00175013
1.09295 0.00175015
1.09297 0.00175017
1.09309 0.00175019
1.09312 0.0017502
1.09314 0.00175022
1.09318 0.00175023
1.0932 0.00175024
1.09326 0.00175025
1.09329 0.00175026
1.09333 0.00175027
1.09335 0.00175027
1.09339 0.00175028
1.09341 0.00175028
1.09345 0.00175029
1.09347 0.00175029
1.09348 0.00175029
1.09355 0.0017503
1.09357 0.0017503
1.09359 0.0017503
1.09362 0.0017503
1.09366 0.0017503
1.09367 0.00175031
1.09369 0.00175031
1.09372 0.00175031
1.09374 0.00175031
1.09375 0.00175031
1.09378 0.00175031
1.09379 0.00175031
1.09381 0.00175031
1.10185 0.00175077
1.10187 0.00175117
1.1019 0.00175152
1.10193 0.00175182
1.10196 0.00175209
1.10202 0.00175233
1.10204 0.00175253
1.10208 0.00175271
1.10211 0.00175287
1.10214 0.001753
1.10217 0.00175312
1.1022 0.00175323
1.10223 0.00175332
1.10224 0.0017534
1.1023 0.00175347
1.10233 0.00175353
1.10235 0.00175359
1.10237 0.00175363
1.10241 0.00175367
1.10242 0.00175371
1.10245 0.00175374
1.10247 0.00175377
1.1025 0.0017538
1.10251 0.00175382
1.10253 0.00175384
1.10255 0.00175385
1.10257 0.00175386
1.10274 0.00175388
1.10277 0.00175389
1.1028 0.0017539
1.10283 0.00175391
1.10285 0.00175391
1.10288 0.00175392
1.1029 0.00175392
1.10293 0.00175393
1.10295 0.00175393
1.10297 0.00175394
1.103 0.00175394
1.10313 0.00175394
1.10318 0.00175395
1.10322 0.00175395
1.10323 0.00175395
1.10326 0.00175395
1.10328 0.00175395
1.1033 0.00175395
1.10333 0.00175396
1.10334 0.00175396
1.10337 0.00175396
1.10338 0.00175396
1.1034 0.00175396
1.10341 0.00175396
1.1036 0.00175351
1.10362 0.00175311
1.10365 0.00175276
1.10368 0.00175245
1.10371 0.00175218
1.10377 0.00175195
1.10379 0.00175175
1.10383 0.00175157
1.10386 0.00175141
1.10389 0.00175128
1.10392 0.00175115
1.10395 0.00175105
1.10398 0.00175096
1.10399 0.00175088
1.10405 0.00175081
1.10408 0.00175075
1.1041 0.00175069
1.10412 0.00175065
1.10416 0.0017506
1.10417 0.00175057
1.1042 0.00175054
1.10422 0.00175051
1.10425 0.00175048
1.10426 0.00175046
1.10428 0.00175045
1.1043 0.00175043
1.10432 0.00175042
1.10449 0.0017504
1.10452 0.00175039
1.10455 0.00175038
1.10458 0.00175037
1.1046 0.00175037
1.10463 0.00175036
1.10465 0.00175036
1.10468 0.00175035
1.1047 0.00175035
1.10472 0.00175034
1.10475 0.00175034
1.10488 0.00175034
1.10493 0.00175033
1.10497 0.00175033
1.10498 0.00175033
1.10501 0.00175033
1.10503 0.00175033
1.10505 0.00175033
1.10508 0.00175033
1.10509 0.00175032
1.10512 0.00175032
1.10513 0.00175032
1.10515 0.00175032
1.10517 0.00175032
1.14714 0.00175185
1.14716 0.00175472
1.14717 0.0017557
1.14719 0.00175655
1.14721 0.00175731
1.14722 0.00175796
1.14725 0.00175853
1.14737 0.00175904
1.14739 0.00175948
1.14742 0.00175986
1.14745 0.0017602
1.14748 0.00176049
1.14754 0.00176075
1.14756 0.00176098
1.1476 0.00176118
1.14763 0.00176135
1.14766 0.0017615
1.14769 0.00176163
1.14772 0.00176175
1.14775 0.00176185
1.14776 0.00176194
1.14782 0.00176201
1.14785 0.00176208
1.14787 0.00176214
1.14789 0.00176219
1.14793 0.00176224
1.14794 0.00176228
1.14797 0.00176231
1.14799 0.00176234
1.14802 0.00176237
1.14803 0.00176239
1.14805 0.00176241
1.14807 0.00176243
1.14809 0.00176245
1.14826 0.00176246
1.14829 0.00176247
1.14832 0.00176248
1.14835 0.00176249
1.14837 0.0017625
1.1484 0.00176251
1.14842 0.00176251
1.14845 0.00176252
1.14847 0.00176252
1.14849 0.00176253
1.14852 0.00176253
1.14865 0.00176253
1.1487 0.00176254
1.14874 0.00176254
1.14875 0.00176254
1.14878 0.00176254
1.1488 0.00176254
1.14883 0.00176255
1.14885 0.00176255
1.14886 0.00176255
1.14889 0.00176255
1.1489 0.00176255
1.14892 0.00176255
1.14894 0.00176255
1.14895 0.00176255
1.20397 0.00176561
1.20398 0.00176676
1.20402 0.00176776
1.20404 0.00176864
1.20408 0.00176941
1.2041 0.00177009
1.20414 0.00177067
1.20416 0.00177119
1.20417 0.00177164
1.20424 0.00177203
1.20426 0.00177238
1.20428 0.00177268
1.20431 0.00177295
1.20435 0.00177318
1.20436 0.00177338
1.20438 0.00177356
1.20441 0.00177371
1.20443 0.00177385
1.20444 0.00177397
1.20447 0.00177407
1.20448 0.00177416
1.2045 0.00177424
1.20468 0.00177431
1.2047 0.00177437
1.20474 0.00177442
1.20476 0.00177447
1.20479 0.00177451
1.20481 0.00177455
1.20484 0.00177458
1.20486 0.00177461
1.20488 0.00177463
1.20491 0.00177465
1.20493 0.00177467
1.20507 0.00177469
1.20512 0.0017747
1.20515 0.00177471
1.20517 0.00177472
1.20519 0.00177473
1.20521 0.00177474
1.20524 0.00177475
1.20526 0.00177475
1.20528 0.00177476
1.2053 0.00177476
1.20531 0.00177477
1.20534 0.00177477
1.20535 0.00177477
1.20536 0.00177478
1.20539 0.00177478
1.2054 0.00177478
1.20542 0.00177478
1.20555 0.00177479
1.20557 0.00177479
1.20559 0.00177479
1.20563 0.00177479
1.20566 0.00177479
1.20572 0.00177479
1.20574 0.00177479
1.20575 0.00177479
1.20579 0.00177479
1.2258 0.00177785
1.22581 0.001779
1.22599 0.00178
1.22601 0.00178088
1.22605 0.00178165
1.22607 0.00178233
1.2261 0.00178291
1.22612 0.00178343
1.22615 0.00178388
1.22617 0.00178428
1.22619 0.00178462
1.22622 0.00178492
1.22624 0.00178519
1.22638 0.00178542
1.22643 0.00178562
1.22646 0.0017858
1.22648 0.00178595
1.2265 0.00178609
1.22652 0.00178621
1.22655 0.00178631
1.22657 0.0017864
1.22659 0.00178648
1.22661 0.00178655
1.22662 0.00178661
1.22665 0.00178666
1.22666 0.00178671
1.22667 0.00178675
1.2267 0.00178679
1.22671 0.00178682
1.22673 0.00178685
1.22686 0.00178687
1.22688 0.00178689
1.2269 0.00178691
1.22694 0.00178692
1.22697 0.00178694
1.22703 0.00178695
1.22705 0.00178696
1.22706 0.00178697
1.2271 0.00178698
1.22712 0.00178699
1.22716 0.00178699
1.22719 0.001787
1.22722 0.001787
1.22725 0.00178701
1.22726 0.00178701
1.22732 0.00178701
1.22734 0.00178702
1.22737 0.00178702
1.22739 0.00178702
1.22743 0.00178702
1.22744 0.00178703
1.22747 0.00178703
1.22749 0.00178703
1.22752 0.00178703
1.22753 0.00178703
1.22755 0.00178703
1.22757 0.00178703
1.22759 0.00178703
1.2276 0.00178703
1.30178 0.00178573
1.3019 0.00178459
1.30192 0.0017836
1.30195 0.00178272
1.30199 0.00178196
1.30201 0.00178129
1.30207 0.00178071
1.3021 0.0017802
1.30211 0.00177975
1.30215 0.00177936
1.30217 0.00177902
1.30221 0.00177872
1.30223 0.00177846
1.30227 0.00177823
1.30229 0.00177803
1.3023 0.00177785
1.30237 0.0017777
1.30239 0.00177756
1.30241 0.00177744
1.30244 0.00177734
1.30248 0.00177725
1.30249 0.00177717
1.30251 0.0017771
1.30254 0.00177704
1.30256 0.00177699
1.30257 0.00177694
1.3026 0.0017769
1.30261 0.00177687
1.30263 0.00177684
1.30265 0.00177681
1.30282 0.00177679
1.30284 0.00177677
1.30288 0.00177675
1.3029 0.00177673
1.30293 0.00177672
1.30295 0.00177671
1.30298 0.0017767
1.303 0.00177669
1.30303 0.00177668
1.30305 0.00177667
1.30308 0.00177666
1.30321 0.00177666
1.30326 0.00177665
1.3033 0.00177665
1.30331 0.00177665
1.30333 0.00177664
1.30336 0.00177664
1.30338 0.00177664
1.30341 0.00177664
1.30342 0.00177663
1.30344 0.00177663
1.30345 0.00177663
1.30348 0.00177663
1.30349 0.00177663
1.3035 0.00177663
1.30353 0.00177663
1.30354 0.00177663
1.30355 0.0017764
1.30361 0.00176855
1.30364 0.00176168
1.30365 0.00175414
1.30369 0.00174754
1.3037 0.00174024
1.30375 0.00173232
1.30377 0.00172539
1.30379 0.00171932
1.30381 0.00171249
1.30383 0.00170651
1.30386 0.00169974
1.30388 0.00169382
1.30391 0.00168712
1.30393 0.00168125
1.30394 0.00167611
1.30398 0.00166856
1.30401 0.00166195
1.30403 0.00165616
1.30404 0.00164957
1.30407 0.00164227
1.30408 0.00163589
1.30409 0.00162877
1.3041 0.00162101
1.30412 0.0016127
1.30413 0.00160542
1.30414 0.00159752
1.30415 0.00159061
1.30416 0.00158303
1.30418 0.0015764
1.30424 0.00155683
1.30426 0.00153971
1.3043 0.00152472
1.30432 0.00151161
1.30435 0.00150014
1.30437 0.0014901
1.3044 0.00148132
1.30442 0.00147364
1.30445 0.00146691
1.30447 0.00146103
1.3045 0.00145588
1.30463 0.00145137
1.30468 0.00144743
1.30472 0.00144398
1.30473 0.00144096
1.30475 0.00143832
1.30478 0.00143601
1.3048 0.00143399
1.30483 0.00143222
1.30484 0.00143067
1.30486 0.00142932
1.30487 0.00142813
1.3049 0.0014271
1.30491 0.00142619
1.30492 0.00142539
1.30494 0.00142317
1.30495 0.00142122
1.30496 0.00141952
1.30502 0.00141803
1.30506 0.00141826
1.30508 0.00141998
1.30513 0.00142303
1.30516 0.00142722
1.30522 0.00143241
1.30525 0.00143849
1.30528 0.00144534
1.30532 0.00145286
1.30535 0.00146097
1.30539 0.0014696
1.30543 0.00147868
1.30546 0.00148815
1.3055 0.00149797
1.30552 0.0015081
1.30557 0.00151848
1.30561 0.0015291
1.30565 0.00153993
1.30567 0.00155092
1.30571 0.00156208
1.30573 0.00157337
1.30576 0.00158478
1.30578 0.00159629
1.3058 0.00160789
1.30583 0.00161958
1.30585 0.00163133
1.30588 0.00164314
1.3059 0.00165501
1.30593 0.00166692
1.306 0.00167888
1.30604 0.00169087
1.30609 0.00170289
1.3061 0.00171188
1.30611 0.00171821
1.30612 0.00172222
1.30614 0.00172421
1.30615 0.00172441
1.30616 0.00172306
1.30617 0.00172034
1.30618 0.00171644
1.3062 0.00169772
1.30621 0.00167676
1.30622 0.00165535
1.30623 0.00163662
1.30625 0.00161871
1.30626 0.0016015
1.30627 0.00158491
1.30628 0.00156887
1.30629 0.00155483
1.30631 0.00154101
1.30632 0.00152892
1.30633 0.00151682
1.30634 0.00150623
1.30636 0.00149696
1.30637 0.00148885
1.30638 0.00148175
1.30639 0.00147554
1.30645 0.00147011
1.30649 0.00146535
1.30651 0.00146119
1.30656 0.00145755
1.30659 0.00145437
1.30665 0.00145158
1.30669 0.00144914
1.30671 0.00144701
1.30675 0.00144514
1.30678 0.00144351
1.30682 0.00144208
1.30686 0.00144083
1.30689 0.00143974
1.30693 0.00143878
1.30696 0.00143794
1.307 0.00143721
1.30704 0.00143657
1.30708 0.00143601
1.3071 0.00143552
1.30714 0.00143509
1.30716 0.00143471
1.30719 0.00143438
1.30721 0.00143409
1.30724 0.00143384
1.30726 0.00143362
1.30729 0.00143343
1.30731 0.00143326
1.30733 0.00143311
1.30736 0.00143298
1.30743 0.00143287
1.30747 0.00143277
1.30752 0.00143268
1.30753 0.00143261
1.30754 0.00143254
1.30756 0.00143248
1.30757 0.00143243
1.30758 0.00143239
1.30759 0.00143235
1.3076 0.00143231
1.30762 0.00143228
1.30763 0.00143226
1.30764 0.00143224
1.30765 0.00143221
1.30767 0.0014322
1.30768 0.00143218
1.30769 0.00143217
1.3077 0.00143216
1.30771 0.00143215
1.30773 0.00143214
1.30774 0.00143213
1.30775 0.00143212
1.30776 0.00143212
1.30778 0.00143211
1.30779 0.00143211
1.3078 0.0014321
1.30781 0.0014321
1.30782 0.0014321
1.30789 0.00143209
1.30792 0.00143209
1.30795 0.00143209
1.308 0.00143209
1.30802 0.00143209
1.30808 0.00143209
1.30812 0.00143209
1.30814 0.00143208
1.30818 0.00143208
1.30822 0.00143208
1.30825 0.00143208
1.30829 0.00143208
1.31035 0.00143361
1.31039 0.00143495
1.31041 0.00143612
1.31042 0.00143714
1.31043 0.00143804
1.31044 0.00143882
1.31046 0.00143951
1.31047 0.00144011
1.31048 0.00144064
1.31049 0.0014411
1.31051 0.0014415
1.31052 0.00144185
1.31053 0.00144216
1.31054 0.00144243
1.31055 0.00144267
1.31057 0.00144287
1.31058 0.00144305
1.31059 0.00144321
1.3106 0.00144335
1.31062 0.00144347
1.31063 0.00144358
1.31064 0.00144367
1.31065 0.00144375
1.31066 0.00144382
1.31068 0.00144388
1.31069 0.00144394
1.3107 0.00144398
1.31076 0.00144403
1.3108 0.00144406
1.31082 0.00144409
1.31087 0.00144412
1.3109 0.00144415
1.31096 0.00144417
1.31099 0.00144419
1.31102 0.0014442
1.31106 0.00144422
1.31109 0.00144423
1.31113 0.00144424
1.31117 0.00144425
1.3112 0.00144426
1.31124 0.00144426
1.31126 0.00144427
1.31131 0.00144428
1.31135 0.00144428
1.31139 0.00144429
1.31141 0.00144429
1.31145 0.00144429
1.31147 0.0014443
1.3115 0.0014443
1.31152 0.0014443
1.31155 0.0014443
1.31157 0.0014443
1.31159 0.00144431
1.31162 0.00144431
1.31164 0.00144431
1.31167 0.00144431
1.31174 0.00144431
1.31179 0.00144431
1.31184 0.00144431
1.31185 0.00144431
1.31614 0.00144584
1.31618 0.00144718
1.3162 0.00144835
1.31621 0.00144938
1.31622 0.00145028
1.31623 0.00145106
1.31625 0.00145175
1.31626 0.00145235
1.31627 0.00145287
1.31628 0.00145334
1.31629 0.00145374
1.31631 0.00145409
1.31632 0.0014544
1.31633 0.00145467
1.31634 0.0014549
1.31636 0.00145511
1.31637 0.00145529
1.31638 0.00145545
1.31639 0.00145559
1.3164 0.00145571
1.31642 0.00145582
1.31643 0.00145591
1.31644 0.00145599
1.31645 0.00145606
1.31647 0.00145612
1.31648 0.00145618
1.31649 0.00145622
1.31655 0.00145627
1.31659 0.0014563
1.31661 0.00145633
1.31666 0.00145636
1.31669 0.00145639
1.31675 0.00145641
1.31678 0.00145643
1.31681 0.00145644
1.31685 0.00145646
1.31688 0.00145647
1.31692 0.00145648
1.31696 0.00145649
1.31699 0.0014565
1.31703 0.0014565
1.31705 0.00145651
1.3171 0.00145652
1.31714 0.00145652
1.31718 0.00145653
1.3172 0.00145653
1.31724 0.00145653
1.31726 0.00145654
1.31729 0.00145654
1.31731 0.00145654
1.31734 0.00145654
1.31736 0.00145655
1.31738 0.00145655
1.31741 0.00145655
1.31743 0.00145655
1.31746 0.00145655
1.31753 0.00145655
1.31759 0.00145655
1.31764 0.00145655
1.31765 0.00145655
1.32197 0.00145808
1.32202 0.00145942
1.32204 0.00146059
1.32205 0.00146162
1.32206 0.00146252
1.32207 0.0014633
1.32208 0.00146399
1.3221 0.00146459
1.32211 0.00146511
1.32212 0.00146557
1.32213 0.00146598
1.32215 0.00146633
1.32216 0.00146664
1.32217 0.00146691
1.32218 0.00146714
1.32219 0.00146735
1.32221 0.00146753
1.32222 0.00146769
1.32223 0.00146783
1.32224 0.00146795
1.32226 0.00146806
1.32227 0.00146815
1.32228 0.00146823
1.32229 0.0014683
1.3223 0.00146836
1.32232 0.00146842
1.32233 0.00146846
1.32239 0.00146851
1.32243 0.00146854
1.32245 0.00146857
1.3225 0.0014686
1.32252 0.00146863
1.32255 0.00147171
1.3226 0.00147287
1.32263 0.00147389
1.32266 0.00147479
1.3227 0.00147557
1.32273 0.00147625
1.32277 0.00147685
1.32281 0.00147737
1.32284 0.00147783
1.32288 0.00147823
1.3229 0.00147858
1.32295 0.00147889
1.32299 0.00147916
1.32303 0.00147939
1.32305 0.0014796
1.32309 0.00147978
1.32311 0.00147993
1.32314 0.00148007
1.32316 0.00148019
1.32319 0.0014803
1.32321 0.00148039
1.32323 0.00148047
1.32326 0.00148054
1.32328 0.0014806
1.32331 0.00148066
1.32338 0.0014807
1.32346 0.00148075
1.3235 0.00148078
1.32352 0.00148081
1.32353 0.00148084
1.32354 0.00148087
1.32355 0.00148089
1.32357 0.00148091
1.32358 0.00148092
1.32359 0.00148094
1.3236 0.00148095
1.32361 0.00148096
1.32363 0.00148097
1.32364 0.00148098
1.32365 0.00148098
1.32366 0.00148099
1.32368 0.001481
1.32369 0.001481
1.3237 0.00148101
1.32371 0.00148101
1.32372 0.00148101
1.32374 0.00148102
1.32375 0.00148102
1.32376 0.00148102
1.32377 0.00148102
1.32379 0.00148102
1.3238 0.00148103
1.32381 0.00148103
1.32387 0.00148103
1.32391 0.00148103
1.32393 0.00148103
1.32398 0.00148103
1.32401 0.00148103
1.32403 0.00148103
1.32771 0.00148256
1.32774 0.0014839
1.32776 0.00148507
1.32784 0.0014861
1.32791 0.001487
1.32796 0.00148778
1.32797 0.00148847
1.32798 0.00148907
1.328 0.0014896
1.32801 0.00149005
1.32802 0.00149046
1.32803 0.00149081
1.32805 0.00149112
1.32806 0.00149139
1.32807 0.00149162
1.32808 0.00149183
1.32809 0.00149201
1.32811 0.00149217
1.32812 0.00149231
1.32813 0.00149243
1.32814 0.00149253
1.32816 0.00149263
1.32817 0.00149271
1.32818 0.00149278
1.32819 0.00149284
1.3282 0.0014929
1.32822 0.00149294
1.32823 0.00149299
1.32824 0.00149302
1.32825 0.00149305
1.32827 0.00149308
1.32833 0.00149311
1.32836 0.00149313
1.32839 0.00149315
1.32844 0.00149316
1.32846 0.00149318
1.32849 0.00149319
1.32853 0.0014932
1.32857 0.00149321
1.3286 0.00149322
1.32863 0.00149322
1.32867 0.00149323
1.32871 0.00149324
1.32874 0.00149324
1.32878 0.00149325
1.32882 0.00149325
1.32884 0.00149325
1.32889 0.00149326
1.32893 0.00149326
1.32896 0.00149326
1.32899 0.00149326
1.32902 0.00149326
1.32905 0.00149327
1.32907 0.00149327
1.3291 0.00149327
1.32912 0.00149327
1.32915 0.00149327
1.32917 0.00149327
1.32921 0.00149327
1.32923 0.00149327
1.33354 0.0014948
1.33357 0.00149614
1.33359 0.00149731
1.33361 0.00149834
1.33364 0.00149924
1.33366 0.00150002
1.3337 0.00150071
1.33372 0.00150131
1.33375 0.00150183
1.33382 0.00150229
1.3339 0.0015027
1.33394 0.00150305
1.33396 0.00150336
1.33397 0.00150363
1.33398 0.00150386
1.33399 0.00150407
1.33401 0.00150425
1.33402 0.00150441
1.33403 0.00150455
1.33404 0.00150467
1.33405 0.00150477
1.33407 0.00150487
1.33408 0.00150495
1.33409 0.00150502
1.3341 0.00150508
1.33412 0.00150514
1.33413 0.00150518
1.33414 0.00150523
1.33415 0.00150526
1.33417 0.00150529
1.33418 0.00150532
1.33419 0.00150535
1.3342 0.00150537
1.33421 0.00150539
1.33423 0.0015054
1.33424 0.00150542
1.33425 0.00150543
1.33431 0.00150544
1.33435 0.00150545
1.33437 0.00150546
1.33442 0.00150547
1.33445 0.00150547
1.33447 0.00150548
1.33452 0.00150548
1.33456 0.00150549
1.33458 0.00150549
1.33462 0.00150549
1.33465 0.0015055
1.33469 0.0015055
1.33473 0.0015055
1.33476 0.0015055
1.3348 0.0015055
1.33483 0.00150551
1.33487 0.00150551
1.33491 0.00150551
1.33495 0.00150551
1.33497 0.00150551
1.33501 0.00150551
1.33505 0.00150551
1.33507 0.00150551
1.33935 0.00150704
1.3394 0.00150838
1.33944 0.00150955
1.33948 0.00151058
1.3395 0.00151148
1.33954 0.00151226
1.33958 0.00151295
1.3396 0.00151355
1.33962 0.00151407
1.33965 0.00151454
1.33967 0.00151494
1.3397 0.00151529
1.33973 0.0015156
1.33976 0.00151587
1.33978 0.0015161
1.33986 0.00151631
1.33993 0.00151649
1.33998 0.00151665
1.33999 0.00151679
1.34 0.00151691
1.34002 0.00151702
1.34003 0.00151711
1.34004 0.00151719
1.34005 0.00151726
1.34006 0.00151732
1.34008 0.00151738
1.34009 0.00151742
1.3401 0.00151747
1.34011 0.0015175
1.34013 0.00151753
1.34014 0.00151756
1.34015 0.00151759
1.34016 0.00151761
1.34017 0.00151763
1.34019 0.00151764
1.3402 0.00151766
1.34021 0.00151767
1.34022 0.00151768
1.34024 0.00151769
1.34025 0.0015177
1.34026 0.00151771
1.34027 0.00151771
1.34029 0.00151772
1.34035 0.00151772
1.34038 0.00151773
1.34041 0.00151773
1.34046 0.00151773
1.34048 0.00151774
1.34051 0.00151774
1.34055 0.00151774
1.34059 0.00151774
1.34062 0.00151775
1.34065 0.00151775
1.34069 0.00151775
1.34073 0.00151775
1.34076 0.00151775
1.3408 0.00151775
1.34084 0.00151775
1.34087 0.00151775
1.34092 0.00151775
1.34518 0.00151928
1.34522 0.00152062
1.34525 0.00152179
1.34529 0.00152282
1.34533 0.00152372
1.34536 0.0015245
1.3454 0.00152519
1.34544 0.00152579
1.34549 0.00152631
1.34552 0.00152677
1.34556 0.00152718
1.34558 0.00152753
1.34562 0.00152784
1.34566 0.00152811
1.34568 0.00152834
1.34571 0.00152855
1.34573 0.00152873
1.34576 0.00152889
1.34578 0.00152903
1.34582 0.00152915
1.34584 0.00152925
1.34587 0.00152935
1.34594 0.00152943
1.34601 0.0015295
1.34606 0.00152956
1.34607 0.00152962
1.34609 0.00152966
1.3461 0.00152971
1.34611 0.00152974
1.34612 0.00152977
1.34614 0.0015298
1.34615 0.00152983
1.34616 0.00152985
1.34617 0.00152987
1.34618 0.00152988
1.3462 0.0015299
1.34621 0.00152991
1.34622 0.00152992
1.34623 0.00152993
1.34625 0.00152994
1.34626 0.00152995
1.34627 0.00152995
1.34628 0.00152996
1.34629 0.00152996
1.34631 0.00152997
1.34632 0.00152997
1.34633 0.00152997
1.34634 0.00152998
1.34636 0.00152998
1.34637 0.00152998
1.34643 0.00152998
1.34647 0.00152998
1.34649 0.00152999
1.34654 0.00152999
1.34656 0.00152999
1.34659 0.00152999
1.34664 0.00152999
1.34667 0.00152999
1.34671 0.00152999
1.34675 0.00152999
1.35107 0.00153152
1.35109 0.00153286
1.35114 0.00153403
1.35117 0.00153506
1.35119 0.00153596
1.35124 0.00153674
1.35128 0.00153743
1.35131 0.00153803
1.35135 0.00153856
1.35139 0.00153901
1.35142 0.00153942
1.35146 0.00153977
1.3515 0.00154008
1.35153 0.00154035
1.35157 0.00154058
1.35162 0.00154079
1.35166 0.00154097
1.35169 0.00154113
1.35172 0.00154127
1.35175 0.00154139
1.35179 0.00154149
1.35182 0.00154159
1.35184 0.00154167
1.35186 0.00154174
1.35189 0.0015418
1.35191 0.00154186
1.35195 0.0015419
1.35197 0.00154195
1.352 0.00154198
1.35207 0.00154201
1.35215 0.00154204
1.35219 0.00154207
1.35221 0.00154209
1.35222 0.00154211
1.35223 0.00154212
1.35224 0.00154214
1.35226 0.00154215
1.35227 0.00154216
1.35228 0.00154217
1.35229 0.00154218
1.3523 0.00154218
1.35232 0.00154219
1.35233 0.0015422
1.35234 0.0015422
1.35235 0.00154221
1.35237 0.00154221
1.35238 0.00154221
1.35239 0.00154222
1.3524 0.00154222
1.35241 0.00154222
1.35243 0.00154222
1.35244 0.00154222
1.35245 0.00154223
1.35246 0.00154223
1.35248 0.00154223
1.35249 0.00154223
1.3525 0.00154223
1.35256 0.00154223
1.35261 0.00154223
1.35264 0.00154223
1.35685 0.00154376
1.35686 0.0015451
1.35687 0.00154627
1.35688 0.0015473
1.35689 0.0015482
1.35691 0.00154898
1.35692 0.00154967
1.35693 0.00155027
1.35694 0.00155079
1.35696 0.00155126
1.35697 0.00155166
1.35698 0.00155201
1.35699 0.00155232
1.357 0.00155259
1.35702 0.00155282
1.35703 0.00155303
1.35704 0.00155321
1.35705 0.00155337
1.35707 0.00155351
1.35708 0.00155363
1.35709 0.00155374
1.3571 0.00155383
1.35712 0.00155391
1.35713 0.00155398
1.35714 0.00155404
1.3572 0.0015541
1.35725 0.00155414
1.35727 0.00155419
1.35732 0.00155422
1.35735 0.00155425
1.35737 0.00155428
1.35742 0.00155431
1.35746 0.00155433
1.35749 0.00155435
1.35753 0.00155436
1.35757 0.00155438
1.3576 0.00155439
1.35764 0.0015544
1.35768 0.00155441
1.35771 0.00155442
1.35775 0.00155442
1.3578 0.00155443
1.35784 0.00155444
1.35787 0.00155444
1.3579 0.00155445
1.35794 0.00155445
1.35797 0.00155445
1.358 0.00155446
1.35802 0.00155446
1.35805 0.00155446
1.35807 0.00155446
1.35809 0.00155447
1.35813 0.00155447
1.35816 0.00155447
1.35818 0.00155447
1.35825 0.00155447
1.35833 0.00155447
1.35838 0.00155447
1.3584 0.00155447
1.35841 0.00155447
1.36267 0.001556
1.3627 0.00155734
1.36272 0.00155851
1.36275 0.00155954
1.36277 0.00156044
1.36281 0.00156122
1.36283 0.00156191
1.36286 0.00156251
1.36293 0.00156303
1.363 0.0015635
1.36305 0.0015639
1.36308 0.00156425
1.36309 0.00156456
1.3631 0.00156483
1.36311 0.00156506
1.36312 0.00156527
1.36314 0.00156545
1.36315 0.00156561
1.36316 0.00156575
1.36317 0.00156587
1.36319 0.00156598
1.3632 0.00156607
1.36321 0.00156615
1.36322 0.00156622
1.36324 0.00156628
1.36325 0.00156634
1.36326 0.00156638
1.36327 0.00156643
1.36328 0.00156646
1.3633 0.00156649
1.36331 0.00156652
1.36332 0.00156655
1.36333 0.00156657
1.36335 0.00156659
1.36336 0.0015666
1.36337 0.00156662
1.36343 0.00156663
1.36348 0.00156664
1.3635 0.00156665
1.36355 0.00156666
1.36358 0.00156667
1.3636 0.00156667
1.36365 0.00156668
1.36369 0.00156668
1.36372 0.00156669
1.36376 0.00156669
1.3638 0.00156669
1.36383 0.0015667
1.36387 0.0015667
1.36391 0.0015667
1.36394 0.0015667
1.36398 0.00156671
1.36403 0.00156671
1.36407 0.00156671
1.3641 0.00156671
1.36413 0.00156671
1.36417 0.00156671
1.3642 0.00156671
1.36424 0.00156671
1.36426 0.00156671
1.36855 0.00156824
1.36858 0.00156958
1.36862 0.00157075
1.36866 0.00157178
1.36869 0.00157268
1.36874 0.00157346
1.36878 0.00157415
1.36882 0.00157475
1.36884 0.00157527
1.36888 0.00157573
1.36891 0.00157614
1.36895 0.00157649
1.36898 0.0015768
1.369 0.00157707
1.36902 0.0015773
1.36905 0.00157751
1.36909 0.00157769
1.36911 0.00157785
1.36913 0.00157799
1.36921 0.00157811
1.36928 0.00157821
1.36933 0.00157831
1.36936 0.00157839
1.36937 0.00157846
1.36938 0.00157852
1.36939 0.00157858
1.3694 0.00157862
1.36942 0.00157867
1.36943 0.0015787
1.36944 0.00157873
1.36945 0.00157876
1.36947 0.00157879
1.36948 0.00157881
1.36949 0.00157883
1.3695 0.00157884
1.36951 0.00157886
1.36953 0.00157887
1.36954 0.00157888
1.36955 0.00157889
1.36956 0.0015789
1.36958 0.00157891
1.36959 0.00157891
1.3696 0.00157892
1.36961 0.00157892
1.36962 0.00157893
1.36964 0.00157893
1.36965 0.00157893
1.36971 0.00157894
1.36976 0.00157894
1.36978 0.00157894
1.36983 0.00157894
1.36986 0.00157895
1.36988 0.00157895
1.36993 0.00157895
1.36997 0.00157895
1.37 0.00157895
1.37004 0.00157895
1.37008 0.00157895
1.37013 0.00157895
1.37016 0.00157895
1.37451 0.00158048
1.37453 0.00158182
1.37458 0.00158299
1.37461 0.00158402
1.37463 0.00158492
1.37468 0.0015857
1.37472 0.00158639
1.37475 0.00158699
1.37479 0.00158751
1.37483 0.00158797
1.37488 0.00158838
1.37491 0.00158873
1.37495 0.00158904
1.37499 0.00158931
1.37502 0.00158954
1.37507 0.00158975
1.37511 0.00158993
1.37514 0.00159009
1.37517 0.00159023
1.37521 0.00159035
1.37524 0.00159045
1.37528 0.00159055
1.3753 0.00159063
1.37533 0.0015907
1.37535 0.00159076
1.37538 0.00159082
1.37541 0.00159086
1.37544 0.00159091
1.37546 0.00159094
1.37554 0.00159097
1.37561 0.001591
1.37566 0.00159103
1.37568 0.00159105
1.3757 0.00159107
1.37571 0.00159108
1.37572 0.0015911
1.37573 0.00159111
1.37574 0.00159112
1.37576 0.00159113
1.37577 0.00159114
1.37578 0.00159114
1.37579 0.00159115
1.37581 0.00159116
1.37582 0.00159116
1.37583 0.00159117
1.37584 0.00159117
1.37585 0.00159117
1.37587 0.00159118
1.37588 0.00159118
1.37589 0.00159118
1.3759 0.00159118
1.37592 0.00159118
1.37593 0.00159119
1.37594 0.00159119
1.37595 0.00159119
1.37596 0.00159119
1.37598 0.00159119
1.37604 0.00159119
1.3761 0.00159119
1.37612 0.00159119
1.38025 0.00159272
1.38032 0.00159406
1.3804 0.00159523
1.38044 0.00159626
1.38047 0.00159716
1.38048 0.00159794
1.38049 0.00159863
1.38051 0.00159923
1.38052 0.00159976
1.38053 0.00160021
1.38054 0.00160062
1.38055 0.00160097
1.38057 0.00160128
1.38058 0.00160155
1.38059 0.00160178
1.3806 0.00160199
1.38062 0.00160217
1.38063 0.00160233
1.38064 0.00160247
1.38065 0.00160259
1.38066 0.00160269
1.38068 0.00160279
1.38069 0.00160287
1.3807 0.00160294
1.38071 0.001603
1.38073 0.00160306
1.38074 0.0016031
1.38075 0.00160315
1.38076 0.00160318
1.38082 0.00160321
1.38089 0.00160324
1.38091 0.00160327
1.38096 0.00160329
1.38098 0.00160331
1.38101 0.00160332
1.38106 0.00160334
1.38109 0.00160335
1.38113 0.00160336
1.38117 0.00160337
1.3812 0.00160338
1.38125 0.00160338
1.38129 0.00160339
1.38133 0.0016034
1.38136 0.0016034
1.3814 0.00160341
1.38145 0.00160341
1.38148 0.00160341
1.38152 0.00160342
1.38155 0.00160342
1.38158 0.00160342
1.38162 0.00160342
1.38166 0.00160342
1.38168 0.00160343
1.38171 0.00160343
1.38173 0.00160343
1.38175 0.00160343
1.38179 0.00160343
1.38182 0.00160343
1.38185 0.00160343
1.38193 0.00160343
1.38516 0.00160649
1.38522 0.00160764
1.38527 0.00160864
1.38529 0.00160952
1.3853 0.00161029
1.38532 0.00161097
1.38533 0.00161155
1.38534 0.00161207
1.38535 0.00161252
1.38536 0.00161291
1.38538 0.00161326
1.38539 0.00161356
1.3854 0.00161383
1.38541 0.00161406
1.38543 0.00161426
1.38544 0.00161444
1.38545 0.00161459
1.38546 0.00161473
1.38548 0.00161485
1.38549 0.00161495
1.3855 0.00161504
1.38551 0.00161512
1.38552 0.00161519
1.38554 0.00161525
1.38555 0.0016153
1.38556 0.00161535
1.38557 0.00161539
1.38559 0.00161543
1.38565 0.00161546
1.38571 0.00161549
1.38573 0.00161551
1.38578 0.00161553
1.38581 0.00161555
1.38583 0.00161557
1.38588 0.00161558
1.38592 0.00161559
1.38595 0.0016156
1.38599 0.00161561
1.38603 0.00161562
1.38607 0.00161563
1.38612 0.00161716
1.38616 0.00161851
1.3862 0.00161968
1.38623 0.00162071
1.38628 0.00162161
1.38632 0.0016224
1.38636 0.00162309
1.38638 0.00162369
1.38642 0.00162422
1.38645 0.00162468
1.38649 0.00162509
1.38652 0.00162544
1.38654 0.00162575
1.38656 0.00162602
1.38659 0.00162626
1.38663 0.00162646
1.38665 0.00162665
1.38669 0.00162681
1.38676 0.00162694
1.38678 0.00162707
1.38685 0.00162717
1.38689 0.00162726
1.38692 0.00162735
1.38693 0.00162742
1.38694 0.00162748
1.38696 0.00162753
1.38697 0.00162758
1.38698 0.00162762
1.38699 0.00162766
1.38701 0.00162769
1.38702 0.00162772
1.38703 0.00162774
1.38704 0.00162777
1.38705 0.00162779
1.38707 0.0016278
1.38708 0.00162781
1.38709 0.00162783
1.3871 0.00162784
1.38712 0.00162785
1.38713 0.00162786
1.38714 0.00162786
1.38715 0.00162787
1.38716 0.00162788
1.38718 0.00162788
1.38719 0.00162789
1.3872 0.00162789
1.38721 0.00162789
1.38727 0.0016279
1.38734 0.0016279
1.38736 0.0016279
1.38741 0.0016279
1.38743 0.00162791
1.38746 0.00162791
1.38751 0.00162791
1.38754 0.00162791
1.38758 0.00162791
1.38762 0.00162791
1.38765 0.00162791
1.3877 0.00162791
1.38775 0.00162791
1.39223 0.00162944
1.39226 0.00163078
1.39231 0.00163195
1.39233 0.00163298
1.39235 0.00163388
1.3924 0.00163466
1.39244 0.00163535
1.39248 0.00163595
1.39251 0.00163648
1.39255 0.00163693
1.3926 0.00163734
1.39265 0.00163769
1.39268 0.001638
1.39272 0.00163827
1.39276 0.0016385
1.39281 0.00163871
1.39284 0.00163889
1.39288 0.00163905
1.3929 0.00163919
1.39294 0.00163931
1.39298 0.00163941
1.39301 0.00163951
1.39304 0.00163959
1.39306 0.00163966
1.39309 0.00163972
1.39311 0.00163978
1.39315 0.00163982
1.39317 0.00163987
1.39321 0.0016399
1.39328 0.00163993
1.39331 0.00163996
1.39337 0.00163999
1.39342 0.00164001
1.39344 0.00164003
1.39346 0.00164004
1.39347 0.00164006
1.39348 0.00164007
1.39349 0.00164008
1.3935 0.00164009
1.39352 0.0016401
1.39353 0.0016401
1.39354 0.00164011
1.39355 0.00164012
1.39357 0.00164012
1.39358 0.00164013
1.39359 0.00164013
1.3936 0.00164013
1.39361 0.00164014
1.39363 0.00164014
1.39364 0.00164014
1.39365 0.00164014
1.39366 0.00164014
1.39368 0.00164015
1.39369 0.00164015
1.3937 0.00164015
1.39371 0.00164015
1.39372 0.00164015
1.39374 0.00164015
1.3938 0.00164015
1.39387 0.00164015
1.39725 0.00164321
1.39726 0.00164436
1.39729 0.00164536
1.39734 0.00164624
1.39737 0.00164701
1.39741 0.00164769
1.39745 0.00164828
1.39748 0.00164879
1.39753 0.00164924
1.39758 0.00164963
1.39762 0.00164998
1.39765 0.00165028
1.39769 0.00165055
1.39774 0.00165078
1.39778 0.00165098
1.39781 0.00165116
1.39784 0.00165131
1.39789 0.00165298
1.39792 0.00165443
1.39796 0.00165571
1.39798 0.00165683
1.39801 0.0016578
1.39803 0.00165865
1.39806 0.0016594
1.39809 0.00166006
1.39812 0.00166063
1.39816 0.00166113
1.39823 0.00166157
1.39825 0.00166195
1.39831 0.00166229
1.39836 0.00166258
1.39839 0.00166284
1.3984 0.00166306
1.39841 0.00166326
1.39843 0.00166343
1.39844 0.00166358
1.39845 0.00166372
1.39846 0.00166383
1.39847 0.00166393
1.39849 0.00166402
1.3985 0.0016641
1.39851 0.00166416
1.39852 0.00166422
1.39854 0.00166427
1.39855 0.00166432
1.39856 0.00166436
1.39857 0.00166439
1.39858 0.00166442
1.3986 0.00166445
1.39861 0.00166447
1.39862 0.00166449
1.39863 0.00166451
1.39865 0.00166453
1.39866 0.00166454
1.39867 0.00166455
1.39868 0.00166456
1.39874 0.00166457
1.39882 0.00166458
1.39884 0.00166459
1.39889 0.00166459
1.39891 0.0016646
1.39893 0.0016646
1.39895 0.00166461
1.399 0.00166461
1.39904 0.00166461
1.39907 0.00166462
1.39911 0.00166462
1.39915 0.00166462
1.3992 0.00166462
1.39925 0.00166463
1.39928 0.00166463
1.39932 0.00166463
1.39936 0.00166463
1.3994 0.00166463
1.39944 0.00166463
1.39948 0.00166463
1.3995 0.00166463
1.40382 0.00166616
1.40385 0.0016675
1.4039 0.00166867
1.40392 0.0016697
1.40393 0.0016706
1.40396 0.00167138
1.40401 0.00167207
1.40404 0.00167267
1.40408 0.00167319
1.40412 0.00167366
1.40415 0.00167406
1.4042 0.00167441
1.40425 0.00167472
1.40429 0.00167499
1.40432 0.00167522
1.40436 0.00167543
1.40441 0.00167561
1.40445 0.00167577
1.40448 0.00167591
1.40451 0.00167603
1.40456 0.00167614
1.40459 0.00167623
1.40463 0.00167631
1.40466 0.00167638
1.40468 0.00167644
1.4047 0.0016765
1.40473 0.00167654
1.40477 0.00167659
1.40479 0.00167662
1.40483 0.00167665
1.4049 0.00167668
1.40492 0.00167671
1.40499 0.00167673
1.40503 0.00167675
1.40506 0.00167676
1.40507 0.00167678
1.40508 0.00167679
1.4051 0.0016768
1.40511 0.00167681
1.40512 0.00167682
1.40513 0.00167682
1.40514 0.00167683
1.40516 0.00167684
1.40517 0.00167684
1.40518 0.00167685
1.40519 0.00167685
1.40521 0.00167685
1.40522 0.00167686
1.40523 0.00167686
1.40524 0.00167686
1.40525 0.00167686
1.40527 0.00167687
1.40528 0.00167687
1.40529 0.00167687
1.4053 0.00167687
1.40532 0.00167687
1.40533 0.00167687
1.40534 0.00167687
1.40535 0.00167687
1.40541 0.00167687
1.40967 0.0016784
1.4097 0.00167974
1.40972 0.00168091
1.40975 0.00168194
1.40977 0.00168284
1.40981 0.00168362
1.40983 0.00168431
1.40987 0.00168491
1.40994 0.00168543
1.40997 0.00168589
1.41003 0.0016863
1.41008 0.00168665
1.4101 0.00168696
1.41011 0.00168723
1.41013 0.00168746
1.41014 0.00168767
1.41015 0.00168785
1.41016 0.00168801
1.41018 0.00168815
1.41019 0.00168827
1.4102 0.00168837
1.41021 0.00168847
1.41022 0.00168855
1.41024 0.00168862
1.41025 0.00168868
1.41026 0.00168874
1.41027 0.00168878
1.41029 0.00168883
1.4103 0.00168886
1.41031 0.00168889
1.41032 0.00168892
1.41033 0.00168895
1.41035 0.00168897
1.41036 0.00168899
1.41037 0.001689
1.41038 0.00168902
1.4104 0.00168903
1.41046 0.00168904
1.41054 0.00168905
1.41057 0.00168906
1.41062 0.00168907
1.41064 0.00168907
1.41065 0.00168908
1.41068 0.00168908
1.41073 0.00168909
1.41076 0.00168909
1.4108 0.00168909
1.41084 0.0016891
1.41087 0.0016891
1.41092 0.0016891
1.41097 0.0016891
1.41101 0.0016891
1.41104 0.00168911
1.41108 0.00168911
1.41113 0.00168911
1.41117 0.00168911
1.4112 0.00168911
1.41123 0.00168911
1.41128 0.00168911
1.41131 0.00168911
1.41562 0.00169064
1.41565 0.00169198
1.4157 0.00169315
1.41572 0.00169418
1.41573 0.00169508
1.41576 0.00169586
1.41581 0.00169655
1.41584 0.00169715
1.41588 0.00169768
1.41592 0.00169813
1.41595 0.00169854
1.416 0.00169889
1.41605 0.0016992
1.41609 0.00169947
1.41612 0.0016997
1.41616 0.00169991
1.41621 0.00170009
1.41625 0.00170025
1.41628 0.00170039
1.41631 0.00170051
1.41636 0.00170061
1.41639 0.00170071
1.41644 0.00170079
1.41647 0.00170086
1.41649 0.00170092
1.41652 0.00170098
1.41654 0.00170102
1.41658 0.00170107
1.4166 0.0017011
1.41664 0.00170113
1.41671 0.00170116
1.41674 0.00170119
1.4168 0.00170121
1.41685 0.00170123
1.41687 0.00170124
1.41688 0.00170126
1.4169 0.00170127
1.41691 0.00170128
1.41692 0.00170129
1.41693 0.0017013
1.41694 0.0017013
1.41696 0.00170131
1.41697 0.00170132
1.41698 0.00170132
1.41699 0.00170133
1.41701 0.00170133
1.41702 0.00170133
1.41703 0.00170134
1.41704 0.00170134
1.41705 0.00170134
1.41707 0.00170134
1.41708 0.00170134
1.41709 0.00170135
1.4171 0.00170135
1.41712 0.00170135
1.41713 0.00170135
1.41714 0.00170135
1.41715 0.00170135
1.41716 0.00170135
1.41723 0.00170135
1.42147 0.00170288
1.42151 0.00170422
1.42156 0.00170539
1.42158 0.00170642
1.42161 0.00170732
1.42163 0.0017081
1.42166 0.00170879
1.42169 0.00170939
1.42172 0.00170992
1.42175 0.00171038
1.42183 0.00171078
1.42185 0.00171113
1.42191 0.00171144
1.42196 0.00171171
1.42199 0.00171194
1.422 0.00171215
1.42201 0.00171233
1.42202 0.00171249
1.42204 0.00171263
1.42205 0.00171275
1.42206 0.00171286
1.42207 0.00171295
1.42208 0.00171303
1.4221 0.0017131
1.42211 0.00171316
1.42212 0.00171322
1.42213 0.00171326
1.42215 0.00171331
1.42216 0.00171334
1.42217 0.00171337
1.42218 0.0017134
1.4222 0.00171343
1.42221 0.00171345
1.42222 0.00171347
1.42223 0.00171348
1.42224 0.0017135
1.42226 0.00171351
1.42227 0.00171352
1.42228 0.00171353
1.42234 0.00171354
1.42244 0.00171354
1.42246 0.00171355
1.42251 0.00171356
1.42254 0.00171356
1.42255 0.00171357
1.42257 0.00171357
1.42262 0.00171357
1.42266 0.00171358
1.4227 0.00171358
1.42273 0.00171358
1.42277 0.00171358
1.42282 0.00171359
1.42287 0.00171359
1.42291 0.00171359
1.42294 0.00171359
1.42298 0.00171359
1.42303 0.00171359
1.42306 0.00171359
1.4231 0.00171359
1.42313 0.00171359
1.42759 0.00171512
1.42762 0.00171646
1.42767 0.00171763
1.42769 0.00171866
1.4277 0.00171956
1.42773 0.00172034
1.42778 0.00172103
1.42781 0.00172163
1.42785 0.00172215
1.42789 0.00172262
1.42792 0.00172302
1.42797 0.00172337
1.42802 0.00172368
1.42806 0.00172395
1.42809 0.00172418
1.42813 0.00172439
1.42818 0.00172457
1.42822 0.00172473
1.42825 0.00172487
1.42828 0.00172499
1.42834 0.00172509
1.42838 0.00172519
1.42843 0.00172527
1.42845 0.00172534
1.42847 0.0017254
1.4285 0.00172546
1.42852 0.0017255
1.42856 0.00172555
1.42858 0.00172558
1.42862 0.00172561
1.42869 0.00172564
1.42872 0.00172567
1.42878 0.00172569
1.42883 0.00172571
1.42885 0.00172572
1.42887 0.00172574
1.42888 0.00172575
1.42889 0.00172576
1.4289 0.00172577
1.42891 0.00172578
1.42893 0.00172579
1.42894 0.00172579
1.42895 0.0017258
1.42896 0.0017258
1.42898 0.00172581
1.42899 0.00172581
1.429 0.00172581
1.42901 0.00172582
1.42903 0.00172582
1.42904 0.00172582
1.42905 0.00172582
1.42906 0.00172582
1.42907 0.00172583
1.42909 0.00172583
1.4291 0.00172583
1.42911 0.00172583
1.42912 0.00172583
1.42914 0.00172583
1.42915 0.00172583
1.42921 0.00172583
1.43328 0.00172736
1.43332 0.0017287
1.43337 0.00172987
1.43341 0.0017309
1.43344 0.0017318
1.43347 0.00173258
1.43353 0.00173327
1.43357 0.00173387
1.43362 0.00173439
1.43364 0.00173485
1.43366 0.00173526
1.43369 0.00173561
1.43371 0.00173592
1.43375 0.00173619
1.43377 0.00173642
1.43381 0.00173663
1.43388 0.00173681
1.43391 0.00173697
1.43397 0.00173711
1.43402 0.00173723
1.43404 0.00173734
1.43406 0.00173743
1.43407 0.00173751
1.43408 0.00173758
1.43409 0.00173764
1.4341 0.0017377
1.43412 0.00173774
1.43413 0.00173779
1.43414 0.00173782
1.43415 0.00173785
1.43417 0.00173788
1.43418 0.00173791
1.43419 0.00173793
1.4342 0.00173795
1.43421 0.00173796
1.43423 0.00173798
1.43424 0.00173799
1.43425 0.001738
1.43426 0.00173801
1.43428 0.00173802
1.43429 0.00173803
1.4343 0.00173803
1.43431 0.00173804
1.43432 0.00173804
1.43434 0.00173805
1.4344 0.00173805
1.43451 0.00173805
1.43453 0.00173806
1.43458 0.00173806
1.43461 0.00173806
1.43462 0.00173806
1.43464 0.00173807
1.43469 0.00173807
1.43473 0.00173807
1.43477 0.00173807
1.4348 0.00173807
1.43484 0.00173807
1.43489 0.00173807
1.43494 0.00173807
1.43497 0.00173807
1.43925 0.0017396
1.43927 0.00174094
1.43928 0.00174211
1.43929 0.00174314
1.43931 0.00174404
1.43932 0.00174482
1.43933 0.00174551
1.43934 0.00174611
1.43936 0.00174663
1.43937 0.00174709
1.43938 0.0017475
1.43939 0.00174785
1.4394 0.00174816
1.43942 0.00174843
1.43943 0.00174866
1.43944 0.00174887
1.43945 0.00174905
1.43947 0.00174921
1.43948 0.00174935
1.43949 0.00174947
1.4395 0.00174957
1.43951 0.00174967
1.43953 0.00174975
1.43954 0.00174982
1.43955 0.00174988
1.43956 0.00174994
1.43962 0.00174998
1.43974 0.00175003
1.43976 0.00175006
1.43981 0.00175009
1.43983 0.00175012
1.43985 0.00175015
1.43987 0.00175017
1.43992 0.00175019
1.43996 0.0017502
1.43999 0.00175022
1.44003 0.00175023
1.44007 0.00175024
1.44011 0.00175025
1.44016 0.00175026
1.4402 0.00175026
1.44025 0.00175027
1.44029 0.00175028
1.44033 0.00175028
1.44037 0.00175029
1.44041 0.00175029
1.44043 0.00175029
1.44049 0.0017503
1.44053 0.0017503
1.44058 0.0017503
1.4406 0.0017503
1.44063 0.0017503
1.44065 0.00175031
1.44068 0.00175031
1.44071 0.00175031
1.44074 0.00175031
1.44078 0.00175031
1.44085 0.00175031
1.44087 0.00175031
1.44093 0.00175031
1.4451 0.00175184
1.44511 0.00175318
1.44513 0.00175435
1.44518 0.00175538
1.44522 0.00175628
1.44526 0.00175706
1.44529 0.00175775
1.44533 0.00175835
1.44538 0.00175888
1.44543 0.00175933
1.44546 0.00175974
1.44551 0.00176009
1.44555 0.0017604
1.4456 0.00176067
1.44563 0.0017609
1.44567 0.00176111
1.4457 0.00176129
1.44576 0.00176145
1.44579 0.00176159
1.44584 0.00176171
1.44587 0.00176181
1.44589 0.00176191
1.44592 0.00176199
1.44594 0.00176206
1.44598 0.00176212
1.446 0.00176218
1.44604 0.00176222
1.44611 0.00176227
1.44614 0.0017623
1.4462 0.00176233
1.44626 0.00176236
1.44628 0.00176239
1.4463 0.00176241
1.44631 0.00176243
1.44632 0.00176244
1.44633 0.00176246
1.44634 0.00176247
1.44636 0.00176248
1.44637 0.00176249
1.44638 0.0017625
1.44639 0.0017625
1.44641 0.00176251
1.44642 0.00176252
1.44643 0.00176252
1.44644 0.00176253
1.44645 0.00176253
1.44647 0.00176253
1.44648 0.00176254
1.44649 0.00176254
1.4465 0.00176254
1.44652 0.00176254
1.44653 0.00176254
1.44654 0.00176255
1.44655 0.00176255
1.44656 0.00176255
1.44658 0.00176255
1.44664 0.00176255
1.44675 0.00176255
1.44677 0.00176255
1.44682 0.00176255
1.45109 0.00176408
1.45114 0.00176542
1.45117 0.00176659
1.45119 0.00176762
1.45122 0.00176852
1.45124 0.0017693
1.45128 0.00176999
1.4513 0.00177059
1.45134 0.00177111
1.45141 0.00177158
1.45144 0.00177198
1.4515 0.00177233
1.45156 0.00177264
1.45158 0.00177291
1.4516 0.00177314
1.45161 0.00177335
1.45162 0.00177353
1.45163 0.00177369
1.45164 0.00177383
1.45166 0.00177395
1.45167 0.00177406
1.45168 0.00177415
1.45169 0.00177423
1.45171 0.0017743
1.45172 0.00177436
1.45173 0.00177442
1.45174 0.00177446
1.45175 0.00177451
1.45177 0.00177454
1.45178 0.00177457
1.45179 0.0017746
1.4518 0.00177463
1.45182 0.00177465
1.45183 0.00177467
1.45184 0.00177468
1.45185 0.0017747
1.45186 0.00177471
1.45188 0.00177472
1.45194 0.00177473
1.45205 0.00177474
1.45207 0.00177474
1.45212 0.00177475
1.45216 0.00177476
1.45217 0.00177476
1.4522 0.00177477
1.45224 0.00177477
1.45228 0.00177477
1.45232 0.00177478
1.45235 0.00177478
1.45239 0.00177478
1.45244 0.00177478
1.45249 0.00177479
1.45253 0.00177479
1.45257 0.00177479
1.45261 0.00177479
1.45266 0.00177479
1.4527 0.00177479
1.45273 0.00177479
1.45276 0.00177479
1.45282 0.00177479
1.45739 0.00177632
1.45741 0.00177766
1.45746 0.00177883
1.4575 0.00177986
1.45751 0.00178076
1.45753 0.00178154
1.45758 0.00178223
1.45762 0.00178283
1.45765 0.00178335
1.45769 0.00178382
1.45773 0.00178422
1.45778 0.00178457
1.45783 0.00178488
1.45786 0.00178515
1.45791 0.00178538
1.45795 0.00178559
1.458 0.00178577
1.45803 0.00178593
1.45807 0.00178607
1.4581 0.00178619
1.45816 0.0017863
1.45821 0.00178639
1.45825 0.00178647
1.45828 0.00178654
1.4583 0.0017866
1.45833 0.00178666
1.45835 0.0017867
1.45839 0.00178675
1.45841 0.00178678
1.45845 0.00178681
1.45852 0.00178684
1.45855 0.00178687
1.45861 0.00178689
1.45867 0.00178691
1.45869 0.00178692
1.45871 0.00178694
1.45872 0.00178695
1.45873 0.00178696
1.45874 0.00178697
1.45876 0.00178698
1.45877 0.00178699
1.45878 0.00178699
1.45879 0.001787
1.4588 0.001787
1.45882 0.00178701
1.45883 0.00178701
1.45884 0.00178701
1.45885 0.00178702
1.45887 0.00178702
1.45888 0.00178702
1.45889 0.00178702
1.4589 0.00178703
1.45892 0.00178703
1.45893 0.00178703
1.45894 0.00178703
1.45895 0.00178703
1.45896 0.00178703
1.45898 0.00178703
1.45899 0.00178703
1.45905 0.00178703
1.46295 0.00178856
1.46299 0.0017899
1.46303 0.00179107
1.46306 0.0017921
1.4631 0.001793
1.46315 0.00179378
1.4632 0.00179447
1.46324 0.00179507
1.46328 0.0017956
1.46332 0.00179605
1.46337 0.00179646
1.46341 0.00179681
1.46344 0.00179712
1.46347 0.00179739
1.46353 0.00179762
1.46358 0.00179783
1.46363 0.00179801
1.46365 0.00179817
1.46368 0.00179831
1.4637 0.00179843
1.46373 0.00179853
1.46376 0.00179863
1.46379 0.00179871
1.46382 0.00179878
1.4639 0.00179884
1.46392 0.0017989
1.46398 0.00179894
1.46404 0.00179899
1.46407 0.00179902
1.46408 0.00179905
1.46409 0.00179908
1.4641 0.00179911
1.46412 0.00179913
1.46413 0.00179915
1.46414 0.00179916
1.46415 0.00179918
1.46417 0.00179919
1.46418 0.0017992
1.46419 0.00179921
1.4642 0.00179922
1.46422 0.00179922
1.46423 0.00179923
1.46424 0.00179924
1.46425 0.00179924
1.46426 0.00179925
1.46428 0.00179925
1.46429 0.00179925
1.4643 0.00179926
1.46431 0.00179926
1.46433 0.00179926
1.46434 0.00179926
1.46435 0.00179926
1.46436 0.00179927
1.46442 0.00179927
1.46455 0.00179927
1.46457 0.00179927
1.46462 0.00179927
1.46466 0.00179927
1.46467 0.00179927
1.46469 0.00179927
1.47069 0.00179468
1.47073 0.00178914
1.47076 0.00178275
1.47079 0.00177717
1.47081 0.00177228
1.47082 0.00176648
1.47085 0.0017614
1.47087 0.00175542
1.4709 0.00175019
1.47092 0.00174409
1.47098 0.00173722
1.471 0.00172967
1.47104 0.00172154
1.47109 0.0017129
1.47111 0.00170381
1.47112 0.00169585
1.47113 0.00168889
1.47114 0.0016828
1.47116 0.00167747
1.47117 0.0016728
1.47118 0.00166872
1.47119 0.00166515
1.4712 0.00166203
1.47122 0.00165929
1.47123 0.0016569
1.47124 0.00165481
1.47125 0.00165298
1.47127 0.00165137
1.47128 0.00164997
1.47129 0.00164875
1.4713 0.00164767
1.47131 0.00164673
1.47133 0.00164591
1.47134 0.00164519
1.47135 0.00164456
1.47136 0.00164401
1.47138 0.00164353
1.47139 0.00164311
1.4714 0.00164274
1.47142 0.00163782
1.47144 0.00161976
1.47145 0.00160242
1.47147 0.00158418
1.47151 0.00156823
1.47152 0.00155427
1.47155 0.00154206
1.47161 0.00153137
1.47164 0.00152202
1.47168 0.00151384
1.47172 0.00150667
1.47175 0.00150041
1.4718 0.00149493
1.47185 0.00149013
1.47189 0.00148593
1.47194 0.00148226
1.47198 0.00147905
1.47202 0.00147624
1.47206 0.00147378
1.4721 0.00147162
1.47211 0.00146821
1.47213 0.00146522
1.47218 0.00146414
1.47223 0.00146472
1.47227 0.00146676
1.47231 0.00147008
1.47233 0.00147451
1.47237 0.00147991
1.4724 0.00148617
1.47244 0.00149318
1.47248 0.00150084
1.47255 0.00150908
1.47257 0.00151781
1.47264 0.00152699
1.4727 0.00153654
1.47272 0.00154643
1.47275 0.00155662
1.47277 0.00156706
1.4728 0.00157773
1.47282 0.00158859
1.47284 0.00159963
1.47287 0.00161081
1.47289 0.00162213
1.47292 0.00163356
1.47294 0.0016451
1.47297 0.00165672
1.47299 0.00166842
1.47302 0.00168019
1.47304 0.00169201
1.47306 0.00170389
1.47309 0.00171581
1.4731 0.00172625
1.47311 0.00173538
1.47313 0.00174336
1.47314 0.00175035
1.47315 0.00175647
1.47316 0.00176182
1.47317 0.0017665
1.47319 0.0017706
1.4732 0.00177418
1.47321 0.00177579
1.47322 0.0017772
1.47324 0.00177843
1.47325 0.00177797
1.47326 0.00177451
1.47327 0.00177149
1.47328 0.00176731
1.4733 0.00175754
1.47331 0.00174592
1.47332 0.0017327
1.47333 0.00171808
1.47335 0.00170222
1.47336 0.00168375
1.47337 0.001663
1.47338 0.00164178
1.4734 0.00161863
1.47341 0.00159531
1.47342 0.00157032
1.47343 0.00154539
1.47344 0.00152051
1.47346 0.00149875
1.47348 0.0014797
1.47353 0.00146304
1.47358 0.00144846
1.47362 0.0014357
1.47365 0.00142454
1.47368 0.00141477
1.47371 0.00140622
1.47375 0.00139875
1.47379 0.0013922
1.47382 0.00138648
1.4739 0.00138147
1.47392 0.00137708
1.47398 0.00137325
1.47404 0.00136989
1.47407 0.00136695
1.47409 0.00136438
1.47412 0.00136213
1.47414 0.00136017
1.47417 0.00135845
1.47419 0.00135694
1.47422 0.00135562
1.47424 0.00135447
1.47426 0.00135346
1.47429 0.00135258
1.47431 0.0013518
1.47434 0.00135113
1.47436 0.00135054
1.47439 0.00135002
1.47441 0.00134957
1.47444 0.00134917
1.47445 0.00134882
1.47446 0.00134852
1.47447 0.00134826
1.47448 0.00134802
1.4745 0.00134782
1.47451 0.00134764
1.47452 0.00134749
1.47453 0.00134735
1.47455 0.00134723
1.47456 0.00134713
1.47457 0.00134704
1.47458 0.00134696
1.47459 0.00134689
1.47461 0.00134682
1.47462 0.00134677
1.47463 0.00134672
1.47464 0.00134668
1.47466 0.00134665
1.47467 0.00134662
1.47468 0.00134659
1.47469 0.00134657
1.4747 0.00134654
1.47472 0.00134653
1.47473 0.00134651
1.47474 0.0013465
1.47475 0.00134648
1.47477 0.00134647
1.47478 0.00134646
1.47479 0.00134645
1.4748 0.00134645
1.47483 0.00134644
1.47486 0.00134491
1.47489 0.0013405
1.47491 0.00133512
1.47494 0.00132888
1.47496 0.00132342
1.47499 0.00131711
1.47501 0.00131006
1.47504 0.00130236
1.47506 0.0012941
1.47511 0.0012838
1.47513 0.0012748
1.47517 0.00126386
1.47521 0.00125123
1.47522 0.00123864
1.47524 0.00122763
1.47527 0.001218
1.47529 0.00120957
1.47532 0.00120219
1.47534 0.00119574
1.47537 0.00119009
1.47539 0.00118515
1.47541 0.00118082
1.47544 0.00117704
1.47546 0.00117373
1.47549 0.00117083
1.47551 0.0011683
1.47554 0.00116608
1.47556 0.00116414
1.47559 0.00116244
1.4756 0.00116096
1.47561 0.00115966
1.47562 0.00115852
1.47563 0.00115752
1.47565 0.00115665
1.47566 0.00115589
1.47567 0.00115522
1.47568 0.00115464
1.4757 0.00115413
1.47571 0.00115368
1.47572 0.00115329
1.47573 0.00115295
1.47575 0.00115265
1.47576 0.00115239
1.47577 0.00115216
1.47578 0.00115196
1.47579 0.00115179
1.47581 0.00115163
1.47582 0.0011515
1.47583 0.00115138
1.47584 0.00115128
1.47586 0.00115119
1.47587 0.00115111
1.47588 0.00115104
1.47589 0.00115098
1.4759 0.00115092
1.47592 0.00115088
1.47593 0.00115084
1.47594 0.0011508
1.47595 0.00115077
1.47598 0.00115075
1.47601 0.00115072
1.47604 0.0011507
1.47606 0.00115068
1.47609 0.00115067
1.47611 0.00115065
1.47614 0.00115064
1.47616 0.00115063
1.47619 0.00115062
1.47621 0.00115061
1.47626 0.00115061
1.4763 0.00115213
1.47634 0.00115499
1.47638 0.0011575
1.47639 0.00115969
1.47642 0.00116161
1.47644 0.00116329
1.47647 0.00116476
1.47649 0.00116604
1.47652 0.00116716
1.47654 0.00116815
1.47657 0.00116901
1.47659 0.00116976
1.47661 0.00117042
1.47664 0.001171
1.47666 0.0011715
1.47669 0.00117195
1.47671 0.00117233
1.47674 0.00117267
1.47676 0.00117297
1.47677 0.00117322
1.47679 0.00117345
1.4768 0.00117365
1.47681 0.00117382
1.47682 0.00117397
1.47683 0.00117411
1.47685 0.00117422
1.47686 0.00117432
1.47687 0.00117441
1.47688 0.00117449
1.4769 0.00117456
1.47691 0.00117462
1.47692 0.00117467
1.47693 0.00117472
1.47694 0.00117476
1.47696 0.00117479
1.47697 0.00117482
1.47698 0.00117485
1.47699 0.00117487
1.47701 0.00117489
1.47702 0.00117491
1.47703 0.00117493
1.47704 0.00117494
1.47705 0.00117495
1.47707 0.00117496
1.47708 0.00117497
1.47709 0.00117498
1.4771 0.00117499
1.47712 0.00117499
1.47713 0.001175
1.47715 0.001175
1.47719 0.00117501
1.47721 0.00117501
1.47724 0.00117501
1.47726 0.00117502
1.47729 0.00117502
1.47731 0.00117502
1.47734 0.00117502
1.47736 0.00117502
1.47739 0.00117503
1.47743 0.00117503
1.47747 0.00117503
1.47752 0.00117503
1.47756 0.00117503
1.47757 0.00117503
1.47759 0.00117503
1.47762 0.00117503
1.50133 0.00110771
1.50135 0.00105187
1.50136 0.00100453
1.50139 0.000966177
1.5014 0.000934144
1.50142 0.000906116
1.50144 0.000880061
1.50146 0.000857263
1.50147 0.000835785
1.5015 0.000816991
1.50152 0.000800547
1.50155 0.000786158
1.50157 0.000773568
1.50162 0.000762552
1.50166 0.000752913
1.50171 0.000744478
1.50174 0.000737098
1.50176 0.00073064
1.50178 0.00072499
1.5018 0.000720046
1.50183 0.00071572
1.50185 0.000711935
1.50188 0.000708623
1.5019 0.000705725
1.50193 0.000703189
1.50195 0.00070097
1.50198 0.000699028
1.502 0.000697329
1.50201 0.000695842
1.50204 0.000694541
1.50205 0.000693403
1.50207 0.000692407
1.50209 0.000691536
1.50211 0.000690774
1.50212 0.000690107
1.50215 0.000689523
1.50216 0.000689012
1.50218 0.000688565
1.50221 0.000688174
1.50223 0.000687832
1.50226 0.000687533
1.50231 0.000687271
1.50234 0.000687042
1.50239 0.000686841
1.50243 0.000686665
1.50244 0.000686511
1.50247 0.000686377
1.50249 0.000686259
1.50251 0.000686156
1.50254 0.000686066
1.50256 0.000685987
1.50259 0.000685918
1.50261 0.000685858
1.50264 0.000685805
1.50266 0.000685759
1.50269 0.000685719
1.5027 0.000685684
1.50272 0.000685653
1.50273 0.000685626
1.50276 0.000685602
1.50277 0.000685581
1.5028 0.000685563
1.50281 0.000685547
1.50283 0.000685533
1.50284 0.000685521
1.50287 0.00068551
1.50289 0.000685501
1.50292 0.000685493
1.50294 0.000685486
1.50299 0.00068548
1.50303 0.000685475
1.50308 0.00068547
1.50311 0.000685466
1.50313 0.000685462
1.50315 0.000685459
1.50317 0.000685456
1.5032 0.000685454
1.50322 0.000685452
1.50325 0.00068545
1.50327 0.000685448
1.5033 0.000685447
1.50332 0.000685446
1.50335 0.000685445
1.50337 0.000685444
1.50338 0.000685443
1.50341 0.000685442
1.50342 0.000685441
1.50344 0.00068544
1.79145 0.00068391
1.79148 0.000682571
1.79151 0.000682929
1.79156 0.000683242
1.7916 0.000683516
1.79165 0.000683756
1.79168 0.000683966
1.7917 0.00068415
1.79172 0.000684311
1.79175 0.000684452
1.79177 0.000684575
1.79179 0.000684683
1.79182 0.000684777
1.79184 0.000684859
1.79187 0.000684931
1.79189 0.000684994
1.79192 0.000685049
1.79194 0.000685097
1.79195 0.000685139
1.79198 0.000685176
1.79199 0.000685209
1.79201 0.000685237
1.79203 0.000685262
1.79205 0.000685284
1.79206 0.000685303
1.79209 0.00068532
1.7921 0.000685335
1.79212 0.000685348
1.79214 0.000685359
1.79216 0.000685369
1.7922 0.000685377
1.79225 0.000685384
1.79228 0.000685391
1.79233 0.000685397
1.79237 0.000685402
1.79238 0.000685406
1.79241 0.00068541
1.79243 0.000685413
1.79246 0.000685416
1.79248 0.000685419
1.7925 0.000685421
1.79253 0.000685423
1.79255 0.000685425
1.79258 0.000685426
1.7926 0.000685427
1.79263 0.000685428
1.79264 0.000685429
1.79266 0.00068543
1.79268 0.000685431
1.7927 0.000685432
1.79271 0.000685433
2.00074 0.000689333
2.00077 0.000692746
2.00079 0.000695732
2.00081 0.000698345
2.00084 0.000700631
2.00086 0.000702632
2.00188 0.000742873
2.00252 0.000729573
2.00316 0.000717936
2.00379 0.000707754
2.00443 0.000698844
2.00507 0.000691048
2.0057 0.000684227
2.00634 0.000678258
2.00698 0.000673035
2.00761 0.000668465
2.00825 0.000664466
2.00889 0.000660967
2.00952 0.000657906
2.01016 0.000655227
2.0108 0.000652883
2.01143 0.000650832
2.01207 0.000649038
2.01268 0.000644168
2.0127 0.000643043
2.01273 0.000645194
2.01275 0.000650212
2.01326 0.000641181
2.01328 0.000636339
2.01331 0.000635162
2.01333 0.000637192
2.01335 0.000642029
2.01338 0.000649321
2.0134 0.000658761
2.01343 0.000670081
2.01345 0.000683046
2.01348 0.000697451
2.0135 0.000713115
2.01353 0.000729881
2.01355 0.000747611
2.01357 0.000766185
2.0136 0.000785497
2.01362 0.000805455
2.01365 0.000825979
2.01367 0.000846997
2.0137 0.000868448
2.01372 0.000890278
2.01375 0.000912439
2.01377 0.00093489
2.01379 0.000957594
2.01382 0.00098052
2.01384 0.00100364
2.01387 0.0010238
2.01389 0.00104135
2.01392 0.00105664
2.01393 0.00100565
2.01395 0.000964094
2.01398 0.000927732
2.014 0.000895915
2.01404 0.000869605
2.01406 0.000846584
2.01409 0.000826441
2.01411 0.000808815
2.01414 0.000793393
2.01416 0.000779898
2.01419 0.00076809
2.01421 0.000757758
2.01424 0.000748718
2.01426 0.000740808
2.01428 0.000733887
2.01431 0.000727831
2.01433 0.000722532
2.01436 0.000717895
2.01438 0.000713838
2.01441 0.000710288
2.01443 0.000707182
2.01446 0.000704464
2.01448 0.000702086
2.0145 0.000700005
2.01453 0.000698184
2.01455 0.000696591
2.01458 0.000695197
2.0146 0.000693977
2.01462 0.000692909
2.01464 0.000691975
2.01466 0.000691158
2.01469 0.000690443
2.01473 0.000689817
2.01475 0.000689269
2.01477 0.00068879
2.0148 0.000688371
2.01482 0.000688004
2.01485 0.000687683
2.01487 0.000687402
2.0149 0.000687156
2.01492 0.000686941
2.01495 0.000686753
2.01497 0.000686588
2.01499 0.000686444
2.01502 0.000686318
2.01504 0.000686208
2.01507 0.000686112
2.01509 0.000686028
2.01512 0.000685954
2.01514 0.000685889
2.01517 0.000685832
2.01519 0.000685783
2.01521 0.00068574
2.01524 0.000685702
2.01526 0.000685669
2.01529 0.00068564
2.0153 0.000685615
2.01532 0.000685593
2.01535 0.000685573
2.01537 0.000685556
2.01541 0.000685541
2.01544 0.000685528
2.01546 0.000685517
2.01548 0.000685507
2.01551 0.000685498
2.01553 0.00068549
2.01556 0.000685483
2.01558 0.000685477
2.01561 0.000685472
2.01563 0.000685468
2.01566 0.000685464
2.01568 0.000685461
2.0157 0.000685458
2.01573 0.000685455
2.01575 0.000685453
2.01578 0.000685451
2.0158 0.000685449
2.01583 0.000685447
2.01585 0.000685446
2.01588 0.000685445
2.0159 0.000685444
2.01592 0.000685443
2.01595 0.000685442
2.01597 0.000685441
2.01599 0.00068544
2.10016 0.00068794
2.10018 0.000690127
2.1002 0.000692041
2.10023 0.000693715
2.10025 0.00069518
2.10028 0.000696462
2.1003 0.000697584
2.10032 0.000698566
2.10034 0.000699425
2.10036 0.000700176
2.10039 0.000700834
2.10043 0.000701409
2.10045 0.000701912
2.10047 0.000702353
2.1005 0.000702738
2.10052 0.000703075
2.10055 0.00070337
2.10057 0.000703628
2.1006 0.000703854
2.10062 0.000704052
2.10065 0.000704225
2.10067 0.000704376
2.10074 0.000710323
2.10077 0.00071564
2.10079 0.000720293
2.10082 0.000724364
2.10084 0.000727926
2.10086 0.000731043
2.10089 0.00073127
2.10091 0.000731469
2.10094 0.000734703
2.10096 0.000740593
2.10099 0.000748806
2.10101 0.000759053
2.10104 0.000768019
2.10106 0.000775864
2.10108 0.000772019
2.1011 0.000767124
2.10112 0.000762841
2.10116 0.000759093
2.10118 0.000755814
2.10121 0.000752945
2.10123 0.000750434
2.10126 0.000748237
2.10128 0.000746315
2.1013 0.000744633
2.10133 0.000743161
2.10135 0.000741873
2.10138 0.000740746
2.1014 0.00073976
2.10143 0.000733084
2.10145 0.000727128
2.10148 0.000721917
2.1015 0.000717357
2.10153 0.000713367
2.10155 0.000709876
2.10157 0.000706821
2.1016 0.000704148
2.10162 0.000701809
2.10165 0.000699762
2.10167 0.000697971
2.1017 0.000696404
2.10172 0.000695033
2.10175 0.000693833
2.10177 0.000692783
2.10178 0.000691865
2.10181 0.000691061
2.10184 0.000690358
2.10187 0.000689743
2.10189 0.000689205
2.10192 0.000688734
2.10194 0.000688322
2.10197 0.000687961
2.10199 0.000687645
2.10201 0.000687369
2.10204 0.000687127
2.10206 0.000686916
2.10209 0.000686731
2.10211 0.000686569
2.10214 0.000686427
2.10216 0.000686303
2.10219 0.000686195
2.10221 0.0006861
2.10224 0.000686017
2.10226 0.000685944
2.10228 0.000685881
2.10231 0.000685825
2.10233 0.000685776
2.10236 0.000685734
2.10238 0.000685697
2.10241 0.000685664
2.10243 0.000685636
2.10246 0.000685611
2.10247 0.000685589
2.10249 0.00068557
2.10253 0.000685553
2.10255 0.000685538
2.10258 0.000685525
2.1026 0.000685514
2.10263 0.000685504
2.10265 0.000685496
2.10268 0.000685489
2.1027 0.000685482
2.10272 0.000685476
2.10275 0.000685471
2.10277 0.000685467
2.1028 0.000685463
2.10282 0.00068546
2.10285 0.000685457
2.10287 0.000685454
2.1029 0.000685452
2.10292 0.00068545
2.10295 0.000685448
2.10297 0.000685447
2.10299 0.000685446
2.10302 0.000685445
2.10304 0.000685444
2.10307 0.000685443
2.10309 0.000685442
2.10312 0.000685441
2.10314 0.00068544
2.12421 0.00068391
2.12423 0.000682571
2.12427 0.000682929
2.12429 0.000683242
2.12432 0.000683516
2.12434 0.000683756
2.12437 0.000683966
2.12439 0.00068415
2.1244 0.000684311
2.12443 0.000684452
2.12446 0.000684575
2.12449 0.000684683
2.12451 0.000684777
2.12454 0.000684859
2.12456 0.000684931
2.12459 0.000684994
2.12461 0.000685049
2.12463 0.000685097
2.12466 0.000685139
2.12468 0.000685176
2.12471 0.000685209
2.12473 0.000685237
2.12476 0.000685262
2.12478 0.000685284
2.12481 0.000685303
2.12483 0.00068532
2.12485 0.000685335
2.12488 0.000685348
2.12489 0.000685359
2.12492 0.000685369
2.12495 0.000685377
2.12498 0.000685384
2.125 0.000685391
2.12503 0.000685397
2.12505 0.000685402
2.12508 0.000685406
2.12509 0.00068541
2.12511 0.000685413
2.12515 0.000685416
2.12517 0.000685419
2.1252 0.000685421
2.12522 0.000685423
2.12525 0.000685425
2.12527 0.000685426
2.1253 0.000685427
2.12532 0.000685428
2.12534 0.000685429
2.12537 0.00068543
2.12539 0.000685431
2.12542 0.000685432
2.12544 0.000685433
2.30074 0.000691361
2.30077 0.000696548
2.30079 0.000701087
2.30082 0.000705059
2.30084 0.000708534
2.30086 0.000711575
2.30089 0.000714236
2.30091 0.000716564
2.30094 0.000721661
2.30096 0.000729181
2.30099 0.000738821
2.30101 0.000747256
2.30104 0.000754637
2.30106 0.000751915
2.30108 0.000749533
2.3011 0.000747449
2.30112 0.000745625
2.30116 0.000744029
2.30118 0.000742633
2.30121 0.000741411
2.30123 0.000740342
2.30126 0.000739407
2.30128 0.000738589
2.30129 0.000737873
2.30132 0.000737246
2.30135 0.000736698
2.30138 0.000736218
2.3014 0.000735798
2.30143 0.000729503
2.30145 0.000723995
2.30148 0.000719175
2.3015 0.000714958
2.30153 0.000711268
2.30155 0.000708039
2.30157 0.000705214
2.3016 0.000702742
2.30162 0.000700579
2.30165 0.000698686
2.30167 0.00069703
2.3017 0.000695581
2.30172 0.000694313
2.30175 0.000693203
2.30177 0.000692232
2.30178 0.000691383
2.30181 0.00069064
2.30184 0.00068999
2.30187 0.000689421
2.30189 0.000688923
2.30192 0.000688487
2.30194 0.000688106
2.30197 0.000687772
2.30198 0.00068748
2.302 0.000687225
2.30204 0.000687001
2.30206 0.000686805
2.30209 0.000686634
2.30211 0.000686484
2.30214 0.000686353
2.30216 0.000686238
2.30219 0.000686138
2.30221 0.00068605
2.30224 0.000685973
2.30226 0.000685906
2.30228 0.000685847
2.30231 0.000685796
2.30233 0.000685751
2.30236 0.000685712
2.30238 0.000685678
2.30241 0.000685648
2.30243 0.000685622
2.30246 0.000685599
2.30247 0.000685579
2.30249 0.000685561
2.30253 0.000685545
2.30255 0.000685531
2.30258 0.000685519
2.3026 0.000685509
2.30263 0.0006855
2.30265 0.000685492
2.30266 0.000685485
2.30269 0.000685479
2.30272 0.000685474
2.30275 0.000685469
2.30277 0.000685465
2.3028 0.000685461
2.30282 0.000685458
2.30285 0.000685455
2.30287 0.000685453
2.3029 0.000685451
2.30292 0.000685449
2.30295 0.000685447
2.30297 0.000685446
2.30299 0.000685445
2.30302 0.000685444
2.30304 0.000685443
2.30307 0.000685442
2.30309 0.000685441
2.30312 0.00068544
2.44511 0.00068391
2.44514 0.000682571
2.44517 0.000682929
2.4452 0.000683242
2.44522 0.000683516
2.44524 0.000683756
2.44526 0.000683966
2.4453 0.00068415
2.44532 0.000684311
2.44535 0.000684452
2.44537 0.000684575
2.44539 0.000684683
2.44542 0.000684777
2.44544 0.000684859
2.44547 0.000684931
2.44549 0.000684994
2.44552 0.000685049
2.44554 0.000685097
2.44557 0.000685139
2.44559 0.000685176
2.44561 0.000685209
2.44564 0.000685237
2.44566 0.000685262
2.44569 0.000685284
2.44571 0.000685303
2.44572 0.00068532
2.44575 0.000685335
2.44579 0.000685348
2.4458 0.000685359
2.44582 0.000685369
2.44586 0.000685377
2.44588 0.000685384
2.44591 0.000685391
2.44592 0.000685397
2.44595 0.000685402
2.44598 0.000685406
2.44601 0.00068541
2.44603 0.000685413
2.44606 0.000685416
2.44608 0.000685419
2.4461 0.000685421
2.44613 0.000685423
2.44615 0.000685425
2.44618 0.000685426
2.4462 0.000685427
2.44623 0.000685428
2.44625 0.000685429
2.44628 0.00068543
2.4463 0.000685431
2.44632 0.000685432
2.44635 0.000685433
